Run,Iteration,agent-0,agent-1,agent-2,agent-3,agent-4,agent-5,agent-6,agent-7,agent-8,agent-9,agent-10,agent-11,agent-12,agent-13,agent-14,agent-15,agent-16,agent-17,agent-18,agent-19,agent-20,agent-21,agent-22,agent-23,agent-24,agent-25,agent-26,agent-27,agent-28,agent-29,agent-30,agent-31,agent-32,agent-33,agent-34,agent-35,agent-36,agent-37,agent-38,agent-39,agent-40,agent-41,agent-42,agent-43,agent-44,agent-45,agent-46,agent-47,agent-48,agent-49,agent-50,agent-51,agent-52,agent-53,agent-54,agent-55,agent-56,agent-57,agent-58,agent-59,agent-60,agent-61,agent-62,agent-63,agent-64,agent-65,agent-66,agent-67,agent-68,agent-69,agent-70,agent-71,agent-72,agent-73,agent-74,agent-75,agent-76,agent-77,agent-78,agent-79,agent-80,agent-81,agent-82,agent-83,agent-84,agent-85,agent-86,agent-87,agent-88,agent-89,agent-90,agent-91,agent-92,agent-93,agent-94,agent-95,agent-96,agent-97,agent-98,agent-99
0,0,0.8951966564736398,0.8150446372546681,0.7754587708741263,0.7308396164706201,1.3,0.7284948456868829,0.7187477417284811,1.3,0.7921909394011701,0.7511004157872089,0.7910073433756477,0.710991264003596,0.7325945206040827,0.7354141545750863,0.7464600061181239,0.7344472822276941,0.8242586020205542,0.8938534369497243,0.805419762454434,1.421982528007192,0.8730793923527911,1.421982528007192,0.7768041588098207,0.8816422353928179,1.0501880659048397,0.7717865951503811,0.755154019594141,0.734808252786924,0.8799450806867001,1.109944899606653,0.7537419896894765,0.9188569825108338,0.710991264003596,0.9173617918114169,0.7460311089187506,1.2892575228859584,0.7292644797170471,0.710991264003596,0.8029152712258716,0.7294613508010614,0.8882889540987564,0.7396097636244567,0.7484729407802093,0.8500456873833169,1.260826739470835,1.3,0.710991264003596,1.011264188252127,0.710991264003596,0.8696934512480053,0.7238659317281065,1.1582374429316202,1.421982528007192,0.7893953285989594,0.710991264003596,0.710991264003596,0.7881292230975986,0.710991264003596,0.710991264003596,0.7343334443698197,0.7608111739550397,0.8276864680275191,0.7178167811469671,0.8487970841703724,1.017670970429356,1.3,0.9805917843317798,1.4290211220313767,0.8601658444479353,0.7894647807166989,1.1988886110878898,0.8954524487771721,1.1620618890041063,0.7276177944644486,0.7520374859654635,1.1193528667622052,0.7529638398422043,0.8207174889468731,0.9759169090485754,0.801818027186752,0.9717146832273552,0.7428004145384802,0.7955252764878784,0.710991264003596,0.7298714210158728,1.421982528007192,0.9829681936389612,1.0105348469623008,0.7158603506605695,0.7268742766466344,1.423237106570188,0.9336098059452953,0.7770548014870262,1.421982528007192,1.0033787904282256,0.8707354840809273,0.8961296875908844,0.7163690818752297,0.901301652836845,0.744670963533717
0,1,0.8951966564736398,0.8150446372546681,0.7754587708741263,0.7308396164706201,1.3,0.7284948456868829,0.7187477417284811,1.3,0.7921909394011701,0.7511004157872089,0.7910073433756477,0.710991264003596,0.7325945206040827,0.7354141545750863,0.7464600061181239,0.7344472822276941,0.8242586020205542,0.8938534369497243,0.805419762454434,1.421982528007192,0.8730793923527911,1.421982528007192,0.7768041588098207,0.8816422353928179,1.0501880659048397,0.7717865951503811,0.755154019594141,0.734808252786924,1.482995235600821,1.109944899606653,0.7537419896894765,0.9188569825108338,0.710991264003596,0.9173617918114169,0.7460311089187506,1.2892575228859584,0.7292644797170471,0.710991264003596,0.8029152712258716,0.7294613508010614,0.8882889540987564,0.7396097636244567,0.7484729407802093,0.8500456873833169,1.260826739470835,1.3,0.710991264003596,1.011264188252127,0.710991264003596,0.8696934512480053,0.7238659317281065,1.1582374429316202,1.132832996286906,0.7893953285989594,0.710991264003596,0.710991264003596,0.7881292230975986,0.7169682252267598,1.495320662854009,0.7343334443698197,0.7608111739550397,0.8276864680275191,0.7178167811469671,0.8487970841703724,0.872132294757769,1.3,0.9805917843317798,1.4290211220313767,1.5157992761381478,0.7894647807166989,1.1988886110878898,0.8954524487771721,1.1620618890041063,0.7276177944644486,0.7520374859654635,1.3,0.7593365861238301,1.421982528007192,1.0160128170164282,0.715078966199799,0.9717146832273552,0.904694458725206,0.8126016029116352,0.710991264003596,0.7839427168702442,1.421982528007192,0.9829681936389612,1.0105348469623008,0.7928008149004341,0.761491381913895,0.7650734699871207,0.7868486439895028,1.0050468708755786,1.421982528007192,0.8025062526340176,0.7491184171973697,0.8791584253240808,0.7211390817143775,0.8765911642596425,0.7516515036729076
0,2,0.8951966564736398,0.8150446372546681,0.7754587708741263,0.7308396164706201,1.3,0.7284948456868829,0.7187477417284811,1.3,0.7921909394011701,0.7511004157872089,0.7910073433756477,0.710991264003596,0.7325945206040827,0.7354141545750863,0.7464600061181239,0.7344472822276941,0.8242586020205542,0.8938534369497243,0.805419762454434,1.421982528007192,0.8730793923527911,1.421982528007192,0.7768041588098207,0.8816422353928179,1.0501880659048397,0.7717865951503811,0.755154019594141,0.734808252786924,1.482995235600821,1.109944899606653,0.7537419896894765,0.9188569825108338,0.710991264003596,0.9173617918114169,0.7460311089187506,1.2892575228859584,0.7292644797170471,0.710991264003596,0.8029152712258716,0.7294613508010614,0.8882889540987564,0.7396097636244567,0.7484729407802093,0.8500456873833169,1.260826739470835,1.3,0.710991264003596,1.011264188252127,0.710991264003596,1.5117159721887083,0.7238659317281065,1.1582374429316202,1.132832996286906,0.7893953285989594,0.710991264003596,0.710991264003596,0.7881292230975986,0.7169682252267598,1.495320662854009,0.7343334443698197,0.7608111739550397,0.8276864680275191,0.7178167811469671,0.8487970841703724,0.872132294757769,1.3,0.9805917843317798,1.4290211220313767,1.5157992761381478,0.7894647807166989,1.1988886110878898,0.8954524487771721,1.1620618890041063,0.7276177944644486,0.7520374859654635,1.5692828141549224,0.7593365861238301,1.421982528007192,1.0160128170164282,0.715078966199799,0.9717146832273552,0.904694458725206,0.8126016029116352,0.710991264003596,0.7839427168702442,1.421982528007192,0.9829681936389612,0.8503303695961433,0.7949288382463432,0.761491381913895,0.7650734699871207,0.7868486439895028,1.0050468708755786,1.421982528007192,0.7580901879570859,0.7491184171973697,0.8791584253240808,0.7226172233153527,0.8765911642596425,0.7454586280247923
0,3,0.8951966564736398,0.8150446372546681,0.7754587708741263,0.7308396164706201,1.3,0.7284948456868829,0.7187477417284811,1.3,0.7921909394011701,0.7511004157872089,0.7910073433756477,0.710991264003596,0.7325945206040827,0.7354141545750863,0.7464600061181239,0.7344472822276941,0.8242586020205542,0.8938534369497243,0.805419762454434,1.421982528007192,0.8730793923527911,1.421982528007192,0.7768041588098207,0.8816422353928179,1.0501880659048397,0.7717865951503811,0.755154019594141,0.734808252786924,1.482995235600821,1.109944899606653,0.7537419896894765,0.9188569825108338,0.710991264003596,0.9173617918114169,0.7460311089187506,1.2892575228859584,0.7292644797170471,0.710991264003596,0.8029152712258716,0.7294613508010614,0.8882889540987564,0.7396097636244567,0.7484729407802093,0.8500456873833169,1.260826739470835,1.3,0.710991264003596,1.011264188252127,0.710991264003596,1.5117159721887083,0.7238659317281065,1.1582374429316202,1.132832996286906,0.7893953285989594,0.710991264003596,0.710991264003596,0.7881292230975986,0.7169682252267598,1.495320662854009,0.7343334443698197,0.7608111739550397,0.8276864680275191,0.7178167811469671,0.8487970841703724,0.872132294757769,1.3,0.9805917843317798,1.4290211220313767,1.5157992761381478,0.7894647807166989,1.1988886110878898,0.8954524487771721,1.1620618890041063,0.7276177944644486,0.7520374859654635,1.5692828141549224,0.7593365861238301,1.421982528007192,1.0160128170164282,0.715078966199799,0.9717146832273552,0.904694458725206,0.8126016029116352,0.710991264003596,0.7839427168702442,1.421982528007192,0.9829681936389612,0.8503303695961433,0.7949288382463432,0.761491381913895,0.7650734699871207,0.7868486439895028,1.0050468708755786,1.421982528007192,0.7580901879570859,0.7491184171973697,0.8791584253240808,0.7226172233153527,0.8765911642596425,0.7454586280247923
0,4,0.8951966564736398,0.8150446372546681,0.7754587708741263,0.7308396164706201,1.3,0.7284948456868829,0.7187477417284811,1.3,0.7921909394011701,0.7511004157872089,0.7910073433756477,0.710991264003596,0.7325945206040827,0.7354141545750863,0.7464600061181239,0.7344472822276941,0.8242586020205542,0.8938534369497243,0.805419762454434,1.421982528007192,0.8730793923527911,1.421982528007192,0.7768041588098207,0.8816422353928179,1.0501880659048397,0.7717865951503811,0.755154019594141,0.734808252786924,1.482995235600821,1.109944899606653,0.7537419896894765,0.9188569825108338,0.710991264003596,0.9173617918114169,0.7460311089187506,1.2892575228859584,0.7292644797170471,0.710991264003596,0.8029152712258716,0.7294613508010614,0.8882889540987564,0.7396097636244567,0.7484729407802093,0.8500456873833169,1.260826739470835,1.3,0.710991264003596,1.011264188252127,0.710991264003596,1.5117159721887083,0.7238659317281065,1.1582374429316202,1.132832996286906,0.7893953285989594,0.710991264003596,0.710991264003596,0.7881292230975986,0.7169682252267598,1.495320662854009,0.7343334443698197,0.7608111739550397,0.8276864680275191,0.7178167811469671,0.8487970841703724,0.872132294757769,1.3,0.9805917843317798,1.4290211220313767,1.5157992761381478,0.7894647807166989,1.1988886110878898,0.8954524487771721,1.1620618890041063,0.7276177944644486,0.7520374859654635,1.5692828141549224,0.7593365861238301,1.421982528007192,1.0160128170164282,0.715078966199799,0.9717146832273552,0.904694458725206,0.8126016029116352,0.710991264003596,0.7839427168702442,1.421982528007192,0.9829681936389612,0.8503303695961433,0.7949288382463432,0.761491381913895,0.7650734699871207,0.7868486439895028,1.0050468708755786,1.421982528007192,0.7580901879570859,0.7491184171973697,0.8791584253240808,0.7226172233153527,0.8765911642596425,0.7454586280247923
0,5,0.8951966564736398,0.8150446372546681,0.7754587708741263,0.7308396164706201,1.3,0.7284948456868829,0.7187477417284811,1.3,0.7921909394011701,0.7511004157872089,0.7910073433756477,0.710991264003596,0.7325945206040827,0.7354141545750863,0.7464600061181239,0.7344472822276941,0.8242586020205542,0.8938534369497243,0.805419762454434,1.421982528007192,0.8730793923527911,1.421982528007192,0.7768041588098207,0.8816422353928179,1.0501880659048397,0.7717865951503811,0.755154019594141,0.734808252786924,1.482995235600821,1.109944899606653,0.7537419896894765,0.9188569825108338,0.710991264003596,0.9173617918114169,0.7460311089187506,1.2892575228859584,0.7292644797170471,0.710991264003596,0.8029152712258716,0.7294613508010614,0.8882889540987564,0.7396097636244567,0.7484729407802093,0.8500456873833169,1.260826739470835,1.3,0.710991264003596,1.011264188252127,0.710991264003596,1.5117159721887083,0.7238659317281065,1.1582374429316202,1.132832996286906,0.7893953285989594,0.710991264003596,0.710991264003596,0.7881292230975986,0.7169682252267598,1.495320662854009,0.7343334443698197,0.7608111739550397,0.8276864680275191,0.7178167811469671,0.8487970841703724,0.872132294757769,1.3,0.9805917843317798,1.4290211220313767,1.5157992761381478,0.7894647807166989,1.1988886110878898,0.8954524487771721,1.1620618890041063,0.7276177944644486,0.7520374859654635,1.5692828141549224,0.7593365861238301,1.421982528007192,1.0160128170164282,0.715078966199799,0.9717146832273552,0.904694458725206,0.8126016029116352,0.710991264003596,0.7839427168702442,1.421982528007192,0.9829681936389612,0.8503303695961433,0.7949288382463432,0.761491381913895,0.7650734699871207,0.7868486439895028,1.0050468708755786,1.421982528007192,0.7580901879570859,0.7491184171973697,0.8791584253240808,0.7226172233153527,0.8765911642596425,0.7454586280247923
0,6,0.8951966564736398,0.8150446372546681,0.7754587708741263,0.7308396164706201,1.3,0.7284948456868829,0.7187477417284811,1.3,0.7921909394011701,0.7511004157872089,0.7910073433756477,0.710991264003596,0.7325945206040827,0.7354141545750863,0.7464600061181239,0.7344472822276941,0.8242586020205542,0.8938534369497243,0.805419762454434,1.421982528007192,0.8730793923527911,1.421982528007192,0.7768041588098207,0.8816422353928179,1.0501880659048397,0.7717865951503811,0.755154019594141,0.734808252786924,1.482995235600821,1.109944899606653,0.7537419896894765,0.9188569825108338,0.710991264003596,0.9173617918114169,0.7460311089187506,1.2892575228859584,0.7292644797170471,0.710991264003596,0.8029152712258716,0.7294613508010614,0.8882889540987564,0.7396097636244567,0.7484729407802093,0.8500456873833169,1.260826739470835,1.3,0.710991264003596,1.011264188252127,0.710991264003596,1.5117159721887083,0.7238659317281065,1.1582374429316202,1.132832996286906,0.7893953285989594,0.710991264003596,0.710991264003596,0.7881292230975986,0.7169682252267598,1.495320662854009,0.7343334443698197,0.7608111739550397,0.8276864680275191,0.7178167811469671,0.8487970841703724,0.872132294757769,1.3,0.9805917843317798,1.4290211220313767,1.5157992761381478,0.7894647807166989,1.1988886110878898,0.8954524487771721,1.1620618890041063,0.7276177944644486,0.7520374859654635,1.5692828141549224,0.7593365861238301,1.421982528007192,1.0160128170164282,0.715078966199799,0.9717146832273552,0.904694458725206,0.8126016029116352,0.710991264003596,0.7839427168702442,1.421982528007192,0.9829681936389612,0.8503303695961433,0.7949288382463432,0.761491381913895,0.7650734699871207,0.7868486439895028,1.0050468708755786,1.421982528007192,0.7580901879570859,0.7491184171973697,0.8791584253240808,0.7226172233153527,0.8765911642596425,0.7454586280247923
0,7,0.8951966564736398,0.8150446372546681,0.7754587708741263,0.7308396164706201,1.3,0.7284948456868829,0.7187477417284811,1.3,0.7921909394011701,0.7511004157872089,0.7910073433756477,0.710991264003596,0.7325945206040827,0.7354141545750863,0.7464600061181239,0.7344472822276941,0.8242586020205542,0.8938534369497243,0.805419762454434,1.421982528007192,0.8730793923527911,1.421982528007192,0.7768041588098207,0.8816422353928179,1.0501880659048397,0.7717865951503811,0.755154019594141,0.734808252786924,1.482995235600821,1.109944899606653,0.7537419896894765,0.9188569825108338,0.710991264003596,0.9173617918114169,0.7460311089187506,1.2892575228859584,0.7292644797170471,0.710991264003596,0.8029152712258716,0.7294613508010614,0.8882889540987564,0.7396097636244567,0.7484729407802093,0.8500456873833169,1.260826739470835,1.3,0.710991264003596,1.011264188252127,0.710991264003596,1.5117159721887083,0.7238659317281065,1.1582374429316202,1.132832996286906,0.7893953285989594,0.710991264003596,0.710991264003596,0.7881292230975986,0.7169682252267598,1.495320662854009,0.7343334443698197,0.7608111739550397,0.8276864680275191,0.7178167811469671,0.8487970841703724,0.872132294757769,1.3,0.9805917843317798,1.4290211220313767,1.5157992761381478,0.7894647807166989,1.1988886110878898,0.8954524487771721,1.1620618890041063,0.7276177944644486,0.7520374859654635,1.5692828141549224,0.7593365861238301,1.421982528007192,1.0160128170164282,0.715078966199799,0.9717146832273552,0.904694458725206,0.8126016029116352,0.710991264003596,0.7839427168702442,1.421982528007192,0.9829681936389612,0.8503303695961433,0.7949288382463432,0.761491381913895,0.7650734699871207,0.7868486439895028,1.0050468708755786,1.421982528007192,0.7580901879570859,0.7491184171973697,0.8791584253240808,0.7226172233153527,0.8765911642596425,0.7454586280247923
0,8,0.8951966564736398,0.8150446372546681,0.7754587708741263,0.7308396164706201,1.3,0.7284948456868829,0.7187477417284811,1.3,0.7921909394011701,0.7511004157872089,0.7910073433756477,0.710991264003596,0.7325945206040827,0.7354141545750863,0.7464600061181239,0.7344472822276941,0.8242586020205542,0.8938534369497243,0.805419762454434,1.421982528007192,0.8730793923527911,1.421982528007192,0.7768041588098207,0.8816422353928179,1.0501880659048397,0.7717865951503811,0.755154019594141,0.734808252786924,1.482995235600821,1.109944899606653,0.7537419896894765,0.9188569825108338,0.710991264003596,0.9173617918114169,0.7460311089187506,1.2892575228859584,0.7292644797170471,0.710991264003596,0.8029152712258716,0.7294613508010614,0.8882889540987564,0.7396097636244567,0.7484729407802093,0.8500456873833169,1.260826739470835,1.3,0.710991264003596,1.011264188252127,0.710991264003596,1.5117159721887083,0.7238659317281065,1.1582374429316202,1.132832996286906,0.7893953285989594,0.710991264003596,0.710991264003596,0.7881292230975986,0.7169682252267598,1.495320662854009,0.7343334443698197,0.7608111739550397,0.8276864680275191,0.7178167811469671,0.8487970841703724,0.872132294757769,1.3,0.9805917843317798,1.4290211220313767,1.5157992761381478,0.7894647807166989,1.1988886110878898,0.8954524487771721,1.1620618890041063,0.7276177944644486,0.7520374859654635,1.5692828141549224,0.7593365861238301,1.421982528007192,1.0160128170164282,0.715078966199799,0.9717146832273552,0.904694458725206,0.8126016029116352,0.710991264003596,0.7839427168702442,1.421982528007192,0.9829681936389612,0.8503303695961433,0.7949288382463432,0.761491381913895,0.7650734699871207,0.7868486439895028,1.0050468708755786,1.421982528007192,0.7580901879570859,0.7491184171973697,0.8791584253240808,0.7226172233153527,0.8765911642596425,0.7454586280247923
0,9,0.8951966564736398,0.8150446372546681,0.7754587708741263,0.7308396164706201,1.3,0.7284948456868829,0.7187477417284811,1.3,0.7921909394011701,0.7511004157872089,0.7910073433756477,0.710991264003596,0.7325945206040827,0.7354141545750863,0.7464600061181239,0.7344472822276941,0.8242586020205542,0.8938534369497243,0.805419762454434,1.421982528007192,0.8730793923527911,1.421982528007192,0.7768041588098207,0.8816422353928179,1.0501880659048397,0.7717865951503811,0.755154019594141,0.734808252786924,1.482995235600821,1.109944899606653,0.7537419896894765,0.9188569825108338,0.710991264003596,0.9173617918114169,0.7460311089187506,1.2892575228859584,0.7292644797170471,0.710991264003596,0.8029152712258716,0.7294613508010614,0.8882889540987564,0.7396097636244567,0.7484729407802093,0.8500456873833169,1.260826739470835,1.3,0.710991264003596,1.011264188252127,0.710991264003596,1.5117159721887083,0.7238659317281065,1.1582374429316202,1.132832996286906,0.7893953285989594,0.710991264003596,0.710991264003596,0.7881292230975986,0.7169682252267598,1.495320662854009,0.7343334443698197,0.7608111739550397,0.8276864680275191,0.7178167811469671,0.8487970841703724,0.872132294757769,1.3,0.9805917843317798,1.4290211220313767,1.5157992761381478,0.7894647807166989,1.1988886110878898,0.8954524487771721,1.1620618890041063,0.7276177944644486,0.7520374859654635,1.5692828141549224,0.7593365861238301,1.421982528007192,1.0160128170164282,0.715078966199799,0.9717146832273552,0.904694458725206,0.8126016029116352,0.710991264003596,0.7839427168702442,1.421982528007192,0.9829681936389612,0.8503303695961433,0.7949288382463432,0.761491381913895,0.7650734699871207,0.7868486439895028,1.0050468708755786,1.421982528007192,0.7580901879570859,0.7491184171973697,0.8791584253240808,0.7226172233153527,0.8765911642596425,0.7454586280247923
0,10,0.8951966564736398,0.8150446372546681,0.7754587708741263,0.7308396164706201,1.3,0.7284948456868829,0.7187477417284811,1.3,0.7921909394011701,0.7511004157872089,0.7910073433756477,0.710991264003596,0.7325945206040827,0.7354141545750863,0.7464600061181239,0.7344472822276941,0.8242586020205542,0.8938534369497243,0.805419762454434,1.421982528007192,0.8730793923527911,1.421982528007192,0.7768041588098207,0.8816422353928179,1.0501880659048397,0.7717865951503811,0.755154019594141,0.734808252786924,1.482995235600821,1.109944899606653,0.7537419896894765,0.9188569825108338,0.710991264003596,0.9173617918114169,0.7460311089187506,1.2892575228859584,0.7292644797170471,0.710991264003596,0.8029152712258716,0.7294613508010614,0.8882889540987564,0.7396097636244567,0.7484729407802093,0.8500456873833169,1.260826739470835,1.3,0.710991264003596,1.011264188252127,0.710991264003596,1.5117159721887083,0.7238659317281065,1.1582374429316202,1.132832996286906,0.7893953285989594,0.710991264003596,0.710991264003596,0.7881292230975986,0.7169682252267598,1.495320662854009,0.7343334443698197,0.7608111739550397,0.8276864680275191,0.7178167811469671,0.8487970841703724,0.872132294757769,1.3,0.9805917843317798,1.4290211220313767,1.5157992761381478,0.7894647807166989,1.1988886110878898,0.8954524487771721,1.1620618890041063,0.7276177944644486,0.7520374859654635,1.5692828141549224,0.7593365861238301,1.421982528007192,1.0160128170164282,0.715078966199799,0.9717146832273552,0.904694458725206,0.8126016029116352,0.710991264003596,0.7839427168702442,1.421982528007192,0.9829681936389612,0.8503303695961433,0.7949288382463432,0.761491381913895,0.7650734699871207,0.7868486439895028,1.0050468708755786,1.421982528007192,0.7580901879570859,0.7491184171973697,0.8791584253240808,0.7226172233153527,0.8765911642596425,0.7454586280247923
0,11,0.8951966564736398,0.8150446372546681,0.7754587708741263,0.7308396164706201,1.3,0.7284948456868829,0.7187477417284811,1.3,0.7921909394011701,0.7511004157872089,0.7910073433756477,0.710991264003596,0.7325945206040827,0.7354141545750863,0.7464600061181239,0.7344472822276941,0.8242586020205542,0.8938534369497243,0.805419762454434,1.421982528007192,0.8730793923527911,1.421982528007192,0.7768041588098207,0.8816422353928179,1.0501880659048397,0.7717865951503811,0.755154019594141,0.734808252786924,1.482995235600821,1.109944899606653,0.7537419896894765,0.9188569825108338,0.710991264003596,0.9173617918114169,0.7460311089187506,1.2892575228859584,0.7292644797170471,0.710991264003596,0.8029152712258716,0.7294613508010614,0.8882889540987564,0.7396097636244567,0.7484729407802093,0.8500456873833169,1.260826739470835,1.3,0.710991264003596,1.011264188252127,0.710991264003596,1.5117159721887083,0.7238659317281065,1.1582374429316202,1.132832996286906,0.7893953285989594,0.710991264003596,0.710991264003596,0.7881292230975986,0.7169682252267598,1.495320662854009,0.7343334443698197,0.7608111739550397,0.8276864680275191,0.7178167811469671,0.8487970841703724,0.872132294757769,1.3,0.9805917843317798,1.4290211220313767,1.5157992761381478,0.7894647807166989,1.1988886110878898,0.8954524487771721,1.1620618890041063,0.7276177944644486,0.7520374859654635,1.5692828141549224,0.7593365861238301,1.421982528007192,1.0160128170164282,0.715078966199799,0.9717146832273552,0.904694458725206,0.8126016029116352,0.710991264003596,0.7839427168702442,1.421982528007192,0.9829681936389612,0.8503303695961433,0.7949288382463432,0.761491381913895,0.7650734699871207,0.7868486439895028,1.0050468708755786,1.421982528007192,0.7580901879570859,0.7491184171973697,0.8791584253240808,0.7226172233153527,0.8765911642596425,0.7454586280247923
0,12,0.8951966564736398,0.8150446372546681,0.7754587708741263,0.7308396164706201,1.3,0.7284948456868829,0.7187477417284811,1.3,0.7921909394011701,0.7511004157872089,0.7910073433756477,0.710991264003596,0.7325945206040827,0.7354141545750863,0.7464600061181239,0.7344472822276941,0.8242586020205542,0.8938534369497243,0.805419762454434,1.421982528007192,0.8730793923527911,1.421982528007192,0.7768041588098207,0.8816422353928179,1.0501880659048397,0.7717865951503811,0.755154019594141,0.734808252786924,1.482995235600821,1.109944899606653,0.7537419896894765,0.9188569825108338,0.710991264003596,0.9173617918114169,0.7460311089187506,1.2892575228859584,0.7292644797170471,0.710991264003596,0.8029152712258716,0.7294613508010614,0.8882889540987564,0.7396097636244567,0.7484729407802093,0.8500456873833169,1.260826739470835,1.3,0.710991264003596,1.011264188252127,0.710991264003596,1.5117159721887083,0.7238659317281065,1.1582374429316202,1.132832996286906,0.7893953285989594,0.710991264003596,0.710991264003596,0.7881292230975986,0.7169682252267598,1.495320662854009,0.7343334443698197,0.7608111739550397,0.8276864680275191,0.7178167811469671,0.8487970841703724,0.872132294757769,1.3,0.9805917843317798,1.4290211220313767,1.5157992761381478,0.7894647807166989,1.1988886110878898,0.8954524487771721,1.1620618890041063,0.7276177944644486,0.7520374859654635,1.5692828141549224,0.7593365861238301,1.421982528007192,1.0160128170164282,0.715078966199799,0.9717146832273552,0.904694458725206,0.8126016029116352,0.710991264003596,0.7839427168702442,1.421982528007192,0.9829681936389612,0.8503303695961433,0.7949288382463432,0.761491381913895,0.7650734699871207,0.7868486439895028,1.0050468708755786,1.421982528007192,0.7580901879570859,0.7491184171973697,0.8791584253240808,0.7226172233153527,0.8765911642596425,0.7454586280247923
0,13,0.8951966564736398,0.8150446372546681,0.7754587708741263,0.7308396164706201,1.3,0.7284948456868829,0.7187477417284811,1.3,0.7921909394011701,0.7511004157872089,0.7910073433756477,0.710991264003596,0.7325945206040827,0.7354141545750863,0.7464600061181239,0.7344472822276941,0.8242586020205542,0.8938534369497243,0.805419762454434,1.421982528007192,0.8730793923527911,1.421982528007192,0.7768041588098207,0.8816422353928179,1.0501880659048397,0.7717865951503811,0.755154019594141,0.734808252786924,1.482995235600821,1.109944899606653,0.7537419896894765,0.9188569825108338,0.710991264003596,0.9173617918114169,0.7460311089187506,1.2892575228859584,0.7292644797170471,0.710991264003596,0.8029152712258716,0.7294613508010614,0.8882889540987564,0.7396097636244567,0.7484729407802093,0.8500456873833169,1.260826739470835,1.3,0.710991264003596,1.011264188252127,0.710991264003596,1.5117159721887083,0.7238659317281065,1.1582374429316202,1.132832996286906,0.7893953285989594,0.710991264003596,0.710991264003596,0.7881292230975986,0.7169682252267598,1.495320662854009,0.7343334443698197,0.7608111739550397,0.8276864680275191,0.7178167811469671,0.8487970841703724,0.872132294757769,1.3,0.9805917843317798,1.4290211220313767,1.5157992761381478,0.7894647807166989,1.1988886110878898,0.8954524487771721,1.1620618890041063,0.7276177944644486,0.7520374859654635,1.5692828141549224,0.7593365861238301,1.421982528007192,1.0160128170164282,0.715078966199799,0.9717146832273552,0.904694458725206,0.8126016029116352,0.710991264003596,0.7839427168702442,1.421982528007192,0.9829681936389612,0.8503303695961433,0.7949288382463432,0.761491381913895,0.7650734699871207,0.7868486439895028,1.0050468708755786,1.421982528007192,0.7580901879570859,0.7491184171973697,0.8791584253240808,0.7226172233153527,0.8765911642596425,0.7454586280247923
0,14,0.8951966564736398,0.8150446372546681,0.7754587708741263,0.7308396164706201,1.3,0.7284948456868829,0.7187477417284811,1.3,0.7921909394011701,0.7511004157872089,0.7910073433756477,0.710991264003596,0.7325945206040827,0.7354141545750863,0.7464600061181239,0.7344472822276941,0.8242586020205542,0.8938534369497243,0.805419762454434,1.421982528007192,0.8730793923527911,1.421982528007192,0.7768041588098207,0.8816422353928179,1.0501880659048397,0.7717865951503811,0.755154019594141,0.734808252786924,1.482995235600821,1.109944899606653,0.7537419896894765,0.9188569825108338,0.710991264003596,0.9173617918114169,0.7460311089187506,1.2892575228859584,0.7292644797170471,0.710991264003596,0.8029152712258716,0.7294613508010614,0.8882889540987564,0.7396097636244567,0.7484729407802093,0.8500456873833169,1.260826739470835,1.3,0.710991264003596,1.011264188252127,0.710991264003596,1.5117159721887083,0.7238659317281065,1.1582374429316202,1.132832996286906,0.7893953285989594,0.710991264003596,0.710991264003596,0.7881292230975986,0.7169682252267598,1.495320662854009,0.7343334443698197,0.7608111739550397,0.8276864680275191,0.7178167811469671,0.8487970841703724,0.872132294757769,1.3,0.9805917843317798,1.4290211220313767,1.5157992761381478,0.7894647807166989,1.1988886110878898,0.8954524487771721,1.1620618890041063,0.7276177944644486,0.7520374859654635,1.5692828141549224,0.7593365861238301,1.421982528007192,1.0160128170164282,0.715078966199799,0.9717146832273552,0.904694458725206,0.8126016029116352,0.710991264003596,0.7839427168702442,1.421982528007192,0.9829681936389612,0.8503303695961433,0.7949288382463432,0.761491381913895,0.7650734699871207,0.7868486439895028,1.0050468708755786,1.421982528007192,0.7580901879570859,0.7491184171973697,0.8791584253240808,0.7226172233153527,0.8765911642596425,0.7454586280247923
0,15,0.8951966564736398,0.8150446372546681,0.7754587708741263,0.7308396164706201,1.3,0.7284948456868829,0.7187477417284811,1.3,0.7921909394011701,0.7511004157872089,0.7910073433756477,0.710991264003596,0.7325945206040827,0.7354141545750863,0.7464600061181239,0.7344472822276941,0.8242586020205542,0.8938534369497243,0.805419762454434,1.421982528007192,0.8730793923527911,1.421982528007192,0.7768041588098207,0.8816422353928179,1.0501880659048397,0.7717865951503811,0.755154019594141,0.734808252786924,1.482995235600821,1.109944899606653,0.7537419896894765,0.9188569825108338,0.710991264003596,0.9173617918114169,0.7460311089187506,1.2892575228859584,0.7292644797170471,0.710991264003596,0.8029152712258716,0.7294613508010614,0.8882889540987564,0.7396097636244567,0.7484729407802093,0.8500456873833169,1.260826739470835,1.3,0.710991264003596,1.011264188252127,0.710991264003596,1.5117159721887083,0.7238659317281065,1.1582374429316202,1.132832996286906,0.7893953285989594,0.710991264003596,0.710991264003596,0.7881292230975986,0.7169682252267598,1.495320662854009,0.7343334443698197,0.7608111739550397,0.8276864680275191,0.7178167811469671,0.8487970841703724,0.872132294757769,1.3,0.9805917843317798,1.4290211220313767,1.5157992761381478,0.7894647807166989,1.1988886110878898,0.8954524487771721,1.1620618890041063,0.7276177944644486,0.7520374859654635,1.5692828141549224,0.7593365861238301,1.421982528007192,1.0160128170164282,0.715078966199799,0.9717146832273552,0.904694458725206,0.8126016029116352,0.710991264003596,0.7839427168702442,1.421982528007192,0.9829681936389612,0.8503303695961433,0.7949288382463432,0.761491381913895,0.7650734699871207,0.7868486439895028,1.0050468708755786,1.421982528007192,0.7580901879570859,0.7491184171973697,0.8791584253240808,0.7226172233153527,0.8765911642596425,0.7454586280247923
0,16,0.8951966564736398,0.8150446372546681,0.7754587708741263,0.7308396164706201,1.3,0.7284948456868829,0.7187477417284811,1.3,0.7921909394011701,0.7511004157872089,0.7910073433756477,0.710991264003596,0.7325945206040827,0.7354141545750863,0.7464600061181239,0.7344472822276941,0.8242586020205542,0.8938534369497243,0.805419762454434,1.421982528007192,0.8730793923527911,1.421982528007192,0.7768041588098207,0.8816422353928179,1.0501880659048397,0.7717865951503811,0.755154019594141,0.734808252786924,1.482995235600821,1.109944899606653,0.7537419896894765,0.9188569825108338,0.710991264003596,0.9173617918114169,0.7460311089187506,1.2892575228859584,0.7292644797170471,0.710991264003596,0.8029152712258716,0.7294613508010614,0.8882889540987564,0.7396097636244567,0.7484729407802093,0.8500456873833169,1.260826739470835,1.3,0.710991264003596,1.011264188252127,0.710991264003596,1.5117159721887083,0.7238659317281065,1.1582374429316202,1.132832996286906,0.7893953285989594,0.710991264003596,0.710991264003596,0.7881292230975986,0.7169682252267598,1.495320662854009,0.7343334443698197,0.7608111739550397,0.8276864680275191,0.7178167811469671,0.8487970841703724,0.872132294757769,1.3,0.9805917843317798,1.4290211220313767,1.5157992761381478,0.7894647807166989,1.1988886110878898,0.8954524487771721,1.1620618890041063,0.7276177944644486,0.7520374859654635,1.5692828141549224,0.7593365861238301,1.421982528007192,1.0160128170164282,0.715078966199799,0.9717146832273552,0.904694458725206,0.8126016029116352,0.710991264003596,0.7839427168702442,1.421982528007192,0.9829681936389612,0.8503303695961433,0.7949288382463432,0.761491381913895,0.7650734699871207,0.7868486439895028,1.0050468708755786,1.421982528007192,0.7580901879570859,0.7491184171973697,0.8791584253240808,0.7226172233153527,0.8765911642596425,0.7454586280247923
0,17,0.8951966564736398,0.8150446372546681,0.7754587708741263,0.7308396164706201,1.3,0.7284948456868829,0.7187477417284811,1.3,0.7921909394011701,0.7511004157872089,0.7910073433756477,0.710991264003596,0.7325945206040827,0.7354141545750863,0.7464600061181239,0.7344472822276941,0.8242586020205542,0.8938534369497243,0.805419762454434,1.421982528007192,0.8730793923527911,1.421982528007192,0.7768041588098207,0.8816422353928179,1.0501880659048397,0.7717865951503811,0.755154019594141,0.734808252786924,1.482995235600821,1.109944899606653,0.7537419896894765,0.9188569825108338,0.710991264003596,0.9173617918114169,0.7460311089187506,1.2892575228859584,0.7292644797170471,0.710991264003596,0.8029152712258716,0.7294613508010614,0.8882889540987564,0.7396097636244567,0.7484729407802093,0.8500456873833169,1.260826739470835,1.3,0.710991264003596,1.011264188252127,0.710991264003596,1.5117159721887083,0.7238659317281065,1.1582374429316202,1.132832996286906,0.7893953285989594,0.710991264003596,0.710991264003596,0.7881292230975986,0.7169682252267598,1.495320662854009,0.7343334443698197,0.7608111739550397,0.8276864680275191,0.7178167811469671,0.8487970841703724,0.872132294757769,1.3,0.9805917843317798,1.4290211220313767,1.5157992761381478,0.7894647807166989,1.1988886110878898,0.8954524487771721,1.1620618890041063,0.7276177944644486,0.7520374859654635,1.5692828141549224,0.7593365861238301,1.421982528007192,1.0160128170164282,0.715078966199799,0.9717146832273552,0.904694458725206,0.8126016029116352,0.710991264003596,0.7839427168702442,1.421982528007192,0.9829681936389612,0.8503303695961433,0.7949288382463432,0.761491381913895,0.7650734699871207,0.7868486439895028,1.0050468708755786,1.421982528007192,0.7580901879570859,0.7491184171973697,0.8791584253240808,0.7226172233153527,0.8765911642596425,0.7454586280247923
0,18,0.8951966564736398,0.8150446372546681,0.7754587708741263,0.7308396164706201,1.3,0.7284948456868829,0.7187477417284811,1.3,0.7921909394011701,0.7511004157872089,0.7910073433756477,0.710991264003596,0.7325945206040827,0.7354141545750863,0.7464600061181239,0.7344472822276941,0.8242586020205542,0.8938534369497243,0.805419762454434,1.421982528007192,0.8730793923527911,1.421982528007192,0.7768041588098207,0.8816422353928179,1.0501880659048397,0.7717865951503811,0.755154019594141,0.734808252786924,1.482995235600821,1.109944899606653,0.7537419896894765,0.9188569825108338,0.710991264003596,0.9173617918114169,0.7460311089187506,1.2892575228859584,0.7292644797170471,0.710991264003596,0.8029152712258716,0.7294613508010614,0.8882889540987564,0.7396097636244567,0.7484729407802093,0.8500456873833169,1.260826739470835,1.3,0.710991264003596,1.011264188252127,0.710991264003596,1.5117159721887083,0.7238659317281065,1.1582374429316202,1.132832996286906,0.7893953285989594,0.710991264003596,0.710991264003596,0.7881292230975986,0.7169682252267598,1.495320662854009,0.7343334443698197,0.7608111739550397,0.8276864680275191,0.7178167811469671,0.8487970841703724,0.872132294757769,1.3,0.9805917843317798,1.4290211220313767,1.5157992761381478,0.7894647807166989,1.1988886110878898,0.8954524487771721,1.1620618890041063,0.7276177944644486,0.7520374859654635,1.5692828141549224,0.7593365861238301,1.421982528007192,1.0160128170164282,0.715078966199799,0.9717146832273552,0.904694458725206,0.8126016029116352,0.710991264003596,0.7839427168702442,1.421982528007192,0.9829681936389612,0.8503303695961433,0.7949288382463432,0.761491381913895,0.7650734699871207,0.7868486439895028,1.0050468708755786,1.421982528007192,0.7580901879570859,0.7491184171973697,0.8791584253240808,0.7226172233153527,0.8765911642596425,0.7454586280247923
0,19,0.8951966564736398,0.8150446372546681,0.7754587708741263,0.7308396164706201,1.3,0.7284948456868829,0.7187477417284811,1.3,0.7921909394011701,0.7511004157872089,0.7910073433756477,0.710991264003596,0.7325945206040827,0.7354141545750863,0.7464600061181239,0.7344472822276941,0.8242586020205542,0.8938534369497243,0.805419762454434,1.421982528007192,0.8730793923527911,1.421982528007192,0.7768041588098207,0.8816422353928179,1.0501880659048397,0.7717865951503811,0.755154019594141,0.734808252786924,1.482995235600821,1.109944899606653,0.7537419896894765,0.9188569825108338,0.710991264003596,0.9173617918114169,0.7460311089187506,1.2892575228859584,0.7292644797170471,0.710991264003596,0.8029152712258716,0.7294613508010614,0.8882889540987564,0.7396097636244567,0.7484729407802093,0.8500456873833169,1.260826739470835,1.3,0.710991264003596,1.011264188252127,0.710991264003596,1.5117159721887083,0.7238659317281065,1.1582374429316202,1.132832996286906,0.7893953285989594,0.710991264003596,0.710991264003596,0.7881292230975986,0.7169682252267598,1.495320662854009,0.7343334443698197,0.7608111739550397,0.8276864680275191,0.7178167811469671,0.8487970841703724,0.872132294757769,1.3,0.9805917843317798,1.4290211220313767,1.5157992761381478,0.7894647807166989,1.1988886110878898,0.8954524487771721,1.1620618890041063,0.7276177944644486,0.7520374859654635,1.5692828141549224,0.7593365861238301,1.421982528007192,1.0160128170164282,0.715078966199799,0.9717146832273552,0.904694458725206,0.8126016029116352,0.710991264003596,0.7839427168702442,1.421982528007192,0.9829681936389612,0.8503303695961433,0.7949288382463432,0.761491381913895,0.7650734699871207,0.7868486439895028,1.0050468708755786,1.421982528007192,0.7580901879570859,0.7491184171973697,0.8791584253240808,0.7226172233153527,0.8765911642596425,0.7454586280247923
0,20,0.8951966564736398,0.8150446372546681,0.7754587708741263,0.7308396164706201,1.3,0.7284948456868829,0.7187477417284811,1.3,0.7921909394011701,0.7511004157872089,0.7910073433756477,0.710991264003596,0.7325945206040827,0.7354141545750863,0.7464600061181239,0.7344472822276941,0.8242586020205542,0.8938534369497243,0.805419762454434,1.421982528007192,0.8730793923527911,1.421982528007192,0.7768041588098207,0.8816422353928179,1.0501880659048397,0.7717865951503811,0.755154019594141,0.734808252786924,1.482995235600821,1.109944899606653,0.7537419896894765,0.9188569825108338,0.710991264003596,0.9173617918114169,0.7460311089187506,1.2892575228859584,0.7292644797170471,0.710991264003596,0.8029152712258716,0.7294613508010614,0.8882889540987564,0.7396097636244567,0.7484729407802093,0.8500456873833169,1.260826739470835,1.3,0.710991264003596,1.011264188252127,0.710991264003596,1.5117159721887083,0.7238659317281065,1.1582374429316202,1.132832996286906,0.7893953285989594,0.710991264003596,0.710991264003596,0.7881292230975986,0.7169682252267598,1.495320662854009,0.7343334443698197,0.7608111739550397,0.8276864680275191,0.7178167811469671,0.8487970841703724,0.872132294757769,1.3,0.9805917843317798,1.4290211220313767,1.5157992761381478,0.7894647807166989,1.1988886110878898,0.8954524487771721,1.1620618890041063,0.7276177944644486,0.7520374859654635,1.5692828141549224,0.7593365861238301,1.421982528007192,1.0160128170164282,0.715078966199799,0.9717146832273552,0.904694458725206,0.8126016029116352,0.710991264003596,0.7839427168702442,1.421982528007192,0.9829681936389612,0.8503303695961433,0.7949288382463432,0.761491381913895,0.7650734699871207,0.7868486439895028,1.0050468708755786,1.421982528007192,0.7580901879570859,0.7491184171973697,0.8791584253240808,0.7226172233153527,0.8765911642596425,0.7454586280247923
0,21,0.8951966564736398,0.8150446372546681,0.7754587708741263,0.7308396164706201,1.3,0.7284948456868829,0.7187477417284811,1.3,0.7921909394011701,0.7511004157872089,0.7910073433756477,0.710991264003596,0.7325945206040827,0.7354141545750863,0.7464600061181239,0.7344472822276941,0.8242586020205542,0.8938534369497243,0.805419762454434,1.421982528007192,0.8730793923527911,1.421982528007192,0.7768041588098207,0.8816422353928179,1.0501880659048397,0.7717865951503811,0.755154019594141,0.734808252786924,1.482995235600821,1.109944899606653,0.7537419896894765,0.9188569825108338,0.710991264003596,0.9173617918114169,0.7460311089187506,1.2892575228859584,0.7292644797170471,0.710991264003596,0.8029152712258716,0.7294613508010614,0.8882889540987564,0.7396097636244567,0.7484729407802093,0.8500456873833169,1.260826739470835,1.3,0.710991264003596,1.011264188252127,0.710991264003596,1.5117159721887083,0.7238659317281065,1.1582374429316202,1.132832996286906,0.7893953285989594,0.710991264003596,0.710991264003596,0.7881292230975986,0.7169682252267598,1.495320662854009,0.7343334443698197,0.7608111739550397,0.8276864680275191,0.7178167811469671,0.8487970841703724,0.872132294757769,1.3,0.9805917843317798,1.4290211220313767,1.5157992761381478,0.7894647807166989,1.1988886110878898,0.8954524487771721,1.1620618890041063,0.7276177944644486,0.7520374859654635,1.5692828141549224,0.7593365861238301,1.421982528007192,1.0160128170164282,0.715078966199799,0.9717146832273552,0.904694458725206,0.8126016029116352,0.710991264003596,0.7839427168702442,1.421982528007192,0.9829681936389612,0.8503303695961433,0.7949288382463432,0.761491381913895,0.7650734699871207,0.7868486439895028,1.0050468708755786,1.421982528007192,0.7580901879570859,0.7491184171973697,0.8791584253240808,0.7226172233153527,0.8765911642596425,0.7454586280247923
0,22,0.8951966564736398,0.8150446372546681,0.7754587708741263,0.7308396164706201,1.3,0.7284948456868829,0.7187477417284811,1.3,0.7921909394011701,0.7511004157872089,0.7910073433756477,0.710991264003596,0.7325945206040827,0.7354141545750863,0.7464600061181239,0.7344472822276941,0.8242586020205542,0.8938534369497243,0.805419762454434,1.421982528007192,0.8730793923527911,1.421982528007192,0.7768041588098207,0.8816422353928179,1.0501880659048397,0.7717865951503811,0.755154019594141,0.734808252786924,1.482995235600821,1.109944899606653,0.7537419896894765,0.9188569825108338,0.710991264003596,0.9173617918114169,0.7460311089187506,1.2892575228859584,0.7292644797170471,0.710991264003596,0.8029152712258716,0.7294613508010614,0.8882889540987564,0.7396097636244567,0.7484729407802093,0.8500456873833169,1.260826739470835,1.3,0.710991264003596,1.011264188252127,0.710991264003596,1.5117159721887083,0.7238659317281065,1.1582374429316202,1.132832996286906,0.7893953285989594,0.710991264003596,0.710991264003596,0.7881292230975986,0.7169682252267598,1.495320662854009,0.7343334443698197,0.7608111739550397,0.8276864680275191,0.7178167811469671,0.8487970841703724,0.872132294757769,1.3,0.9805917843317798,1.4290211220313767,1.5157992761381478,0.7894647807166989,1.1988886110878898,0.8954524487771721,1.1620618890041063,0.7276177944644486,0.7520374859654635,1.5692828141549224,0.7593365861238301,1.421982528007192,1.0160128170164282,0.715078966199799,0.9717146832273552,0.904694458725206,0.8126016029116352,0.710991264003596,0.7839427168702442,1.421982528007192,0.9829681936389612,0.8503303695961433,0.7949288382463432,0.761491381913895,0.7650734699871207,0.7868486439895028,1.0050468708755786,1.421982528007192,0.7580901879570859,0.7491184171973697,0.8791584253240808,0.7226172233153527,0.8765911642596425,0.7454586280247923
0,23,0.8951966564736398,0.8150446372546681,0.7754587708741263,0.7308396164706201,1.3,0.7284948456868829,0.7187477417284811,1.3,0.7921909394011701,0.7511004157872089,0.7910073433756477,0.710991264003596,0.7325945206040827,0.7354141545750863,0.7464600061181239,0.7344472822276941,0.8242586020205542,0.8938534369497243,0.805419762454434,1.421982528007192,0.8730793923527911,1.421982528007192,0.7768041588098207,0.8816422353928179,1.0501880659048397,0.7717865951503811,0.755154019594141,0.734808252786924,1.482995235600821,1.109944899606653,0.7537419896894765,0.9188569825108338,0.710991264003596,0.9173617918114169,0.7460311089187506,1.2892575228859584,0.7292644797170471,0.710991264003596,0.8029152712258716,0.7294613508010614,0.8882889540987564,0.7396097636244567,0.7484729407802093,0.8500456873833169,1.260826739470835,1.3,0.710991264003596,1.011264188252127,0.710991264003596,1.5117159721887083,0.7238659317281065,1.1582374429316202,1.132832996286906,0.7893953285989594,0.710991264003596,0.710991264003596,0.7881292230975986,0.7169682252267598,1.495320662854009,0.7343334443698197,0.7608111739550397,0.8276864680275191,0.7178167811469671,0.8487970841703724,0.872132294757769,1.3,0.9805917843317798,1.4290211220313767,1.5157992761381478,0.7894647807166989,1.1988886110878898,0.8954524487771721,1.1620618890041063,0.7276177944644486,0.7520374859654635,1.5692828141549224,0.7593365861238301,1.421982528007192,1.0160128170164282,0.715078966199799,0.9717146832273552,0.904694458725206,0.8126016029116352,0.710991264003596,0.7839427168702442,1.421982528007192,0.9829681936389612,0.8503303695961433,0.7949288382463432,0.761491381913895,0.7650734699871207,0.7868486439895028,1.0050468708755786,1.421982528007192,0.7580901879570859,0.7491184171973697,0.8791584253240808,0.7226172233153527,0.8765911642596425,0.7454586280247923
0,24,0.8951966564736398,0.8150446372546681,0.7754587708741263,0.7308396164706201,1.3,0.7284948456868829,0.7187477417284811,1.3,0.7921909394011701,0.7511004157872089,0.7910073433756477,0.710991264003596,0.7325945206040827,0.7354141545750863,0.7464600061181239,0.7344472822276941,0.8242586020205542,0.8938534369497243,0.805419762454434,1.421982528007192,0.8730793923527911,1.421982528007192,0.7768041588098207,0.8816422353928179,1.0501880659048397,0.7717865951503811,0.755154019594141,0.734808252786924,1.482995235600821,1.109944899606653,0.7537419896894765,0.9188569825108338,0.710991264003596,0.9173617918114169,0.7460311089187506,1.2892575228859584,0.7292644797170471,0.710991264003596,0.8029152712258716,0.7294613508010614,0.8882889540987564,0.7396097636244567,0.7484729407802093,0.8500456873833169,1.260826739470835,1.3,0.710991264003596,1.011264188252127,0.710991264003596,1.5117159721887083,0.7238659317281065,1.1582374429316202,1.132832996286906,0.7893953285989594,0.710991264003596,0.710991264003596,0.7881292230975986,0.7169682252267598,1.495320662854009,0.7343334443698197,0.7608111739550397,0.8276864680275191,0.7178167811469671,0.8487970841703724,0.872132294757769,1.3,0.9805917843317798,1.4290211220313767,1.5157992761381478,0.7894647807166989,1.1988886110878898,0.8954524487771721,1.1620618890041063,0.7276177944644486,0.7520374859654635,1.5692828141549224,0.7593365861238301,1.421982528007192,1.0160128170164282,0.715078966199799,0.9717146832273552,0.904694458725206,0.8126016029116352,0.710991264003596,0.7839427168702442,1.421982528007192,0.9829681936389612,0.8503303695961433,0.7949288382463432,0.761491381913895,0.7650734699871207,0.7868486439895028,1.0050468708755786,1.421982528007192,0.7580901879570859,0.7491184171973697,0.8791584253240808,0.7226172233153527,0.8765911642596425,0.7454586280247923
0,25,0.8951966564736398,0.8150446372546681,0.7754587708741263,0.7308396164706201,1.3,0.7284948456868829,0.7187477417284811,1.3,0.7921909394011701,0.7511004157872089,0.7910073433756477,0.710991264003596,0.7325945206040827,0.7354141545750863,0.7464600061181239,0.7344472822276941,0.8242586020205542,0.8938534369497243,0.805419762454434,1.421982528007192,0.8730793923527911,1.421982528007192,0.7768041588098207,0.8816422353928179,1.0501880659048397,0.7717865951503811,0.755154019594141,0.734808252786924,1.482995235600821,1.109944899606653,0.7537419896894765,0.9188569825108338,0.710991264003596,0.9173617918114169,0.7460311089187506,1.2892575228859584,0.7292644797170471,0.710991264003596,0.8029152712258716,0.7294613508010614,0.8882889540987564,0.7396097636244567,0.7484729407802093,0.8500456873833169,1.260826739470835,1.3,0.710991264003596,1.011264188252127,0.710991264003596,1.5117159721887083,0.7238659317281065,1.1582374429316202,1.132832996286906,0.7893953285989594,0.710991264003596,0.710991264003596,0.7881292230975986,0.7169682252267598,1.495320662854009,0.7343334443698197,0.7608111739550397,0.8276864680275191,0.7178167811469671,0.8487970841703724,0.872132294757769,1.3,0.9805917843317798,1.4290211220313767,1.5157992761381478,0.7894647807166989,1.1988886110878898,0.8954524487771721,1.1620618890041063,0.7276177944644486,0.7520374859654635,1.5692828141549224,0.7593365861238301,1.421982528007192,1.0160128170164282,0.715078966199799,0.9717146832273552,0.904694458725206,0.8126016029116352,0.710991264003596,0.7839427168702442,1.421982528007192,0.9829681936389612,0.8503303695961433,0.7949288382463432,0.761491381913895,0.7650734699871207,0.7868486439895028,1.0050468708755786,1.421982528007192,0.7580901879570859,0.7491184171973697,0.8791584253240808,0.7226172233153527,0.8765911642596425,0.7454586280247923
0,26,0.8951966564736398,0.8150446372546681,0.7754587708741263,0.7308396164706201,1.3,0.7284948456868829,0.7187477417284811,1.3,0.7921909394011701,0.7511004157872089,0.7910073433756477,0.710991264003596,0.7325945206040827,0.7354141545750863,0.7464600061181239,0.7344472822276941,0.8242586020205542,0.8938534369497243,0.805419762454434,1.421982528007192,0.8730793923527911,1.421982528007192,0.7768041588098207,0.8816422353928179,1.0501880659048397,0.7717865951503811,0.755154019594141,0.734808252786924,1.482995235600821,1.109944899606653,0.7537419896894765,0.9188569825108338,0.710991264003596,0.9173617918114169,0.7460311089187506,1.2892575228859584,0.7292644797170471,0.710991264003596,0.8029152712258716,0.7294613508010614,0.8882889540987564,0.7396097636244567,0.7484729407802093,0.8500456873833169,1.260826739470835,1.3,0.710991264003596,1.011264188252127,0.710991264003596,1.5117159721887083,0.7238659317281065,1.1582374429316202,1.132832996286906,0.7893953285989594,0.710991264003596,0.710991264003596,0.7881292230975986,0.7169682252267598,1.495320662854009,0.7343334443698197,0.7608111739550397,0.8276864680275191,0.7178167811469671,0.8487970841703724,0.872132294757769,1.3,0.9805917843317798,1.4290211220313767,1.5157992761381478,0.7894647807166989,1.1988886110878898,0.8954524487771721,1.1620618890041063,0.7276177944644486,0.7520374859654635,1.5692828141549224,0.7593365861238301,1.421982528007192,1.0160128170164282,0.715078966199799,0.9717146832273552,0.904694458725206,0.8126016029116352,0.710991264003596,0.7839427168702442,1.421982528007192,0.9829681936389612,0.8503303695961433,0.7949288382463432,0.761491381913895,0.7650734699871207,0.7868486439895028,1.0050468708755786,1.421982528007192,0.7580901879570859,0.7491184171973697,0.8791584253240808,0.7226172233153527,0.8765911642596425,0.7454586280247923
0,27,0.8951966564736398,0.8150446372546681,0.7754587708741263,0.7308396164706201,1.3,0.7284948456868829,0.7187477417284811,1.3,0.7921909394011701,0.7511004157872089,0.7910073433756477,0.710991264003596,0.7325945206040827,0.7354141545750863,0.7464600061181239,0.7344472822276941,0.8242586020205542,0.8938534369497243,0.805419762454434,1.421982528007192,0.8730793923527911,1.421982528007192,0.7768041588098207,0.8816422353928179,1.0501880659048397,0.7717865951503811,0.755154019594141,0.734808252786924,1.482995235600821,1.109944899606653,0.7537419896894765,0.9188569825108338,0.710991264003596,0.9173617918114169,0.7460311089187506,1.2892575228859584,0.7292644797170471,0.710991264003596,0.8029152712258716,0.7294613508010614,0.8882889540987564,0.7396097636244567,0.7484729407802093,0.8500456873833169,1.260826739470835,1.3,0.710991264003596,1.011264188252127,0.710991264003596,1.5117159721887083,0.7238659317281065,1.1582374429316202,1.132832996286906,0.7893953285989594,0.710991264003596,0.710991264003596,0.7881292230975986,0.7169682252267598,1.495320662854009,0.7343334443698197,0.7608111739550397,0.8276864680275191,0.7178167811469671,0.8487970841703724,0.872132294757769,1.3,0.9805917843317798,1.4290211220313767,1.5157992761381478,0.7894647807166989,1.1988886110878898,0.8954524487771721,1.1620618890041063,0.7276177944644486,0.7520374859654635,1.5692828141549224,0.7593365861238301,1.421982528007192,1.0160128170164282,0.715078966199799,0.9717146832273552,0.904694458725206,0.8126016029116352,0.710991264003596,0.7839427168702442,1.421982528007192,0.9829681936389612,0.8503303695961433,0.7949288382463432,0.761491381913895,0.7650734699871207,0.7868486439895028,1.0050468708755786,1.421982528007192,0.7580901879570859,0.7491184171973697,0.8791584253240808,0.7226172233153527,0.8765911642596425,0.7454586280247923
0,28,0.8951966564736398,0.8150446372546681,0.7754587708741263,0.7308396164706201,1.3,0.7284948456868829,0.7187477417284811,1.3,0.7921909394011701,0.7511004157872089,0.7910073433756477,0.710991264003596,0.7325945206040827,0.7354141545750863,0.7464600061181239,0.7344472822276941,0.8242586020205542,0.8938534369497243,0.805419762454434,1.421982528007192,0.8730793923527911,1.421982528007192,0.7768041588098207,0.8816422353928179,1.0501880659048397,0.7717865951503811,0.755154019594141,0.734808252786924,1.482995235600821,1.109944899606653,0.7537419896894765,0.9188569825108338,0.710991264003596,0.9173617918114169,0.7460311089187506,1.2892575228859584,0.7292644797170471,0.710991264003596,0.8029152712258716,0.7294613508010614,0.8882889540987564,0.7396097636244567,0.7484729407802093,0.8500456873833169,1.260826739470835,1.3,0.710991264003596,1.011264188252127,0.710991264003596,1.5117159721887083,0.7238659317281065,1.1582374429316202,1.132832996286906,0.7893953285989594,0.710991264003596,0.710991264003596,0.7881292230975986,0.7169682252267598,1.495320662854009,0.7343334443698197,0.7608111739550397,0.8276864680275191,0.7178167811469671,0.8487970841703724,0.872132294757769,1.3,0.9805917843317798,1.4290211220313767,1.5157992761381478,0.7894647807166989,1.1988886110878898,0.8954524487771721,1.1620618890041063,0.7276177944644486,0.7520374859654635,1.5692828141549224,0.7593365861238301,1.421982528007192,1.0160128170164282,0.715078966199799,0.9717146832273552,0.904694458725206,0.8126016029116352,0.710991264003596,0.7839427168702442,1.421982528007192,0.9829681936389612,0.8503303695961433,0.7949288382463432,0.761491381913895,0.7650734699871207,0.7868486439895028,1.0050468708755786,1.421982528007192,0.7580901879570859,0.7491184171973697,0.8791584253240808,0.7226172233153527,0.8765911642596425,0.7454586280247923
0,29,0.8951966564736398,0.8150446372546681,0.7754587708741263,0.7308396164706201,1.3,0.7284948456868829,0.7187477417284811,1.3,0.7921909394011701,0.7511004157872089,0.7910073433756477,0.710991264003596,0.7325945206040827,0.7354141545750863,0.7464600061181239,0.7344472822276941,0.8242586020205542,0.8938534369497243,0.805419762454434,1.421982528007192,0.8730793923527911,1.421982528007192,0.7768041588098207,0.8816422353928179,1.0501880659048397,0.7717865951503811,0.755154019594141,0.734808252786924,1.482995235600821,1.109944899606653,0.7537419896894765,0.9188569825108338,0.710991264003596,0.9173617918114169,0.7460311089187506,1.2892575228859584,0.7292644797170471,0.710991264003596,0.8029152712258716,0.7294613508010614,0.8882889540987564,0.7396097636244567,0.7484729407802093,0.8500456873833169,1.260826739470835,1.3,0.710991264003596,1.011264188252127,0.710991264003596,1.5117159721887083,0.7238659317281065,1.1582374429316202,1.132832996286906,0.7893953285989594,0.710991264003596,0.710991264003596,0.7881292230975986,0.7169682252267598,1.495320662854009,0.7343334443698197,0.7608111739550397,0.8276864680275191,0.7178167811469671,0.8487970841703724,0.872132294757769,1.3,0.9805917843317798,1.4290211220313767,1.5157992761381478,0.7894647807166989,1.1988886110878898,0.8954524487771721,1.1620618890041063,0.7276177944644486,0.7520374859654635,1.5692828141549224,0.7593365861238301,1.421982528007192,1.0160128170164282,0.715078966199799,0.9717146832273552,0.904694458725206,0.8126016029116352,0.710991264003596,0.7839427168702442,1.421982528007192,0.9829681936389612,0.8503303695961433,0.7949288382463432,0.761491381913895,0.7650734699871207,0.7868486439895028,1.0050468708755786,1.421982528007192,0.7580901879570859,0.7491184171973697,0.8791584253240808,0.7226172233153527,0.8765911642596425,0.7454586280247923
0,30,0.8951966564736398,0.8150446372546681,0.7754587708741263,0.7308396164706201,1.3,0.7284948456868829,0.7187477417284811,1.3,0.7921909394011701,0.7511004157872089,0.7910073433756477,0.710991264003596,0.7325945206040827,0.7354141545750863,0.7464600061181239,0.7344472822276941,0.8242586020205542,0.8938534369497243,0.805419762454434,1.421982528007192,0.8730793923527911,1.421982528007192,0.7768041588098207,0.8816422353928179,1.0501880659048397,0.7717865951503811,0.755154019594141,0.734808252786924,1.482995235600821,1.109944899606653,0.7537419896894765,0.9188569825108338,0.710991264003596,0.9173617918114169,0.7460311089187506,1.2892575228859584,0.7292644797170471,0.710991264003596,0.8029152712258716,0.7294613508010614,0.8882889540987564,0.7396097636244567,0.7484729407802093,0.8500456873833169,1.260826739470835,1.3,0.710991264003596,1.011264188252127,0.710991264003596,1.5117159721887083,0.7238659317281065,1.1582374429316202,1.132832996286906,0.7893953285989594,0.710991264003596,0.710991264003596,0.7881292230975986,0.7169682252267598,1.495320662854009,0.7343334443698197,0.7608111739550397,0.8276864680275191,0.7178167811469671,0.8487970841703724,0.872132294757769,1.3,0.9805917843317798,1.4290211220313767,1.5157992761381478,0.7894647807166989,1.1988886110878898,0.8954524487771721,1.1620618890041063,0.7276177944644486,0.7520374859654635,1.5692828141549224,0.7593365861238301,1.421982528007192,1.0160128170164282,0.715078966199799,0.9717146832273552,0.904694458725206,0.8126016029116352,0.710991264003596,0.7839427168702442,1.421982528007192,0.9829681936389612,0.8503303695961433,0.7949288382463432,0.761491381913895,0.7650734699871207,0.7868486439895028,1.0050468708755786,1.421982528007192,0.7580901879570859,0.7491184171973697,0.8791584253240808,0.7226172233153527,0.8765911642596425,0.7454586280247923
0,31,0.8951966564736398,0.8150446372546681,0.7754587708741263,0.7308396164706201,1.3,0.7284948456868829,0.7187477417284811,1.3,0.7921909394011701,0.7511004157872089,0.7910073433756477,0.710991264003596,0.7325945206040827,0.7354141545750863,0.7464600061181239,0.7344472822276941,0.8242586020205542,0.8938534369497243,0.805419762454434,1.421982528007192,0.8730793923527911,1.421982528007192,0.7768041588098207,0.8816422353928179,1.0501880659048397,0.7717865951503811,0.755154019594141,0.734808252786924,1.482995235600821,1.109944899606653,0.7537419896894765,0.9188569825108338,0.710991264003596,0.9173617918114169,0.7460311089187506,1.2892575228859584,0.7292644797170471,0.710991264003596,0.8029152712258716,0.7294613508010614,0.8882889540987564,0.7396097636244567,0.7484729407802093,0.8500456873833169,1.260826739470835,1.3,0.710991264003596,1.011264188252127,0.710991264003596,1.5117159721887083,0.7238659317281065,1.1582374429316202,1.132832996286906,0.7893953285989594,0.710991264003596,0.710991264003596,0.7881292230975986,0.7169682252267598,1.495320662854009,0.7343334443698197,0.7608111739550397,0.8276864680275191,0.7178167811469671,0.8487970841703724,0.872132294757769,1.3,0.9805917843317798,1.4290211220313767,1.5157992761381478,0.7894647807166989,1.1988886110878898,0.8954524487771721,1.1620618890041063,0.7276177944644486,0.7520374859654635,1.5692828141549224,0.7593365861238301,1.421982528007192,1.0160128170164282,0.715078966199799,0.9717146832273552,0.904694458725206,0.8126016029116352,0.710991264003596,0.7839427168702442,1.421982528007192,0.9829681936389612,0.8503303695961433,0.7949288382463432,0.761491381913895,0.7650734699871207,0.7868486439895028,1.0050468708755786,1.421982528007192,0.7580901879570859,0.7491184171973697,0.8791584253240808,0.7226172233153527,0.8765911642596425,0.7454586280247923
0,32,0.8951966564736398,0.8150446372546681,0.7754587708741263,0.7308396164706201,1.3,0.7284948456868829,0.7187477417284811,1.3,0.7921909394011701,0.7511004157872089,0.7910073433756477,0.710991264003596,0.7325945206040827,0.7354141545750863,0.7464600061181239,0.7344472822276941,0.8242586020205542,0.8938534369497243,0.805419762454434,1.421982528007192,0.8730793923527911,1.421982528007192,0.7768041588098207,0.8816422353928179,1.0501880659048397,0.7717865951503811,0.755154019594141,0.734808252786924,1.482995235600821,1.109944899606653,0.7537419896894765,0.9188569825108338,0.710991264003596,0.9173617918114169,0.7460311089187506,1.2892575228859584,0.7292644797170471,0.710991264003596,0.8029152712258716,0.7294613508010614,0.8882889540987564,0.7396097636244567,0.7484729407802093,0.8500456873833169,1.260826739470835,1.3,0.710991264003596,1.011264188252127,0.710991264003596,1.5117159721887083,0.7238659317281065,1.1582374429316202,1.132832996286906,0.7893953285989594,0.710991264003596,0.710991264003596,0.7881292230975986,0.7169682252267598,1.495320662854009,0.7343334443698197,0.7608111739550397,0.8276864680275191,0.7178167811469671,0.8487970841703724,0.872132294757769,1.3,0.9805917843317798,1.4290211220313767,1.5157992761381478,0.7894647807166989,1.1988886110878898,0.8954524487771721,1.1620618890041063,0.7276177944644486,0.7520374859654635,1.5692828141549224,0.7593365861238301,1.421982528007192,1.0160128170164282,0.715078966199799,0.9717146832273552,0.904694458725206,0.8126016029116352,0.710991264003596,0.7839427168702442,1.421982528007192,0.9829681936389612,0.8503303695961433,0.7949288382463432,0.761491381913895,0.7650734699871207,0.7868486439895028,1.0050468708755786,1.421982528007192,0.7580901879570859,0.7491184171973697,0.8791584253240808,0.7226172233153527,0.8765911642596425,0.7454586280247923
0,33,0.8951966564736398,0.8150446372546681,0.7754587708741263,0.7308396164706201,1.3,0.7284948456868829,0.7187477417284811,1.3,0.7921909394011701,0.7511004157872089,0.7910073433756477,0.710991264003596,0.7325945206040827,0.7354141545750863,0.7464600061181239,0.7344472822276941,0.8242586020205542,0.8938534369497243,0.805419762454434,1.421982528007192,0.8730793923527911,1.421982528007192,0.7768041588098207,0.8816422353928179,1.0501880659048397,0.7717865951503811,0.755154019594141,0.734808252786924,1.482995235600821,1.109944899606653,0.7537419896894765,0.9188569825108338,0.710991264003596,0.9173617918114169,0.7460311089187506,1.2892575228859584,0.7292644797170471,0.710991264003596,0.8029152712258716,0.7294613508010614,0.8882889540987564,0.7396097636244567,0.7484729407802093,0.8500456873833169,1.260826739470835,1.3,0.710991264003596,1.011264188252127,0.710991264003596,1.5117159721887083,0.7238659317281065,1.1582374429316202,1.132832996286906,0.7893953285989594,0.710991264003596,0.710991264003596,0.7881292230975986,0.7169682252267598,1.495320662854009,0.7343334443698197,0.7608111739550397,0.8276864680275191,0.7178167811469671,0.8487970841703724,0.872132294757769,1.3,0.9805917843317798,1.4290211220313767,1.5157992761381478,0.7894647807166989,1.1988886110878898,0.8954524487771721,1.1620618890041063,0.7276177944644486,0.7520374859654635,1.5692828141549224,0.7593365861238301,1.421982528007192,1.0160128170164282,0.715078966199799,0.9717146832273552,0.904694458725206,0.8126016029116352,0.710991264003596,0.7839427168702442,1.421982528007192,0.9829681936389612,0.8503303695961433,0.7949288382463432,0.761491381913895,0.7650734699871207,0.7868486439895028,1.0050468708755786,1.421982528007192,0.7580901879570859,0.7491184171973697,0.8791584253240808,0.7226172233153527,0.8765911642596425,0.7454586280247923
0,34,0.8951966564736398,0.8150446372546681,0.7754587708741263,0.7308396164706201,1.3,0.7284948456868829,0.7187477417284811,1.3,0.7921909394011701,0.7511004157872089,0.7910073433756477,0.710991264003596,0.7325945206040827,0.7354141545750863,0.7464600061181239,0.7344472822276941,0.8242586020205542,0.8938534369497243,0.805419762454434,1.421982528007192,0.8730793923527911,1.421982528007192,0.7768041588098207,0.8816422353928179,1.0501880659048397,0.7717865951503811,0.755154019594141,0.734808252786924,1.482995235600821,1.109944899606653,0.7537419896894765,0.9188569825108338,0.710991264003596,0.9173617918114169,0.7460311089187506,1.2892575228859584,0.7292644797170471,0.710991264003596,0.8029152712258716,0.7294613508010614,0.8882889540987564,0.7396097636244567,0.7484729407802093,0.8500456873833169,1.260826739470835,1.3,0.710991264003596,1.011264188252127,0.710991264003596,1.5117159721887083,0.7238659317281065,1.1582374429316202,1.132832996286906,0.7893953285989594,0.710991264003596,0.710991264003596,0.7881292230975986,0.7169682252267598,1.495320662854009,0.7343334443698197,0.7608111739550397,0.8276864680275191,0.7178167811469671,0.8487970841703724,0.872132294757769,1.3,0.9805917843317798,1.4290211220313767,1.5157992761381478,0.7894647807166989,1.1988886110878898,0.8954524487771721,1.1620618890041063,0.7276177944644486,0.7520374859654635,1.5692828141549224,0.7593365861238301,1.421982528007192,1.0160128170164282,0.715078966199799,0.9717146832273552,0.904694458725206,0.8126016029116352,0.710991264003596,0.7839427168702442,1.421982528007192,0.9829681936389612,0.8503303695961433,0.7949288382463432,0.761491381913895,0.7650734699871207,0.7868486439895028,1.0050468708755786,1.421982528007192,0.7580901879570859,0.7491184171973697,0.8791584253240808,0.7226172233153527,0.8765911642596425,0.7454586280247923
0,35,0.8951966564736398,0.8150446372546681,0.7754587708741263,0.7308396164706201,1.3,0.7284948456868829,0.7187477417284811,1.3,0.7921909394011701,0.7511004157872089,0.7910073433756477,0.710991264003596,0.7325945206040827,0.7354141545750863,0.7464600061181239,0.7344472822276941,0.8242586020205542,0.8938534369497243,0.805419762454434,1.421982528007192,0.8730793923527911,1.421982528007192,0.7768041588098207,0.8816422353928179,1.0501880659048397,0.7717865951503811,0.755154019594141,0.734808252786924,1.482995235600821,1.109944899606653,0.7537419896894765,0.9188569825108338,0.710991264003596,0.9173617918114169,0.7460311089187506,1.2892575228859584,0.7292644797170471,0.710991264003596,0.8029152712258716,0.7294613508010614,0.8882889540987564,0.7396097636244567,0.7484729407802093,0.8500456873833169,1.260826739470835,1.3,0.710991264003596,1.011264188252127,0.710991264003596,1.5117159721887083,0.7238659317281065,1.1582374429316202,1.132832996286906,0.7893953285989594,0.710991264003596,0.710991264003596,0.7881292230975986,0.7169682252267598,1.495320662854009,0.7343334443698197,0.7608111739550397,0.8276864680275191,0.7178167811469671,0.8487970841703724,0.872132294757769,1.3,0.9805917843317798,1.4290211220313767,1.5157992761381478,0.7894647807166989,1.1988886110878898,0.8954524487771721,1.1620618890041063,0.7276177944644486,0.7520374859654635,1.5692828141549224,0.7593365861238301,1.421982528007192,1.0160128170164282,0.715078966199799,0.9717146832273552,0.904694458725206,0.8126016029116352,0.710991264003596,0.7839427168702442,1.421982528007192,0.9829681936389612,0.8503303695961433,0.7949288382463432,0.761491381913895,0.7650734699871207,0.7868486439895028,1.0050468708755786,1.421982528007192,0.7580901879570859,0.7491184171973697,0.8791584253240808,0.7226172233153527,0.8765911642596425,0.7454586280247923
0,36,0.8951966564736398,0.8150446372546681,0.7754587708741263,0.7308396164706201,1.3,0.7284948456868829,0.7187477417284811,1.3,0.7921909394011701,0.7511004157872089,0.7910073433756477,0.710991264003596,0.7325945206040827,0.7354141545750863,0.7464600061181239,0.7344472822276941,0.8242586020205542,0.8938534369497243,0.805419762454434,1.421982528007192,0.8730793923527911,1.421982528007192,0.7768041588098207,0.8816422353928179,1.0501880659048397,0.7717865951503811,0.755154019594141,0.734808252786924,1.482995235600821,1.109944899606653,0.7537419896894765,0.9188569825108338,0.710991264003596,0.9173617918114169,0.7460311089187506,1.2892575228859584,0.7292644797170471,0.710991264003596,0.8029152712258716,0.7294613508010614,0.8882889540987564,0.7396097636244567,0.7484729407802093,0.8500456873833169,1.260826739470835,1.3,0.710991264003596,1.011264188252127,0.710991264003596,1.5117159721887083,0.7238659317281065,1.1582374429316202,1.132832996286906,0.7893953285989594,0.710991264003596,0.710991264003596,0.7881292230975986,0.7169682252267598,1.495320662854009,0.7343334443698197,0.7608111739550397,0.8276864680275191,0.7178167811469671,0.8487970841703724,0.872132294757769,1.3,0.9805917843317798,1.4290211220313767,1.5157992761381478,0.7894647807166989,1.1988886110878898,0.8954524487771721,1.1620618890041063,0.7276177944644486,0.7520374859654635,1.5692828141549224,0.7593365861238301,1.421982528007192,1.0160128170164282,0.715078966199799,0.9717146832273552,0.904694458725206,0.8126016029116352,0.710991264003596,0.7839427168702442,1.421982528007192,0.9829681936389612,0.8503303695961433,0.7949288382463432,0.761491381913895,0.7650734699871207,0.7868486439895028,1.0050468708755786,1.421982528007192,0.7580901879570859,0.7491184171973697,0.8791584253240808,0.7226172233153527,0.8765911642596425,0.7454586280247923
0,37,0.8951966564736398,0.8150446372546681,0.7754587708741263,0.7308396164706201,1.3,0.7284948456868829,0.7187477417284811,1.3,0.7921909394011701,0.7511004157872089,0.7910073433756477,0.710991264003596,0.7325945206040827,0.7354141545750863,0.7464600061181239,0.7344472822276941,0.8242586020205542,0.8938534369497243,0.805419762454434,1.421982528007192,0.8730793923527911,1.421982528007192,0.7768041588098207,0.8816422353928179,1.0501880659048397,0.7717865951503811,0.755154019594141,0.734808252786924,1.482995235600821,1.109944899606653,0.7537419896894765,0.9188569825108338,0.710991264003596,0.9173617918114169,0.7460311089187506,1.2892575228859584,0.7292644797170471,0.710991264003596,0.8029152712258716,0.7294613508010614,0.8882889540987564,0.7396097636244567,0.7484729407802093,0.8500456873833169,1.260826739470835,1.3,0.710991264003596,1.011264188252127,0.710991264003596,1.5117159721887083,0.7238659317281065,1.1582374429316202,1.132832996286906,0.7893953285989594,0.710991264003596,0.710991264003596,0.7881292230975986,0.7169682252267598,1.495320662854009,0.7343334443698197,0.7608111739550397,0.8276864680275191,0.7178167811469671,0.8487970841703724,0.872132294757769,1.3,0.9805917843317798,1.4290211220313767,1.5157992761381478,0.7894647807166989,1.1988886110878898,0.8954524487771721,1.1620618890041063,0.7276177944644486,0.7520374859654635,1.5692828141549224,0.7593365861238301,1.421982528007192,1.0160128170164282,0.715078966199799,0.9717146832273552,0.904694458725206,0.8126016029116352,0.710991264003596,0.7839427168702442,1.421982528007192,0.9829681936389612,0.8503303695961433,0.7949288382463432,0.761491381913895,0.7650734699871207,0.7868486439895028,1.0050468708755786,1.421982528007192,0.7580901879570859,0.7491184171973697,0.8791584253240808,0.7226172233153527,0.8765911642596425,0.7454586280247923
0,38,0.8951966564736398,0.8150446372546681,0.7754587708741263,0.7308396164706201,1.3,0.7284948456868829,0.7187477417284811,1.3,0.7921909394011701,0.7511004157872089,0.7910073433756477,0.710991264003596,0.7325945206040827,0.7354141545750863,0.7464600061181239,0.7344472822276941,0.8242586020205542,0.8938534369497243,0.805419762454434,1.421982528007192,0.8730793923527911,1.421982528007192,0.7768041588098207,0.8816422353928179,1.0501880659048397,0.7717865951503811,0.755154019594141,0.734808252786924,1.482995235600821,1.109944899606653,0.7537419896894765,0.9188569825108338,0.710991264003596,0.9173617918114169,0.7460311089187506,1.2892575228859584,0.7292644797170471,0.710991264003596,0.8029152712258716,0.7294613508010614,0.8882889540987564,0.7396097636244567,0.7484729407802093,0.8500456873833169,1.260826739470835,1.3,0.710991264003596,1.011264188252127,0.710991264003596,1.5117159721887083,0.7238659317281065,1.1582374429316202,1.132832996286906,0.7893953285989594,0.710991264003596,0.710991264003596,0.7881292230975986,0.7169682252267598,1.495320662854009,0.7343334443698197,0.7608111739550397,0.8276864680275191,0.7178167811469671,0.8487970841703724,0.872132294757769,1.3,0.9805917843317798,1.4290211220313767,1.5157992761381478,0.7894647807166989,1.1988886110878898,0.8954524487771721,1.1620618890041063,0.7276177944644486,0.7520374859654635,1.5692828141549224,0.7593365861238301,1.421982528007192,1.0160128170164282,0.715078966199799,0.9717146832273552,0.904694458725206,0.8126016029116352,0.710991264003596,0.7839427168702442,1.421982528007192,0.9829681936389612,0.8503303695961433,0.7949288382463432,0.761491381913895,0.7650734699871207,0.7868486439895028,1.0050468708755786,1.421982528007192,0.7580901879570859,0.7491184171973697,0.8791584253240808,0.7226172233153527,0.8765911642596425,0.7454586280247923
0,39,0.8951966564736398,0.8150446372546681,0.7754587708741263,0.7308396164706201,1.3,0.7284948456868829,0.7187477417284811,1.3,0.7921909394011701,0.7511004157872089,0.7910073433756477,0.710991264003596,0.7325945206040827,0.7354141545750863,0.7464600061181239,0.7344472822276941,0.8242586020205542,0.8938534369497243,0.805419762454434,1.421982528007192,0.8730793923527911,1.421982528007192,0.7768041588098207,0.8816422353928179,1.0501880659048397,0.7717865951503811,0.755154019594141,0.734808252786924,1.482995235600821,1.109944899606653,0.7537419896894765,0.9188569825108338,0.710991264003596,0.9173617918114169,0.7460311089187506,1.2892575228859584,0.7292644797170471,0.710991264003596,0.8029152712258716,0.7294613508010614,0.8882889540987564,0.7396097636244567,0.7484729407802093,0.8500456873833169,1.260826739470835,1.3,0.710991264003596,1.011264188252127,0.710991264003596,1.5117159721887083,0.7238659317281065,1.1582374429316202,1.132832996286906,0.7893953285989594,0.710991264003596,0.710991264003596,0.7881292230975986,0.7169682252267598,1.495320662854009,0.7343334443698197,0.7608111739550397,0.8276864680275191,0.7178167811469671,0.8487970841703724,0.872132294757769,1.3,0.9805917843317798,1.4290211220313767,1.5157992761381478,0.7894647807166989,1.1988886110878898,0.8954524487771721,1.1620618890041063,0.7276177944644486,0.7520374859654635,1.5692828141549224,0.7593365861238301,1.421982528007192,1.0160128170164282,0.715078966199799,0.9717146832273552,0.904694458725206,0.8126016029116352,0.710991264003596,0.7839427168702442,1.421982528007192,0.9829681936389612,0.8503303695961433,0.7949288382463432,0.761491381913895,0.7650734699871207,0.7868486439895028,1.0050468708755786,1.421982528007192,0.7580901879570859,0.7491184171973697,0.8791584253240808,0.7226172233153527,0.8765911642596425,0.7454586280247923
1,0,0.744647992282889,0.805419762454434,0.7688921853291073,1.0168488026015778,0.7238380990081603,0.78427534010989,0.7851107141983619,0.8816422353928179,0.9173617918114169,1.3,1.3,1.3,0.8754300401658357,0.8150446372546681,0.7344472822276941,0.7237079285877928,0.8344446937056109,1.4538192025145489,0.710991264003596,0.710991264003596,0.7396097636244567,0.710991264003596,0.7921909394011701,1.0227863968814397,0.7472054003366577,0.7627082731637713,0.8291116899659319,0.7294024152519538,1.421982528007192,1.421982528007192,0.7566599479587888,0.7542058662580339,1.0094567868236004,0.710991264003596,1.4587018795321947,0.7460311089187506,0.8882889540987564,1.011264188252127,0.7717865951503811,0.710991264003596,0.734824740275009,0.7464600061181239,0.8528591552826672,0.7537419896894765,0.7910073433756477,0.7519602140072876,0.8938534369497243,1.260826739470835,0.7524702465291315,0.7178865356202236,1.1345350111608057,0.710991264003596,0.920470389442468,0.7416881174665231,0.8010224422153887,0.9857943308281356,0.710991264003596,0.8253795655341146,0.7260229311737212,0.7523870770618362,0.710991264003596,0.8101586718264026,0.777074269873186,0.8696172178153039,0.8880816732980049,0.710991264003596,1.3,0.8516144376147535,0.7262810656361772,0.7390092981998487,0.7333971768951495,1.421982528007192,1.280628547815506,0.7826134954048731,1.3,0.8137908099711973,0.9147478918635784,1.3,0.8199753603383186,0.7171067248071825,1.3,0.7500824635105231,0.845023885429316,1.0387454921231853,0.7419915099493355,1.0376310644233728,0.8265003258473564,1.421982528007192,1.3,0.8190880957873915,0.7692602915363697,0.710991264003596,0.7309828264999543,0.7190013177521506,0.9998048261187508,0.7214135893162854,1.3,0.7210238040382155,0.7547310303411259,0.8470317059232
1,1,0.744647992282889,0.805419762454434,0.7688921853291073,1.0168488026015778,0.7238380990081603,0.78427534010989,0.7851107141983619,0.8816422353928179,0.9173617918114169,1.3,1.3,1.3,0.8754300401658357,0.8150446372546681,0.7344472822276941,0.7237079285877928,0.8344446937056109,1.4538192025145489,0.710991264003596,0.710991264003596,0.7396097636244567,0.710991264003596,0.7921909394011701,1.0227863968814397,0.7472054003366577,0.7627082731637713,0.8291116899659319,0.7294024152519538,1.421982528007192,1.421982528007192,0.7566599479587888,0.7542058662580339,1.0094567868236004,0.710991264003596,1.4587018795321947,0.7460311089187506,0.8882889540987564,1.011264188252127,0.7717865951503811,0.710991264003596,0.734824740275009,0.7464600061181239,0.8528591552826672,0.7537419896894765,0.7910073433756477,0.7519602140072876,0.8938534369497243,1.260826739470835,0.7524702465291315,1.4258930154981506,0.8938858655693064,0.710991264003596,0.920470389442468,0.7416881174665231,0.8010224422153887,0.9857943308281356,0.710991264003596,0.8253795655341146,0.7260229311737212,0.7523870770618362,0.710991264003596,0.8101586718264026,0.777074269873186,0.8696172178153039,0.8880816732980049,0.710991264003596,1.3,0.8516144376147535,0.7262810656361772,0.7390092981998487,0.7333971768951495,1.421982528007192,1.280628547815506,0.7826134954048731,1.3,1.022456909755003,0.9147478918635784,1.3,0.8199753603383186,0.7171067248071825,1.480610796155546,0.7500824635105231,0.845023885429316,1.0387454921231853,0.7419915099493355,1.0376310644233728,0.8265003258473564,1.421982528007192,1.2335305175994808,0.725889606965607,0.7379659521131918,0.710991264003596,0.7309828264999543,0.8163079051160055,0.9491578561773839,0.7856575259533667,1.3,0.721090017703538,0.9185895017916011,0.8261783975598512
1,2,0.744647992282889,0.805419762454434,0.7688921853291073,1.0168488026015778,0.7238380990081603,0.78427534010989,0.7851107141983619,0.8816422353928179,0.9173617918114169,1.3,1.3,1.3,0.8754300401658357,0.8150446372546681,0.7344472822276941,0.7237079285877928,0.8344446937056109,1.4538192025145489,0.710991264003596,0.710991264003596,0.7396097636244567,0.710991264003596,0.7921909394011701,1.0227863968814397,0.7472054003366577,0.7627082731637713,0.8291116899659319,0.7294024152519538,1.421982528007192,1.421982528007192,0.7566599479587888,0.7542058662580339,1.0094567868236004,0.710991264003596,1.4587018795321947,0.7460311089187506,0.8882889540987564,1.011264188252127,0.7717865951503811,0.710991264003596,0.734824740275009,0.7464600061181239,0.8528591552826672,0.7537419896894765,0.7910073433756477,0.7519602140072876,0.8938534369497243,1.260826739470835,0.7524702465291315,1.4258930154981506,0.8938858655693064,0.710991264003596,0.920470389442468,0.7416881174665231,0.8010224422153887,0.9857943308281356,0.710991264003596,0.8253795655341146,0.7260229311737212,0.7523870770618362,0.710991264003596,0.8101586718264026,0.777074269873186,0.8696172178153039,0.8880816732980049,0.710991264003596,1.3,0.8516144376147535,0.7262810656361772,0.7390092981998487,0.7333971768951495,1.421982528007192,1.280628547815506,0.7826134954048731,1.3,1.022456909755003,0.9147478918635784,1.3,0.8199753603383186,0.7171067248071825,1.480610796155546,0.7500824635105231,0.845023885429316,1.0387454921231853,0.7419915099493355,1.0376310644233728,0.8265003258473564,1.421982528007192,1.2335305175994808,0.725889606965607,0.7379659521131918,0.710991264003596,0.7309828264999543,0.8163079051160055,0.9491578561773839,0.7856575259533667,1.3,0.721090017703538,0.9185895017916011,0.8261783975598512
1,3,0.744647992282889,0.805419762454434,0.7688921853291073,1.0168488026015778,0.7238380990081603,0.78427534010989,0.7851107141983619,0.8816422353928179,0.9173617918114169,1.3,1.3,1.3,0.8754300401658357,0.8150446372546681,0.7344472822276941,0.7237079285877928,0.8344446937056109,1.4538192025145489,0.710991264003596,0.710991264003596,0.7396097636244567,0.710991264003596,0.7921909394011701,1.0227863968814397,0.7472054003366577,0.7627082731637713,0.8291116899659319,0.7294024152519538,1.421982528007192,1.421982528007192,0.7566599479587888,0.7542058662580339,1.0094567868236004,0.710991264003596,1.4587018795321947,0.7460311089187506,0.8882889540987564,1.011264188252127,0.7717865951503811,0.710991264003596,0.734824740275009,0.7464600061181239,0.8528591552826672,0.7537419896894765,0.7910073433756477,0.7519602140072876,0.8938534369497243,1.260826739470835,0.7524702465291315,1.4258930154981506,0.8938858655693064,0.710991264003596,0.920470389442468,0.7416881174665231,0.8010224422153887,0.9857943308281356,0.710991264003596,0.8253795655341146,0.7260229311737212,0.7523870770618362,0.710991264003596,0.8101586718264026,0.777074269873186,0.8696172178153039,0.8880816732980049,0.710991264003596,1.3,0.8516144376147535,0.7262810656361772,0.7390092981998487,0.7333971768951495,1.421982528007192,1.280628547815506,0.7826134954048731,1.3,1.022456909755003,0.9147478918635784,1.3,0.8199753603383186,0.7171067248071825,1.480610796155546,0.7500824635105231,0.845023885429316,1.0387454921231853,0.7419915099493355,1.0376310644233728,0.8265003258473564,1.421982528007192,1.2335305175994808,0.725889606965607,0.7379659521131918,0.710991264003596,0.7309828264999543,0.8163079051160055,0.9491578561773839,0.7856575259533667,1.3,0.721090017703538,0.9185895017916011,0.8261783975598512
1,4,0.744647992282889,0.805419762454434,0.7688921853291073,1.0168488026015778,0.7238380990081603,0.78427534010989,0.7851107141983619,0.8816422353928179,0.9173617918114169,1.3,1.3,1.3,0.8754300401658357,0.8150446372546681,0.7344472822276941,0.7237079285877928,0.8344446937056109,1.4538192025145489,0.710991264003596,0.710991264003596,0.7396097636244567,0.710991264003596,0.7921909394011701,1.0227863968814397,0.7472054003366577,0.7627082731637713,0.8291116899659319,0.7294024152519538,1.421982528007192,1.421982528007192,0.7566599479587888,0.7542058662580339,1.0094567868236004,0.710991264003596,1.4587018795321947,0.7460311089187506,0.8882889540987564,1.011264188252127,0.7717865951503811,0.710991264003596,0.734824740275009,0.7464600061181239,0.8528591552826672,0.7537419896894765,0.7910073433756477,0.7519602140072876,0.8938534369497243,1.260826739470835,0.7524702465291315,1.4258930154981506,0.8938858655693064,0.710991264003596,0.920470389442468,0.7416881174665231,0.8010224422153887,0.9857943308281356,0.710991264003596,0.8253795655341146,0.7260229311737212,0.7523870770618362,0.710991264003596,0.8101586718264026,0.777074269873186,0.8696172178153039,0.8880816732980049,0.710991264003596,1.3,0.8516144376147535,0.7262810656361772,0.7390092981998487,0.7333971768951495,1.421982528007192,1.280628547815506,0.7826134954048731,1.3,1.022456909755003,0.9147478918635784,1.3,0.8199753603383186,0.7171067248071825,1.480610796155546,0.7500824635105231,0.845023885429316,1.0387454921231853,0.7419915099493355,1.0376310644233728,0.8265003258473564,1.421982528007192,1.2335305175994808,0.725889606965607,0.7379659521131918,0.710991264003596,0.7309828264999543,0.8163079051160055,0.9491578561773839,0.7856575259533667,1.3,0.721090017703538,0.9185895017916011,0.8261783975598512
1,5,0.744647992282889,0.805419762454434,0.7688921853291073,1.0168488026015778,0.7238380990081603,0.78427534010989,0.7851107141983619,0.8816422353928179,0.9173617918114169,1.3,1.3,1.3,0.8754300401658357,0.8150446372546681,0.7344472822276941,0.7237079285877928,0.8344446937056109,1.4538192025145489,0.710991264003596,0.710991264003596,0.7396097636244567,0.710991264003596,0.7921909394011701,1.0227863968814397,0.7472054003366577,0.7627082731637713,0.8291116899659319,0.7294024152519538,1.421982528007192,1.421982528007192,0.7566599479587888,0.7542058662580339,1.0094567868236004,0.710991264003596,1.4587018795321947,0.7460311089187506,0.8882889540987564,1.011264188252127,0.7717865951503811,0.710991264003596,0.734824740275009,0.7464600061181239,0.8528591552826672,0.7537419896894765,0.7910073433756477,0.7519602140072876,0.8938534369497243,1.260826739470835,0.7524702465291315,1.4258930154981506,0.8938858655693064,0.710991264003596,0.920470389442468,0.7416881174665231,0.8010224422153887,0.9857943308281356,0.710991264003596,0.8253795655341146,0.7260229311737212,0.7523870770618362,0.710991264003596,0.8101586718264026,0.777074269873186,0.8696172178153039,0.8880816732980049,0.710991264003596,1.3,0.8516144376147535,0.7262810656361772,0.7390092981998487,0.7333971768951495,1.421982528007192,1.280628547815506,0.7826134954048731,1.3,1.022456909755003,0.9147478918635784,1.3,0.8199753603383186,0.7171067248071825,1.480610796155546,0.7500824635105231,0.845023885429316,1.0387454921231853,0.7419915099493355,1.0376310644233728,0.8265003258473564,1.421982528007192,1.2335305175994808,0.725889606965607,0.7379659521131918,0.710991264003596,0.7309828264999543,0.8163079051160055,0.9491578561773839,0.7856575259533667,1.3,0.721090017703538,0.9185895017916011,0.8261783975598512
1,6,0.744647992282889,0.805419762454434,0.7688921853291073,1.0168488026015778,0.7238380990081603,0.78427534010989,0.7851107141983619,0.8816422353928179,0.9173617918114169,1.3,1.3,1.3,0.8754300401658357,0.8150446372546681,0.7344472822276941,0.7237079285877928,0.8344446937056109,1.4538192025145489,0.710991264003596,0.710991264003596,0.7396097636244567,0.710991264003596,0.7921909394011701,1.0227863968814397,0.7472054003366577,0.7627082731637713,0.8291116899659319,0.7294024152519538,1.421982528007192,1.421982528007192,0.7566599479587888,0.7542058662580339,1.0094567868236004,0.710991264003596,1.4587018795321947,0.7460311089187506,0.8882889540987564,1.011264188252127,0.7717865951503811,0.710991264003596,0.734824740275009,0.7464600061181239,0.8528591552826672,0.7537419896894765,0.7910073433756477,0.7519602140072876,0.8938534369497243,1.260826739470835,0.7524702465291315,1.4258930154981506,0.8938858655693064,0.710991264003596,0.920470389442468,0.7416881174665231,0.8010224422153887,0.9857943308281356,0.710991264003596,0.8253795655341146,0.7260229311737212,0.7523870770618362,0.710991264003596,0.8101586718264026,0.777074269873186,0.8696172178153039,0.8880816732980049,0.710991264003596,1.3,0.8516144376147535,0.7262810656361772,0.7390092981998487,0.7333971768951495,1.421982528007192,1.280628547815506,0.7826134954048731,1.3,1.022456909755003,0.9147478918635784,1.3,0.8199753603383186,0.7171067248071825,1.480610796155546,0.7500824635105231,0.845023885429316,1.0387454921231853,0.7419915099493355,1.0376310644233728,0.8265003258473564,1.421982528007192,1.2335305175994808,0.725889606965607,0.7379659521131918,0.710991264003596,0.7309828264999543,0.8163079051160055,0.9491578561773839,0.7856575259533667,1.3,0.721090017703538,0.9185895017916011,0.8261783975598512
1,7,0.744647992282889,0.805419762454434,0.7688921853291073,1.0168488026015778,0.7238380990081603,0.78427534010989,0.7851107141983619,0.8816422353928179,0.9173617918114169,1.3,1.3,1.3,0.8754300401658357,0.8150446372546681,0.7344472822276941,0.7237079285877928,0.8344446937056109,1.4538192025145489,0.710991264003596,0.710991264003596,0.7396097636244567,0.710991264003596,0.7921909394011701,1.0227863968814397,0.7472054003366577,0.7627082731637713,0.8291116899659319,0.7294024152519538,1.421982528007192,1.421982528007192,0.7566599479587888,0.7542058662580339,1.0094567868236004,0.710991264003596,1.4587018795321947,0.7460311089187506,0.8882889540987564,1.011264188252127,0.7717865951503811,0.710991264003596,0.734824740275009,0.7464600061181239,0.8528591552826672,0.7537419896894765,0.7910073433756477,0.7519602140072876,0.8938534369497243,1.260826739470835,0.7524702465291315,1.4258930154981506,0.8938858655693064,0.710991264003596,0.920470389442468,0.7416881174665231,0.8010224422153887,0.9857943308281356,0.710991264003596,0.8253795655341146,0.7260229311737212,0.7523870770618362,0.710991264003596,0.8101586718264026,0.777074269873186,0.8696172178153039,0.8880816732980049,0.710991264003596,1.3,0.8516144376147535,0.7262810656361772,0.7390092981998487,0.7333971768951495,1.421982528007192,1.280628547815506,0.7826134954048731,1.3,1.022456909755003,0.9147478918635784,1.3,0.8199753603383186,0.7171067248071825,1.480610796155546,0.7500824635105231,0.845023885429316,1.0387454921231853,0.7419915099493355,1.0376310644233728,0.8265003258473564,1.421982528007192,1.2335305175994808,0.725889606965607,0.7379659521131918,0.710991264003596,0.7309828264999543,0.8163079051160055,0.9491578561773839,0.7856575259533667,1.3,0.721090017703538,0.9185895017916011,0.8261783975598512
1,8,0.744647992282889,0.805419762454434,0.7688921853291073,1.0168488026015778,0.7238380990081603,0.78427534010989,0.7851107141983619,0.8816422353928179,0.9173617918114169,1.3,1.3,1.3,0.8754300401658357,0.8150446372546681,0.7344472822276941,0.7237079285877928,0.8344446937056109,1.4538192025145489,0.710991264003596,0.710991264003596,0.7396097636244567,0.710991264003596,0.7921909394011701,1.0227863968814397,0.7472054003366577,0.7627082731637713,0.8291116899659319,0.7294024152519538,1.421982528007192,1.421982528007192,0.7566599479587888,0.7542058662580339,1.0094567868236004,0.710991264003596,1.4587018795321947,0.7460311089187506,0.8882889540987564,1.011264188252127,0.7717865951503811,0.710991264003596,0.734824740275009,0.7464600061181239,0.8528591552826672,0.7537419896894765,0.7910073433756477,0.7519602140072876,0.8938534369497243,1.260826739470835,0.7524702465291315,1.4258930154981506,0.8938858655693064,0.710991264003596,0.920470389442468,0.7416881174665231,0.8010224422153887,0.9857943308281356,0.710991264003596,0.8253795655341146,0.7260229311737212,0.7523870770618362,0.710991264003596,0.8101586718264026,0.777074269873186,0.8696172178153039,0.8880816732980049,0.710991264003596,1.3,0.8516144376147535,0.7262810656361772,0.7390092981998487,0.7333971768951495,1.421982528007192,1.280628547815506,0.7826134954048731,1.3,1.022456909755003,0.9147478918635784,1.3,0.8199753603383186,0.7171067248071825,1.480610796155546,0.7500824635105231,0.845023885429316,1.0387454921231853,0.7419915099493355,1.0376310644233728,0.8265003258473564,1.421982528007192,1.2335305175994808,0.725889606965607,0.7379659521131918,0.710991264003596,0.7309828264999543,0.8163079051160055,0.9491578561773839,0.7856575259533667,1.3,0.721090017703538,0.9185895017916011,0.8261783975598512
1,9,0.744647992282889,0.805419762454434,0.7688921853291073,1.0168488026015778,0.7238380990081603,0.78427534010989,0.7851107141983619,0.8816422353928179,0.9173617918114169,1.3,1.3,1.3,0.8754300401658357,0.8150446372546681,0.7344472822276941,0.7237079285877928,0.8344446937056109,1.4538192025145489,0.710991264003596,0.710991264003596,0.7396097636244567,0.710991264003596,0.7921909394011701,1.0227863968814397,0.7472054003366577,0.7627082731637713,0.8291116899659319,0.7294024152519538,1.421982528007192,1.421982528007192,0.7566599479587888,0.7542058662580339,1.0094567868236004,0.710991264003596,1.4587018795321947,0.7460311089187506,0.8882889540987564,1.011264188252127,0.7717865951503811,0.710991264003596,0.734824740275009,0.7464600061181239,0.8528591552826672,0.7537419896894765,0.7910073433756477,0.7519602140072876,0.8938534369497243,1.260826739470835,0.7524702465291315,1.4258930154981506,0.8938858655693064,0.710991264003596,0.920470389442468,0.7416881174665231,0.8010224422153887,0.9857943308281356,0.710991264003596,0.8253795655341146,0.7260229311737212,0.7523870770618362,0.710991264003596,0.8101586718264026,0.777074269873186,0.8696172178153039,0.8880816732980049,0.710991264003596,1.3,0.8516144376147535,0.7262810656361772,0.7390092981998487,0.7333971768951495,1.421982528007192,1.280628547815506,0.7826134954048731,1.3,1.022456909755003,0.9147478918635784,1.3,0.8199753603383186,0.7171067248071825,1.480610796155546,0.7500824635105231,0.845023885429316,1.0387454921231853,0.7419915099493355,1.0376310644233728,0.8265003258473564,1.421982528007192,1.2335305175994808,0.725889606965607,0.7379659521131918,0.710991264003596,0.7309828264999543,0.8163079051160055,0.9491578561773839,0.7856575259533667,1.3,0.721090017703538,0.9185895017916011,0.8261783975598512
1,10,0.744647992282889,0.805419762454434,0.7688921853291073,1.0168488026015778,0.7238380990081603,0.78427534010989,0.7851107141983619,0.8816422353928179,0.9173617918114169,1.3,1.3,1.3,0.8754300401658357,0.8150446372546681,0.7344472822276941,0.7237079285877928,0.8344446937056109,1.4538192025145489,0.710991264003596,0.710991264003596,0.7396097636244567,0.710991264003596,0.7921909394011701,1.0227863968814397,0.7472054003366577,0.7627082731637713,0.8291116899659319,0.7294024152519538,1.421982528007192,1.421982528007192,0.7566599479587888,0.7542058662580339,1.0094567868236004,0.710991264003596,1.4587018795321947,0.7460311089187506,0.8882889540987564,1.011264188252127,0.7717865951503811,0.710991264003596,0.734824740275009,0.7464600061181239,0.8528591552826672,0.7537419896894765,0.7910073433756477,0.7519602140072876,0.8938534369497243,1.260826739470835,0.7524702465291315,1.4258930154981506,0.8938858655693064,0.710991264003596,0.920470389442468,0.7416881174665231,0.8010224422153887,0.9857943308281356,0.710991264003596,0.8253795655341146,0.7260229311737212,0.7523870770618362,0.710991264003596,0.8101586718264026,0.777074269873186,0.8696172178153039,0.8880816732980049,0.710991264003596,1.3,0.8516144376147535,0.7262810656361772,0.7390092981998487,0.7333971768951495,1.421982528007192,1.280628547815506,0.7826134954048731,1.3,1.022456909755003,0.9147478918635784,1.3,0.8199753603383186,0.7171067248071825,1.480610796155546,0.7500824635105231,0.845023885429316,1.0387454921231853,0.7419915099493355,1.0376310644233728,0.8265003258473564,1.421982528007192,1.2335305175994808,0.725889606965607,0.7379659521131918,0.710991264003596,0.7309828264999543,0.8163079051160055,0.9491578561773839,0.7856575259533667,1.3,0.721090017703538,0.9185895017916011,0.8261783975598512
1,11,0.744647992282889,0.805419762454434,0.7688921853291073,1.0168488026015778,0.7238380990081603,0.78427534010989,0.7851107141983619,0.8816422353928179,0.9173617918114169,1.3,1.3,1.3,0.8754300401658357,0.8150446372546681,0.7344472822276941,0.7237079285877928,0.8344446937056109,1.4538192025145489,0.710991264003596,0.710991264003596,0.7396097636244567,0.710991264003596,0.7921909394011701,1.0227863968814397,0.7472054003366577,0.7627082731637713,0.8291116899659319,0.7294024152519538,1.421982528007192,1.421982528007192,0.7566599479587888,0.7542058662580339,1.0094567868236004,0.710991264003596,1.4587018795321947,0.7460311089187506,0.8882889540987564,1.011264188252127,0.7717865951503811,0.710991264003596,0.734824740275009,0.7464600061181239,0.8528591552826672,0.7537419896894765,0.7910073433756477,0.7519602140072876,0.8938534369497243,1.260826739470835,0.7524702465291315,1.4258930154981506,0.8938858655693064,0.710991264003596,0.920470389442468,0.7416881174665231,0.8010224422153887,0.9857943308281356,0.710991264003596,0.8253795655341146,0.7260229311737212,0.7523870770618362,0.710991264003596,0.8101586718264026,0.777074269873186,0.8696172178153039,0.8880816732980049,0.710991264003596,1.3,0.8516144376147535,0.7262810656361772,0.7390092981998487,0.7333971768951495,1.421982528007192,1.280628547815506,0.7826134954048731,1.3,1.022456909755003,0.9147478918635784,1.3,0.8199753603383186,0.7171067248071825,1.480610796155546,0.7500824635105231,0.845023885429316,1.0387454921231853,0.7419915099493355,1.0376310644233728,0.8265003258473564,1.421982528007192,1.2335305175994808,0.725889606965607,0.7379659521131918,0.710991264003596,0.7309828264999543,0.8163079051160055,0.9491578561773839,0.7856575259533667,1.3,0.721090017703538,0.9185895017916011,0.8261783975598512
1,12,0.744647992282889,0.805419762454434,0.7688921853291073,1.0168488026015778,0.7238380990081603,0.78427534010989,0.7851107141983619,0.8816422353928179,0.9173617918114169,1.3,1.3,1.3,0.8754300401658357,0.8150446372546681,0.7344472822276941,0.7237079285877928,0.8344446937056109,1.4538192025145489,0.710991264003596,0.710991264003596,0.7396097636244567,0.710991264003596,0.7921909394011701,1.0227863968814397,0.7472054003366577,0.7627082731637713,0.8291116899659319,0.7294024152519538,1.421982528007192,1.421982528007192,0.7566599479587888,0.7542058662580339,1.0094567868236004,0.710991264003596,1.4587018795321947,0.7460311089187506,0.8882889540987564,1.011264188252127,0.7717865951503811,0.710991264003596,0.734824740275009,0.7464600061181239,0.8528591552826672,0.7537419896894765,0.7910073433756477,0.7519602140072876,0.8938534369497243,1.260826739470835,0.7524702465291315,1.4258930154981506,0.8938858655693064,0.710991264003596,0.920470389442468,0.7416881174665231,0.8010224422153887,0.9857943308281356,0.710991264003596,0.8253795655341146,0.7260229311737212,0.7523870770618362,0.710991264003596,0.8101586718264026,0.777074269873186,0.8696172178153039,0.8880816732980049,0.710991264003596,1.3,0.8516144376147535,0.7262810656361772,0.7390092981998487,0.7333971768951495,1.421982528007192,1.280628547815506,0.7826134954048731,1.3,1.022456909755003,0.9147478918635784,1.3,0.8199753603383186,0.7171067248071825,1.480610796155546,0.7500824635105231,0.845023885429316,1.0387454921231853,0.7419915099493355,1.0376310644233728,0.8265003258473564,1.421982528007192,1.2335305175994808,0.725889606965607,0.7379659521131918,0.710991264003596,0.7309828264999543,0.8163079051160055,0.9491578561773839,0.7856575259533667,1.3,0.721090017703538,0.9185895017916011,0.8261783975598512
1,13,0.744647992282889,0.805419762454434,0.7688921853291073,1.0168488026015778,0.7238380990081603,0.78427534010989,0.7851107141983619,0.8816422353928179,0.9173617918114169,1.3,1.3,1.3,0.8754300401658357,0.8150446372546681,0.7344472822276941,0.7237079285877928,0.8344446937056109,1.4538192025145489,0.710991264003596,0.710991264003596,0.7396097636244567,0.710991264003596,0.7921909394011701,1.0227863968814397,0.7472054003366577,0.7627082731637713,0.8291116899659319,0.7294024152519538,1.421982528007192,1.421982528007192,0.7566599479587888,0.7542058662580339,1.0094567868236004,0.710991264003596,1.4587018795321947,0.7460311089187506,0.8882889540987564,1.011264188252127,0.7717865951503811,0.710991264003596,0.734824740275009,0.7464600061181239,0.8528591552826672,0.7537419896894765,0.7910073433756477,0.7519602140072876,0.8938534369497243,1.260826739470835,0.7524702465291315,1.4258930154981506,0.8938858655693064,0.710991264003596,0.920470389442468,0.7416881174665231,0.8010224422153887,0.9857943308281356,0.710991264003596,0.8253795655341146,0.7260229311737212,0.7523870770618362,0.710991264003596,0.8101586718264026,0.777074269873186,0.8696172178153039,0.8880816732980049,0.710991264003596,1.3,0.8516144376147535,0.7262810656361772,0.7390092981998487,0.7333971768951495,1.421982528007192,1.280628547815506,0.7826134954048731,1.3,1.022456909755003,0.9147478918635784,1.3,0.8199753603383186,0.7171067248071825,1.480610796155546,0.7500824635105231,0.845023885429316,1.0387454921231853,0.7419915099493355,1.0376310644233728,0.8265003258473564,1.421982528007192,1.2335305175994808,0.725889606965607,0.7379659521131918,0.710991264003596,0.7309828264999543,0.8163079051160055,0.9491578561773839,0.7856575259533667,1.3,0.721090017703538,0.9185895017916011,0.8261783975598512
1,14,0.744647992282889,0.805419762454434,0.7688921853291073,1.0168488026015778,0.7238380990081603,0.78427534010989,0.7851107141983619,0.8816422353928179,0.9173617918114169,1.3,1.3,1.3,0.8754300401658357,0.8150446372546681,0.7344472822276941,0.7237079285877928,0.8344446937056109,1.4538192025145489,0.710991264003596,0.710991264003596,0.7396097636244567,0.710991264003596,0.7921909394011701,1.0227863968814397,0.7472054003366577,0.7627082731637713,0.8291116899659319,0.7294024152519538,1.421982528007192,1.421982528007192,0.7566599479587888,0.7542058662580339,1.0094567868236004,0.710991264003596,1.4587018795321947,0.7460311089187506,0.8882889540987564,1.011264188252127,0.7717865951503811,0.710991264003596,0.734824740275009,0.7464600061181239,0.8528591552826672,0.7537419896894765,0.7910073433756477,0.7519602140072876,0.8938534369497243,1.260826739470835,0.7524702465291315,1.4258930154981506,0.8938858655693064,0.710991264003596,0.920470389442468,0.7416881174665231,0.8010224422153887,0.9857943308281356,0.710991264003596,0.8253795655341146,0.7260229311737212,0.7523870770618362,0.710991264003596,0.8101586718264026,0.777074269873186,0.8696172178153039,0.8880816732980049,0.710991264003596,1.3,0.8516144376147535,0.7262810656361772,0.7390092981998487,0.7333971768951495,1.421982528007192,1.280628547815506,0.7826134954048731,1.3,1.022456909755003,0.9147478918635784,1.3,0.8199753603383186,0.7171067248071825,1.480610796155546,0.7500824635105231,0.845023885429316,1.0387454921231853,0.7419915099493355,1.0376310644233728,0.8265003258473564,1.421982528007192,1.2335305175994808,0.725889606965607,0.7379659521131918,0.710991264003596,0.7309828264999543,0.8163079051160055,0.9491578561773839,0.7856575259533667,1.3,0.721090017703538,0.9185895017916011,0.8261783975598512
1,15,0.744647992282889,0.805419762454434,0.7688921853291073,1.0168488026015778,0.7238380990081603,0.78427534010989,0.7851107141983619,0.8816422353928179,0.9173617918114169,1.3,1.3,1.3,0.8754300401658357,0.8150446372546681,0.7344472822276941,0.7237079285877928,0.8344446937056109,1.4538192025145489,0.710991264003596,0.710991264003596,0.7396097636244567,0.710991264003596,0.7921909394011701,1.0227863968814397,0.7472054003366577,0.7627082731637713,0.8291116899659319,0.7294024152519538,1.421982528007192,1.421982528007192,0.7566599479587888,0.7542058662580339,1.0094567868236004,0.710991264003596,1.4587018795321947,0.7460311089187506,0.8882889540987564,1.011264188252127,0.7717865951503811,0.710991264003596,0.734824740275009,0.7464600061181239,0.8528591552826672,0.7537419896894765,0.7910073433756477,0.7519602140072876,0.8938534369497243,1.260826739470835,0.7524702465291315,1.4258930154981506,0.8938858655693064,0.710991264003596,0.920470389442468,0.7416881174665231,0.8010224422153887,0.9857943308281356,0.710991264003596,0.8253795655341146,0.7260229311737212,0.7523870770618362,0.710991264003596,0.8101586718264026,0.777074269873186,0.8696172178153039,0.8880816732980049,0.710991264003596,1.3,0.8516144376147535,0.7262810656361772,0.7390092981998487,0.7333971768951495,1.421982528007192,1.280628547815506,0.7826134954048731,1.3,1.022456909755003,0.9147478918635784,1.3,0.8199753603383186,0.7171067248071825,1.480610796155546,0.7500824635105231,0.845023885429316,1.0387454921231853,0.7419915099493355,1.0376310644233728,0.8265003258473564,1.421982528007192,1.2335305175994808,0.725889606965607,0.7379659521131918,0.710991264003596,0.7309828264999543,0.8163079051160055,0.9491578561773839,0.7856575259533667,1.3,0.721090017703538,0.9185895017916011,0.8261783975598512
1,16,0.744647992282889,0.805419762454434,0.7688921853291073,1.0168488026015778,0.7238380990081603,0.78427534010989,0.7851107141983619,0.8816422353928179,0.9173617918114169,1.3,1.3,1.3,0.8754300401658357,0.8150446372546681,0.7344472822276941,0.7237079285877928,0.8344446937056109,1.4538192025145489,0.710991264003596,0.710991264003596,0.7396097636244567,0.710991264003596,0.7921909394011701,1.0227863968814397,0.7472054003366577,0.7627082731637713,0.8291116899659319,0.7294024152519538,1.421982528007192,1.421982528007192,0.7566599479587888,0.7542058662580339,1.0094567868236004,0.710991264003596,1.4587018795321947,0.7460311089187506,0.8882889540987564,1.011264188252127,0.7717865951503811,0.710991264003596,0.734824740275009,0.7464600061181239,0.8528591552826672,0.7537419896894765,0.7910073433756477,0.7519602140072876,0.8938534369497243,1.260826739470835,0.7524702465291315,1.4258930154981506,0.8938858655693064,0.710991264003596,0.920470389442468,0.7416881174665231,0.8010224422153887,0.9857943308281356,0.710991264003596,0.8253795655341146,0.7260229311737212,0.7523870770618362,0.710991264003596,0.8101586718264026,0.777074269873186,0.8696172178153039,0.8880816732980049,0.710991264003596,1.3,0.8516144376147535,0.7262810656361772,0.7390092981998487,0.7333971768951495,1.421982528007192,1.280628547815506,0.7826134954048731,1.3,1.022456909755003,0.9147478918635784,1.3,0.8199753603383186,0.7171067248071825,1.480610796155546,0.7500824635105231,0.845023885429316,1.0387454921231853,0.7419915099493355,1.0376310644233728,0.8265003258473564,1.421982528007192,1.2335305175994808,0.725889606965607,0.7379659521131918,0.710991264003596,0.7309828264999543,0.8163079051160055,0.9491578561773839,0.7856575259533667,1.3,0.721090017703538,0.9185895017916011,0.8261783975598512
1,17,0.744647992282889,0.805419762454434,0.7688921853291073,1.0168488026015778,0.7238380990081603,0.78427534010989,0.7851107141983619,0.8816422353928179,0.9173617918114169,1.3,1.3,1.3,0.8754300401658357,0.8150446372546681,0.7344472822276941,0.7237079285877928,0.8344446937056109,1.4538192025145489,0.710991264003596,0.710991264003596,0.7396097636244567,0.710991264003596,0.7921909394011701,1.0227863968814397,0.7472054003366577,0.7627082731637713,0.8291116899659319,0.7294024152519538,1.421982528007192,1.421982528007192,0.7566599479587888,0.7542058662580339,1.0094567868236004,0.710991264003596,1.4587018795321947,0.7460311089187506,0.8882889540987564,1.011264188252127,0.7717865951503811,0.710991264003596,0.734824740275009,0.7464600061181239,0.8528591552826672,0.7537419896894765,0.7910073433756477,0.7519602140072876,0.8938534369497243,1.260826739470835,0.7524702465291315,1.4258930154981506,0.8938858655693064,0.710991264003596,0.920470389442468,0.7416881174665231,0.8010224422153887,0.9857943308281356,0.710991264003596,0.8253795655341146,0.7260229311737212,0.7523870770618362,0.710991264003596,0.8101586718264026,0.777074269873186,0.8696172178153039,0.8880816732980049,0.710991264003596,1.3,0.8516144376147535,0.7262810656361772,0.7390092981998487,0.7333971768951495,1.421982528007192,1.280628547815506,0.7826134954048731,1.3,1.022456909755003,0.9147478918635784,1.3,0.8199753603383186,0.7171067248071825,1.480610796155546,0.7500824635105231,0.845023885429316,1.0387454921231853,0.7419915099493355,1.0376310644233728,0.8265003258473564,1.421982528007192,1.2335305175994808,0.725889606965607,0.7379659521131918,0.710991264003596,0.7309828264999543,0.8163079051160055,0.9491578561773839,0.7856575259533667,1.3,0.721090017703538,0.9185895017916011,0.8261783975598512
1,18,0.744647992282889,0.805419762454434,0.7688921853291073,1.0168488026015778,0.7238380990081603,0.78427534010989,0.7851107141983619,0.8816422353928179,0.9173617918114169,1.3,1.3,1.3,0.8754300401658357,0.8150446372546681,0.7344472822276941,0.7237079285877928,0.8344446937056109,1.4538192025145489,0.710991264003596,0.710991264003596,0.7396097636244567,0.710991264003596,0.7921909394011701,1.0227863968814397,0.7472054003366577,0.7627082731637713,0.8291116899659319,0.7294024152519538,1.421982528007192,1.421982528007192,0.7566599479587888,0.7542058662580339,1.0094567868236004,0.710991264003596,1.4587018795321947,0.7460311089187506,0.8882889540987564,1.011264188252127,0.7717865951503811,0.710991264003596,0.734824740275009,0.7464600061181239,0.8528591552826672,0.7537419896894765,0.7910073433756477,0.7519602140072876,0.8938534369497243,1.260826739470835,0.7524702465291315,1.4258930154981506,0.8938858655693064,0.710991264003596,0.920470389442468,0.7416881174665231,0.8010224422153887,0.9857943308281356,0.710991264003596,0.8253795655341146,0.7260229311737212,0.7523870770618362,0.710991264003596,0.8101586718264026,0.777074269873186,0.8696172178153039,0.8880816732980049,0.710991264003596,1.3,0.8516144376147535,0.7262810656361772,0.7390092981998487,0.7333971768951495,1.421982528007192,1.280628547815506,0.7826134954048731,1.3,1.022456909755003,0.9147478918635784,1.3,0.8199753603383186,0.7171067248071825,1.480610796155546,0.7500824635105231,0.845023885429316,1.0387454921231853,0.7419915099493355,1.0376310644233728,0.8265003258473564,1.421982528007192,1.2335305175994808,0.725889606965607,0.7379659521131918,0.710991264003596,0.7309828264999543,0.8163079051160055,0.9491578561773839,0.7856575259533667,1.3,0.721090017703538,0.9185895017916011,0.8261783975598512
1,19,0.744647992282889,0.805419762454434,0.7688921853291073,1.0168488026015778,0.7238380990081603,0.78427534010989,0.7851107141983619,0.8816422353928179,0.9173617918114169,1.3,1.3,1.3,0.8754300401658357,0.8150446372546681,0.7344472822276941,0.7237079285877928,0.8344446937056109,1.4538192025145489,0.710991264003596,0.710991264003596,0.7396097636244567,0.710991264003596,0.7921909394011701,1.0227863968814397,0.7472054003366577,0.7627082731637713,0.8291116899659319,0.7294024152519538,1.421982528007192,1.421982528007192,0.7566599479587888,0.7542058662580339,1.0094567868236004,0.710991264003596,1.4587018795321947,0.7460311089187506,0.8882889540987564,1.011264188252127,0.7717865951503811,0.710991264003596,0.734824740275009,0.7464600061181239,0.8528591552826672,0.7537419896894765,0.7910073433756477,0.7519602140072876,0.8938534369497243,1.260826739470835,0.7524702465291315,1.4258930154981506,0.8938858655693064,0.710991264003596,0.920470389442468,0.7416881174665231,0.8010224422153887,0.9857943308281356,0.710991264003596,0.8253795655341146,0.7260229311737212,0.7523870770618362,0.710991264003596,0.8101586718264026,0.777074269873186,0.8696172178153039,0.8880816732980049,0.710991264003596,1.3,0.8516144376147535,0.7262810656361772,0.7390092981998487,0.7333971768951495,1.421982528007192,1.280628547815506,0.7826134954048731,1.3,1.022456909755003,0.9147478918635784,1.3,0.8199753603383186,0.7171067248071825,1.480610796155546,0.7500824635105231,0.845023885429316,1.0387454921231853,0.7419915099493355,1.0376310644233728,0.8265003258473564,1.421982528007192,1.2335305175994808,0.725889606965607,0.7379659521131918,0.710991264003596,0.7309828264999543,0.8163079051160055,0.9491578561773839,0.7856575259533667,1.3,0.721090017703538,0.9185895017916011,0.8261783975598512
1,20,0.744647992282889,0.805419762454434,0.7688921853291073,1.0168488026015778,0.7238380990081603,0.78427534010989,0.7851107141983619,0.8816422353928179,0.9173617918114169,1.3,1.3,1.3,0.8754300401658357,0.8150446372546681,0.7344472822276941,0.7237079285877928,0.8344446937056109,1.4538192025145489,0.710991264003596,0.710991264003596,0.7396097636244567,0.710991264003596,0.7921909394011701,1.0227863968814397,0.7472054003366577,0.7627082731637713,0.8291116899659319,0.7294024152519538,1.421982528007192,1.421982528007192,0.7566599479587888,0.7542058662580339,1.0094567868236004,0.710991264003596,1.4587018795321947,0.7460311089187506,0.8882889540987564,1.011264188252127,0.7717865951503811,0.710991264003596,0.734824740275009,0.7464600061181239,0.8528591552826672,0.7537419896894765,0.7910073433756477,0.7519602140072876,0.8938534369497243,1.260826739470835,0.7524702465291315,1.4258930154981506,0.8938858655693064,0.710991264003596,0.920470389442468,0.7416881174665231,0.8010224422153887,0.9857943308281356,0.710991264003596,0.8253795655341146,0.7260229311737212,0.7523870770618362,0.710991264003596,0.8101586718264026,0.777074269873186,0.8696172178153039,0.8880816732980049,0.710991264003596,1.3,0.8516144376147535,0.7262810656361772,0.7390092981998487,0.7333971768951495,1.421982528007192,1.280628547815506,0.7826134954048731,1.3,1.022456909755003,0.9147478918635784,1.3,0.8199753603383186,0.7171067248071825,1.480610796155546,0.7500824635105231,0.845023885429316,1.0387454921231853,0.7419915099493355,1.0376310644233728,0.8265003258473564,1.421982528007192,1.2335305175994808,0.725889606965607,0.7379659521131918,0.710991264003596,0.7309828264999543,0.8163079051160055,0.9491578561773839,0.7856575259533667,1.3,0.721090017703538,0.9185895017916011,0.8261783975598512
1,21,0.744647992282889,0.805419762454434,0.7688921853291073,1.0168488026015778,0.7238380990081603,0.78427534010989,0.7851107141983619,0.8816422353928179,0.9173617918114169,1.3,1.3,1.3,0.8754300401658357,0.8150446372546681,0.7344472822276941,0.7237079285877928,0.8344446937056109,1.4538192025145489,0.710991264003596,0.710991264003596,0.7396097636244567,0.710991264003596,0.7921909394011701,1.0227863968814397,0.7472054003366577,0.7627082731637713,0.8291116899659319,0.7294024152519538,1.421982528007192,1.421982528007192,0.7566599479587888,0.7542058662580339,1.0094567868236004,0.710991264003596,1.4587018795321947,0.7460311089187506,0.8882889540987564,1.011264188252127,0.7717865951503811,0.710991264003596,0.734824740275009,0.7464600061181239,0.8528591552826672,0.7537419896894765,0.7910073433756477,0.7519602140072876,0.8938534369497243,1.260826739470835,0.7524702465291315,1.4258930154981506,0.8938858655693064,0.710991264003596,0.920470389442468,0.7416881174665231,0.8010224422153887,0.9857943308281356,0.710991264003596,0.8253795655341146,0.7260229311737212,0.7523870770618362,0.710991264003596,0.8101586718264026,0.777074269873186,0.8696172178153039,0.8880816732980049,0.710991264003596,1.3,0.8516144376147535,0.7262810656361772,0.7390092981998487,0.7333971768951495,1.421982528007192,1.280628547815506,0.7826134954048731,1.3,1.022456909755003,0.9147478918635784,1.3,0.8199753603383186,0.7171067248071825,1.480610796155546,0.7500824635105231,0.845023885429316,1.0387454921231853,0.7419915099493355,1.0376310644233728,0.8265003258473564,1.421982528007192,1.2335305175994808,0.725889606965607,0.7379659521131918,0.710991264003596,0.7309828264999543,0.8163079051160055,0.9491578561773839,0.7856575259533667,1.3,0.721090017703538,0.9185895017916011,0.8261783975598512
1,22,0.744647992282889,0.805419762454434,0.7688921853291073,1.0168488026015778,0.7238380990081603,0.78427534010989,0.7851107141983619,0.8816422353928179,0.9173617918114169,1.3,1.3,1.3,0.8754300401658357,0.8150446372546681,0.7344472822276941,0.7237079285877928,0.8344446937056109,1.4538192025145489,0.710991264003596,0.710991264003596,0.7396097636244567,0.710991264003596,0.7921909394011701,1.0227863968814397,0.7472054003366577,0.7627082731637713,0.8291116899659319,0.7294024152519538,1.421982528007192,1.421982528007192,0.7566599479587888,0.7542058662580339,1.0094567868236004,0.710991264003596,1.4587018795321947,0.7460311089187506,0.8882889540987564,1.011264188252127,0.7717865951503811,0.710991264003596,0.734824740275009,0.7464600061181239,0.8528591552826672,0.7537419896894765,0.7910073433756477,0.7519602140072876,0.8938534369497243,1.260826739470835,0.7524702465291315,1.4258930154981506,0.8938858655693064,0.710991264003596,0.920470389442468,0.7416881174665231,0.8010224422153887,0.9857943308281356,0.710991264003596,0.8253795655341146,0.7260229311737212,0.7523870770618362,0.710991264003596,0.8101586718264026,0.777074269873186,0.8696172178153039,0.8880816732980049,0.710991264003596,1.3,0.8516144376147535,0.7262810656361772,0.7390092981998487,0.7333971768951495,1.421982528007192,1.280628547815506,0.7826134954048731,1.3,1.022456909755003,0.9147478918635784,1.3,0.8199753603383186,0.7171067248071825,1.480610796155546,0.7500824635105231,0.845023885429316,1.0387454921231853,0.7419915099493355,1.0376310644233728,0.8265003258473564,1.421982528007192,1.2335305175994808,0.725889606965607,0.7379659521131918,0.710991264003596,0.7309828264999543,0.8163079051160055,0.9491578561773839,0.7856575259533667,1.3,0.721090017703538,0.9185895017916011,0.8261783975598512
1,23,0.744647992282889,0.805419762454434,0.7688921853291073,1.0168488026015778,0.7238380990081603,0.78427534010989,0.7851107141983619,0.8816422353928179,0.9173617918114169,1.3,1.3,1.3,0.8754300401658357,0.8150446372546681,0.7344472822276941,0.7237079285877928,0.8344446937056109,1.4538192025145489,0.710991264003596,0.710991264003596,0.7396097636244567,0.710991264003596,0.7921909394011701,1.0227863968814397,0.7472054003366577,0.7627082731637713,0.8291116899659319,0.7294024152519538,1.421982528007192,1.421982528007192,0.7566599479587888,0.7542058662580339,1.0094567868236004,0.710991264003596,1.4587018795321947,0.7460311089187506,0.8882889540987564,1.011264188252127,0.7717865951503811,0.710991264003596,0.734824740275009,0.7464600061181239,0.8528591552826672,0.7537419896894765,0.7910073433756477,0.7519602140072876,0.8938534369497243,1.260826739470835,0.7524702465291315,1.4258930154981506,0.8938858655693064,0.710991264003596,0.920470389442468,0.7416881174665231,0.8010224422153887,0.9857943308281356,0.710991264003596,0.8253795655341146,0.7260229311737212,0.7523870770618362,0.710991264003596,0.8101586718264026,0.777074269873186,0.8696172178153039,0.8880816732980049,0.710991264003596,1.3,0.8516144376147535,0.7262810656361772,0.7390092981998487,0.7333971768951495,1.421982528007192,1.280628547815506,0.7826134954048731,1.3,1.022456909755003,0.9147478918635784,1.3,0.8199753603383186,0.7171067248071825,1.480610796155546,0.7500824635105231,0.845023885429316,1.0387454921231853,0.7419915099493355,1.0376310644233728,0.8265003258473564,1.421982528007192,1.2335305175994808,0.725889606965607,0.7379659521131918,0.710991264003596,0.7309828264999543,0.8163079051160055,0.9491578561773839,0.7856575259533667,1.3,0.721090017703538,0.9185895017916011,0.8261783975598512
1,24,0.744647992282889,0.805419762454434,0.7688921853291073,1.0168488026015778,0.7238380990081603,0.78427534010989,0.7851107141983619,0.8816422353928179,0.9173617918114169,1.3,1.3,1.3,0.8754300401658357,0.8150446372546681,0.7344472822276941,0.7237079285877928,0.8344446937056109,1.4538192025145489,0.710991264003596,0.710991264003596,0.7396097636244567,0.710991264003596,0.7921909394011701,1.0227863968814397,0.7472054003366577,0.7627082731637713,0.8291116899659319,0.7294024152519538,1.421982528007192,1.421982528007192,0.7566599479587888,0.7542058662580339,1.0094567868236004,0.710991264003596,1.4587018795321947,0.7460311089187506,0.8882889540987564,1.011264188252127,0.7717865951503811,0.710991264003596,0.734824740275009,0.7464600061181239,0.8528591552826672,0.7537419896894765,0.7910073433756477,0.7519602140072876,0.8938534369497243,1.260826739470835,0.7524702465291315,1.4258930154981506,0.8938858655693064,0.710991264003596,0.920470389442468,0.7416881174665231,0.8010224422153887,0.9857943308281356,0.710991264003596,0.8253795655341146,0.7260229311737212,0.7523870770618362,0.710991264003596,0.8101586718264026,0.777074269873186,0.8696172178153039,0.8880816732980049,0.710991264003596,1.3,0.8516144376147535,0.7262810656361772,0.7390092981998487,0.7333971768951495,1.421982528007192,1.280628547815506,0.7826134954048731,1.3,1.022456909755003,0.9147478918635784,1.3,0.8199753603383186,0.7171067248071825,1.480610796155546,0.7500824635105231,0.845023885429316,1.0387454921231853,0.7419915099493355,1.0376310644233728,0.8265003258473564,1.421982528007192,1.2335305175994808,0.725889606965607,0.7379659521131918,0.710991264003596,0.7309828264999543,0.8163079051160055,0.9491578561773839,0.7856575259533667,1.3,0.721090017703538,0.9185895017916011,0.8261783975598512
1,25,0.744647992282889,0.805419762454434,0.7688921853291073,1.0168488026015778,0.7238380990081603,0.78427534010989,0.7851107141983619,0.8816422353928179,0.9173617918114169,1.3,1.3,1.3,0.8754300401658357,0.8150446372546681,0.7344472822276941,0.7237079285877928,0.8344446937056109,1.4538192025145489,0.710991264003596,0.710991264003596,0.7396097636244567,0.710991264003596,0.7921909394011701,1.0227863968814397,0.7472054003366577,0.7627082731637713,0.8291116899659319,0.7294024152519538,1.421982528007192,1.421982528007192,0.7566599479587888,0.7542058662580339,1.0094567868236004,0.710991264003596,1.4587018795321947,0.7460311089187506,0.8882889540987564,1.011264188252127,0.7717865951503811,0.710991264003596,0.734824740275009,0.7464600061181239,0.8528591552826672,0.7537419896894765,0.7910073433756477,0.7519602140072876,0.8938534369497243,1.260826739470835,0.7524702465291315,1.4258930154981506,0.8938858655693064,0.710991264003596,0.920470389442468,0.7416881174665231,0.8010224422153887,0.9857943308281356,0.710991264003596,0.8253795655341146,0.7260229311737212,0.7523870770618362,0.710991264003596,0.8101586718264026,0.777074269873186,0.8696172178153039,0.8880816732980049,0.710991264003596,1.3,0.8516144376147535,0.7262810656361772,0.7390092981998487,0.7333971768951495,1.421982528007192,1.280628547815506,0.7826134954048731,1.3,1.022456909755003,0.9147478918635784,1.3,0.8199753603383186,0.7171067248071825,1.480610796155546,0.7500824635105231,0.845023885429316,1.0387454921231853,0.7419915099493355,1.0376310644233728,0.8265003258473564,1.421982528007192,1.2335305175994808,0.725889606965607,0.7379659521131918,0.710991264003596,0.7309828264999543,0.8163079051160055,0.9491578561773839,0.7856575259533667,1.3,0.721090017703538,0.9185895017916011,0.8261783975598512
1,26,0.744647992282889,0.805419762454434,0.7688921853291073,1.0168488026015778,0.7238380990081603,0.78427534010989,0.7851107141983619,0.8816422353928179,0.9173617918114169,1.3,1.3,1.3,0.8754300401658357,0.8150446372546681,0.7344472822276941,0.7237079285877928,0.8344446937056109,1.4538192025145489,0.710991264003596,0.710991264003596,0.7396097636244567,0.710991264003596,0.7921909394011701,1.0227863968814397,0.7472054003366577,0.7627082731637713,0.8291116899659319,0.7294024152519538,1.421982528007192,1.421982528007192,0.7566599479587888,0.7542058662580339,1.0094567868236004,0.710991264003596,1.4587018795321947,0.7460311089187506,0.8882889540987564,1.011264188252127,0.7717865951503811,0.710991264003596,0.734824740275009,0.7464600061181239,0.8528591552826672,0.7537419896894765,0.7910073433756477,0.7519602140072876,0.8938534369497243,1.260826739470835,0.7524702465291315,1.4258930154981506,0.8938858655693064,0.710991264003596,0.920470389442468,0.7416881174665231,0.8010224422153887,0.9857943308281356,0.710991264003596,0.8253795655341146,0.7260229311737212,0.7523870770618362,0.710991264003596,0.8101586718264026,0.777074269873186,0.8696172178153039,0.8880816732980049,0.710991264003596,1.3,0.8516144376147535,0.7262810656361772,0.7390092981998487,0.7333971768951495,1.421982528007192,1.280628547815506,0.7826134954048731,1.3,1.022456909755003,0.9147478918635784,1.3,0.8199753603383186,0.7171067248071825,1.480610796155546,0.7500824635105231,0.845023885429316,1.0387454921231853,0.7419915099493355,1.0376310644233728,0.8265003258473564,1.421982528007192,1.2335305175994808,0.725889606965607,0.7379659521131918,0.710991264003596,0.7309828264999543,0.8163079051160055,0.9491578561773839,0.7856575259533667,1.3,0.721090017703538,0.9185895017916011,0.8261783975598512
1,27,0.744647992282889,0.805419762454434,0.7688921853291073,1.0168488026015778,0.7238380990081603,0.78427534010989,0.7851107141983619,0.8816422353928179,0.9173617918114169,1.3,1.3,1.3,0.8754300401658357,0.8150446372546681,0.7344472822276941,0.7237079285877928,0.8344446937056109,1.4538192025145489,0.710991264003596,0.710991264003596,0.7396097636244567,0.710991264003596,0.7921909394011701,1.0227863968814397,0.7472054003366577,0.7627082731637713,0.8291116899659319,0.7294024152519538,1.421982528007192,1.421982528007192,0.7566599479587888,0.7542058662580339,1.0094567868236004,0.710991264003596,1.4587018795321947,0.7460311089187506,0.8882889540987564,1.011264188252127,0.7717865951503811,0.710991264003596,0.734824740275009,0.7464600061181239,0.8528591552826672,0.7537419896894765,0.7910073433756477,0.7519602140072876,0.8938534369497243,1.260826739470835,0.7524702465291315,1.4258930154981506,0.8938858655693064,0.710991264003596,0.920470389442468,0.7416881174665231,0.8010224422153887,0.9857943308281356,0.710991264003596,0.8253795655341146,0.7260229311737212,0.7523870770618362,0.710991264003596,0.8101586718264026,0.777074269873186,0.8696172178153039,0.8880816732980049,0.710991264003596,1.3,0.8516144376147535,0.7262810656361772,0.7390092981998487,0.7333971768951495,1.421982528007192,1.280628547815506,0.7826134954048731,1.3,1.022456909755003,0.9147478918635784,1.3,0.8199753603383186,0.7171067248071825,1.480610796155546,0.7500824635105231,0.845023885429316,1.0387454921231853,0.7419915099493355,1.0376310644233728,0.8265003258473564,1.421982528007192,1.2335305175994808,0.725889606965607,0.7379659521131918,0.710991264003596,0.7309828264999543,0.8163079051160055,0.9491578561773839,0.7856575259533667,1.3,0.721090017703538,0.9185895017916011,0.8261783975598512
1,28,0.744647992282889,0.805419762454434,0.7688921853291073,1.0168488026015778,0.7238380990081603,0.78427534010989,0.7851107141983619,0.8816422353928179,0.9173617918114169,1.3,1.3,1.3,0.8754300401658357,0.8150446372546681,0.7344472822276941,0.7237079285877928,0.8344446937056109,1.4538192025145489,0.710991264003596,0.710991264003596,0.7396097636244567,0.710991264003596,0.7921909394011701,1.0227863968814397,0.7472054003366577,0.7627082731637713,0.8291116899659319,0.7294024152519538,1.421982528007192,1.421982528007192,0.7566599479587888,0.7542058662580339,1.0094567868236004,0.710991264003596,1.4587018795321947,0.7460311089187506,0.8882889540987564,1.011264188252127,0.7717865951503811,0.710991264003596,0.734824740275009,0.7464600061181239,0.8528591552826672,0.7537419896894765,0.7910073433756477,0.7519602140072876,0.8938534369497243,1.260826739470835,0.7524702465291315,1.4258930154981506,0.8938858655693064,0.710991264003596,0.920470389442468,0.7416881174665231,0.8010224422153887,0.9857943308281356,0.710991264003596,0.8253795655341146,0.7260229311737212,0.7523870770618362,0.710991264003596,0.8101586718264026,0.777074269873186,0.8696172178153039,0.8880816732980049,0.710991264003596,1.3,0.8516144376147535,0.7262810656361772,0.7390092981998487,0.7333971768951495,1.421982528007192,1.280628547815506,0.7826134954048731,1.3,1.022456909755003,0.9147478918635784,1.3,0.8199753603383186,0.7171067248071825,1.480610796155546,0.7500824635105231,0.845023885429316,1.0387454921231853,0.7419915099493355,1.0376310644233728,0.8265003258473564,1.421982528007192,1.2335305175994808,0.725889606965607,0.7379659521131918,0.710991264003596,0.7309828264999543,0.8163079051160055,0.9491578561773839,0.7856575259533667,1.3,0.721090017703538,0.9185895017916011,0.8261783975598512
1,29,0.744647992282889,0.805419762454434,0.7688921853291073,1.0168488026015778,0.7238380990081603,0.78427534010989,0.7851107141983619,0.8816422353928179,0.9173617918114169,1.3,1.3,1.3,0.8754300401658357,0.8150446372546681,0.7344472822276941,0.7237079285877928,0.8344446937056109,1.4538192025145489,0.710991264003596,0.710991264003596,0.7396097636244567,0.710991264003596,0.7921909394011701,1.0227863968814397,0.7472054003366577,0.7627082731637713,0.8291116899659319,0.7294024152519538,1.421982528007192,1.421982528007192,0.7566599479587888,0.7542058662580339,1.0094567868236004,0.710991264003596,1.4587018795321947,0.7460311089187506,0.8882889540987564,1.011264188252127,0.7717865951503811,0.710991264003596,0.734824740275009,0.7464600061181239,0.8528591552826672,0.7537419896894765,0.7910073433756477,0.7519602140072876,0.8938534369497243,1.260826739470835,0.7524702465291315,1.4258930154981506,0.8938858655693064,0.710991264003596,0.920470389442468,0.7416881174665231,0.8010224422153887,0.9857943308281356,0.710991264003596,0.8253795655341146,0.7260229311737212,0.7523870770618362,0.710991264003596,0.8101586718264026,0.777074269873186,0.8696172178153039,0.8880816732980049,0.710991264003596,1.3,0.8516144376147535,0.7262810656361772,0.7390092981998487,0.7333971768951495,1.421982528007192,1.280628547815506,0.7826134954048731,1.3,1.022456909755003,0.9147478918635784,1.3,0.8199753603383186,0.7171067248071825,1.480610796155546,0.7500824635105231,0.845023885429316,1.0387454921231853,0.7419915099493355,1.0376310644233728,0.8265003258473564,1.421982528007192,1.2335305175994808,0.725889606965607,0.7379659521131918,0.710991264003596,0.7309828264999543,0.8163079051160055,0.9491578561773839,0.7856575259533667,1.3,0.721090017703538,0.9185895017916011,0.8261783975598512
1,30,0.744647992282889,0.805419762454434,0.7688921853291073,1.0168488026015778,0.7238380990081603,0.78427534010989,0.7851107141983619,0.8816422353928179,0.9173617918114169,1.3,1.3,1.3,0.8754300401658357,0.8150446372546681,0.7344472822276941,0.7237079285877928,0.8344446937056109,1.4538192025145489,0.710991264003596,0.710991264003596,0.7396097636244567,0.710991264003596,0.7921909394011701,1.0227863968814397,0.7472054003366577,0.7627082731637713,0.8291116899659319,0.7294024152519538,1.421982528007192,1.421982528007192,0.7566599479587888,0.7542058662580339,1.0094567868236004,0.710991264003596,1.4587018795321947,0.7460311089187506,0.8882889540987564,1.011264188252127,0.7717865951503811,0.710991264003596,0.734824740275009,0.7464600061181239,0.8528591552826672,0.7537419896894765,0.7910073433756477,0.7519602140072876,0.8938534369497243,1.260826739470835,0.7524702465291315,1.4258930154981506,0.8938858655693064,0.710991264003596,0.920470389442468,0.7416881174665231,0.8010224422153887,0.9857943308281356,0.710991264003596,0.8253795655341146,0.7260229311737212,0.7523870770618362,0.710991264003596,0.8101586718264026,0.777074269873186,0.8696172178153039,0.8880816732980049,0.710991264003596,1.3,0.8516144376147535,0.7262810656361772,0.7390092981998487,0.7333971768951495,1.421982528007192,1.280628547815506,0.7826134954048731,1.3,1.022456909755003,0.9147478918635784,1.3,0.8199753603383186,0.7171067248071825,1.480610796155546,0.7500824635105231,0.845023885429316,1.0387454921231853,0.7419915099493355,1.0376310644233728,0.8265003258473564,1.421982528007192,1.2335305175994808,0.725889606965607,0.7379659521131918,0.710991264003596,0.7309828264999543,0.8163079051160055,0.9491578561773839,0.7856575259533667,1.3,0.721090017703538,0.9185895017916011,0.8261783975598512
1,31,0.744647992282889,0.805419762454434,0.7688921853291073,1.0168488026015778,0.7238380990081603,0.78427534010989,0.7851107141983619,0.8816422353928179,0.9173617918114169,1.3,1.3,1.3,0.8754300401658357,0.8150446372546681,0.7344472822276941,0.7237079285877928,0.8344446937056109,1.4538192025145489,0.710991264003596,0.710991264003596,0.7396097636244567,0.710991264003596,0.7921909394011701,1.0227863968814397,0.7472054003366577,0.7627082731637713,0.8291116899659319,0.7294024152519538,1.421982528007192,1.421982528007192,0.7566599479587888,0.7542058662580339,1.0094567868236004,0.710991264003596,1.4587018795321947,0.7460311089187506,0.8882889540987564,1.011264188252127,0.7717865951503811,0.710991264003596,0.734824740275009,0.7464600061181239,0.8528591552826672,0.7537419896894765,0.7910073433756477,0.7519602140072876,0.8938534369497243,1.260826739470835,0.7524702465291315,1.4258930154981506,0.8938858655693064,0.710991264003596,0.920470389442468,0.7416881174665231,0.8010224422153887,0.9857943308281356,0.710991264003596,0.8253795655341146,0.7260229311737212,0.7523870770618362,0.710991264003596,0.8101586718264026,0.777074269873186,0.8696172178153039,0.8880816732980049,0.710991264003596,1.3,0.8516144376147535,0.7262810656361772,0.7390092981998487,0.7333971768951495,1.421982528007192,1.280628547815506,0.7826134954048731,1.3,1.022456909755003,0.9147478918635784,1.3,0.8199753603383186,0.7171067248071825,1.480610796155546,0.7500824635105231,0.845023885429316,1.0387454921231853,0.7419915099493355,1.0376310644233728,0.8265003258473564,1.421982528007192,1.2335305175994808,0.725889606965607,0.7379659521131918,0.710991264003596,0.7309828264999543,0.8163079051160055,0.9491578561773839,0.7856575259533667,1.3,0.721090017703538,0.9185895017916011,0.8261783975598512
1,32,0.744647992282889,0.805419762454434,0.7688921853291073,1.0168488026015778,0.7238380990081603,0.78427534010989,0.7851107141983619,0.8816422353928179,0.9173617918114169,1.3,1.3,1.3,0.8754300401658357,0.8150446372546681,0.7344472822276941,0.7237079285877928,0.8344446937056109,1.4538192025145489,0.710991264003596,0.710991264003596,0.7396097636244567,0.710991264003596,0.7921909394011701,1.0227863968814397,0.7472054003366577,0.7627082731637713,0.8291116899659319,0.7294024152519538,1.421982528007192,1.421982528007192,0.7566599479587888,0.7542058662580339,1.0094567868236004,0.710991264003596,1.4587018795321947,0.7460311089187506,0.8882889540987564,1.011264188252127,0.7717865951503811,0.710991264003596,0.734824740275009,0.7464600061181239,0.8528591552826672,0.7537419896894765,0.7910073433756477,0.7519602140072876,0.8938534369497243,1.260826739470835,0.7524702465291315,1.4258930154981506,0.8938858655693064,0.710991264003596,0.920470389442468,0.7416881174665231,0.8010224422153887,0.9857943308281356,0.710991264003596,0.8253795655341146,0.7260229311737212,0.7523870770618362,0.710991264003596,0.8101586718264026,0.777074269873186,0.8696172178153039,0.8880816732980049,0.710991264003596,1.3,0.8516144376147535,0.7262810656361772,0.7390092981998487,0.7333971768951495,1.421982528007192,1.280628547815506,0.7826134954048731,1.3,1.022456909755003,0.9147478918635784,1.3,0.8199753603383186,0.7171067248071825,1.480610796155546,0.7500824635105231,0.845023885429316,1.0387454921231853,0.7419915099493355,1.0376310644233728,0.8265003258473564,1.421982528007192,1.2335305175994808,0.725889606965607,0.7379659521131918,0.710991264003596,0.7309828264999543,0.8163079051160055,0.9491578561773839,0.7856575259533667,1.3,0.721090017703538,0.9185895017916011,0.8261783975598512
1,33,0.744647992282889,0.805419762454434,0.7688921853291073,1.0168488026015778,0.7238380990081603,0.78427534010989,0.7851107141983619,0.8816422353928179,0.9173617918114169,1.3,1.3,1.3,0.8754300401658357,0.8150446372546681,0.7344472822276941,0.7237079285877928,0.8344446937056109,1.4538192025145489,0.710991264003596,0.710991264003596,0.7396097636244567,0.710991264003596,0.7921909394011701,1.0227863968814397,0.7472054003366577,0.7627082731637713,0.8291116899659319,0.7294024152519538,1.421982528007192,1.421982528007192,0.7566599479587888,0.7542058662580339,1.0094567868236004,0.710991264003596,1.4587018795321947,0.7460311089187506,0.8882889540987564,1.011264188252127,0.7717865951503811,0.710991264003596,0.734824740275009,0.7464600061181239,0.8528591552826672,0.7537419896894765,0.7910073433756477,0.7519602140072876,0.8938534369497243,1.260826739470835,0.7524702465291315,1.4258930154981506,0.8938858655693064,0.710991264003596,0.920470389442468,0.7416881174665231,0.8010224422153887,0.9857943308281356,0.710991264003596,0.8253795655341146,0.7260229311737212,0.7523870770618362,0.710991264003596,0.8101586718264026,0.777074269873186,0.8696172178153039,0.8880816732980049,0.710991264003596,1.3,0.8516144376147535,0.7262810656361772,0.7390092981998487,0.7333971768951495,1.421982528007192,1.280628547815506,0.7826134954048731,1.3,1.022456909755003,0.9147478918635784,1.3,0.8199753603383186,0.7171067248071825,1.480610796155546,0.7500824635105231,0.845023885429316,1.0387454921231853,0.7419915099493355,1.0376310644233728,0.8265003258473564,1.421982528007192,1.2335305175994808,0.725889606965607,0.7379659521131918,0.710991264003596,0.7309828264999543,0.8163079051160055,0.9491578561773839,0.7856575259533667,1.3,0.721090017703538,0.9185895017916011,0.8261783975598512
1,34,0.744647992282889,0.805419762454434,0.7688921853291073,1.0168488026015778,0.7238380990081603,0.78427534010989,0.7851107141983619,0.8816422353928179,0.9173617918114169,1.3,1.3,1.3,0.8754300401658357,0.8150446372546681,0.7344472822276941,0.7237079285877928,0.8344446937056109,1.4538192025145489,0.710991264003596,0.710991264003596,0.7396097636244567,0.710991264003596,0.7921909394011701,1.0227863968814397,0.7472054003366577,0.7627082731637713,0.8291116899659319,0.7294024152519538,1.421982528007192,1.421982528007192,0.7566599479587888,0.7542058662580339,1.0094567868236004,0.710991264003596,1.4587018795321947,0.7460311089187506,0.8882889540987564,1.011264188252127,0.7717865951503811,0.710991264003596,0.734824740275009,0.7464600061181239,0.8528591552826672,0.7537419896894765,0.7910073433756477,0.7519602140072876,0.8938534369497243,1.260826739470835,0.7524702465291315,1.4258930154981506,0.8938858655693064,0.710991264003596,0.920470389442468,0.7416881174665231,0.8010224422153887,0.9857943308281356,0.710991264003596,0.8253795655341146,0.7260229311737212,0.7523870770618362,0.710991264003596,0.8101586718264026,0.777074269873186,0.8696172178153039,0.8880816732980049,0.710991264003596,1.3,0.8516144376147535,0.7262810656361772,0.7390092981998487,0.7333971768951495,1.421982528007192,1.280628547815506,0.7826134954048731,1.3,1.022456909755003,0.9147478918635784,1.3,0.8199753603383186,0.7171067248071825,1.480610796155546,0.7500824635105231,0.845023885429316,1.0387454921231853,0.7419915099493355,1.0376310644233728,0.8265003258473564,1.421982528007192,1.2335305175994808,0.725889606965607,0.7379659521131918,0.710991264003596,0.7309828264999543,0.8163079051160055,0.9491578561773839,0.7856575259533667,1.3,0.721090017703538,0.9185895017916011,0.8261783975598512
1,35,0.744647992282889,0.805419762454434,0.7688921853291073,1.0168488026015778,0.7238380990081603,0.78427534010989,0.7851107141983619,0.8816422353928179,0.9173617918114169,1.3,1.3,1.3,0.8754300401658357,0.8150446372546681,0.7344472822276941,0.7237079285877928,0.8344446937056109,1.4538192025145489,0.710991264003596,0.710991264003596,0.7396097636244567,0.710991264003596,0.7921909394011701,1.0227863968814397,0.7472054003366577,0.7627082731637713,0.8291116899659319,0.7294024152519538,1.421982528007192,1.421982528007192,0.7566599479587888,0.7542058662580339,1.0094567868236004,0.710991264003596,1.4587018795321947,0.7460311089187506,0.8882889540987564,1.011264188252127,0.7717865951503811,0.710991264003596,0.734824740275009,0.7464600061181239,0.8528591552826672,0.7537419896894765,0.7910073433756477,0.7519602140072876,0.8938534369497243,1.260826739470835,0.7524702465291315,1.4258930154981506,0.8938858655693064,0.710991264003596,0.920470389442468,0.7416881174665231,0.8010224422153887,0.9857943308281356,0.710991264003596,0.8253795655341146,0.7260229311737212,0.7523870770618362,0.710991264003596,0.8101586718264026,0.777074269873186,0.8696172178153039,0.8880816732980049,0.710991264003596,1.3,0.8516144376147535,0.7262810656361772,0.7390092981998487,0.7333971768951495,1.421982528007192,1.280628547815506,0.7826134954048731,1.3,1.022456909755003,0.9147478918635784,1.3,0.8199753603383186,0.7171067248071825,1.480610796155546,0.7500824635105231,0.845023885429316,1.0387454921231853,0.7419915099493355,1.0376310644233728,0.8265003258473564,1.421982528007192,1.2335305175994808,0.725889606965607,0.7379659521131918,0.710991264003596,0.7309828264999543,0.8163079051160055,0.9491578561773839,0.7856575259533667,1.3,0.721090017703538,0.9185895017916011,0.8261783975598512
1,36,0.744647992282889,0.805419762454434,0.7688921853291073,1.0168488026015778,0.7238380990081603,0.78427534010989,0.7851107141983619,0.8816422353928179,0.9173617918114169,1.3,1.3,1.3,0.8754300401658357,0.8150446372546681,0.7344472822276941,0.7237079285877928,0.8344446937056109,1.4538192025145489,0.710991264003596,0.710991264003596,0.7396097636244567,0.710991264003596,0.7921909394011701,1.0227863968814397,0.7472054003366577,0.7627082731637713,0.8291116899659319,0.7294024152519538,1.421982528007192,1.421982528007192,0.7566599479587888,0.7542058662580339,1.0094567868236004,0.710991264003596,1.4587018795321947,0.7460311089187506,0.8882889540987564,1.011264188252127,0.7717865951503811,0.710991264003596,0.734824740275009,0.7464600061181239,0.8528591552826672,0.7537419896894765,0.7910073433756477,0.7519602140072876,0.8938534369497243,1.260826739470835,0.7524702465291315,1.4258930154981506,0.8938858655693064,0.710991264003596,0.920470389442468,0.7416881174665231,0.8010224422153887,0.9857943308281356,0.710991264003596,0.8253795655341146,0.7260229311737212,0.7523870770618362,0.710991264003596,0.8101586718264026,0.777074269873186,0.8696172178153039,0.8880816732980049,0.710991264003596,1.3,0.8516144376147535,0.7262810656361772,0.7390092981998487,0.7333971768951495,1.421982528007192,1.280628547815506,0.7826134954048731,1.3,1.022456909755003,0.9147478918635784,1.3,0.8199753603383186,0.7171067248071825,1.480610796155546,0.7500824635105231,0.845023885429316,1.0387454921231853,0.7419915099493355,1.0376310644233728,0.8265003258473564,1.421982528007192,1.2335305175994808,0.725889606965607,0.7379659521131918,0.710991264003596,0.7309828264999543,0.8163079051160055,0.9491578561773839,0.7856575259533667,1.3,0.721090017703538,0.9185895017916011,0.8261783975598512
1,37,0.744647992282889,0.805419762454434,0.7688921853291073,1.0168488026015778,0.7238380990081603,0.78427534010989,0.7851107141983619,0.8816422353928179,0.9173617918114169,1.3,1.3,1.3,0.8754300401658357,0.8150446372546681,0.7344472822276941,0.7237079285877928,0.8344446937056109,1.4538192025145489,0.710991264003596,0.710991264003596,0.7396097636244567,0.710991264003596,0.7921909394011701,1.0227863968814397,0.7472054003366577,0.7627082731637713,0.8291116899659319,0.7294024152519538,1.421982528007192,1.421982528007192,0.7566599479587888,0.7542058662580339,1.0094567868236004,0.710991264003596,1.4587018795321947,0.7460311089187506,0.8882889540987564,1.011264188252127,0.7717865951503811,0.710991264003596,0.734824740275009,0.7464600061181239,0.8528591552826672,0.7537419896894765,0.7910073433756477,0.7519602140072876,0.8938534369497243,1.260826739470835,0.7524702465291315,1.4258930154981506,0.8938858655693064,0.710991264003596,0.920470389442468,0.7416881174665231,0.8010224422153887,0.9857943308281356,0.710991264003596,0.8253795655341146,0.7260229311737212,0.7523870770618362,0.710991264003596,0.8101586718264026,0.777074269873186,0.8696172178153039,0.8880816732980049,0.710991264003596,1.3,0.8516144376147535,0.7262810656361772,0.7390092981998487,0.7333971768951495,1.421982528007192,1.280628547815506,0.7826134954048731,1.3,1.022456909755003,0.9147478918635784,1.3,0.8199753603383186,0.7171067248071825,1.480610796155546,0.7500824635105231,0.845023885429316,1.0387454921231853,0.7419915099493355,1.0376310644233728,0.8265003258473564,1.421982528007192,1.2335305175994808,0.725889606965607,0.7379659521131918,0.710991264003596,0.7309828264999543,0.8163079051160055,0.9491578561773839,0.7856575259533667,1.3,0.721090017703538,0.9185895017916011,0.8261783975598512
1,38,0.744647992282889,0.805419762454434,0.7688921853291073,1.0168488026015778,0.7238380990081603,0.78427534010989,0.7851107141983619,0.8816422353928179,0.9173617918114169,1.3,1.3,1.3,0.8754300401658357,0.8150446372546681,0.7344472822276941,0.7237079285877928,0.8344446937056109,1.4538192025145489,0.710991264003596,0.710991264003596,0.7396097636244567,0.710991264003596,0.7921909394011701,1.0227863968814397,0.7472054003366577,0.7627082731637713,0.8291116899659319,0.7294024152519538,1.421982528007192,1.421982528007192,0.7566599479587888,0.7542058662580339,1.0094567868236004,0.710991264003596,1.4587018795321947,0.7460311089187506,0.8882889540987564,1.011264188252127,0.7717865951503811,0.710991264003596,0.734824740275009,0.7464600061181239,0.8528591552826672,0.7537419896894765,0.7910073433756477,0.7519602140072876,0.8938534369497243,1.260826739470835,0.7524702465291315,1.4258930154981506,0.8938858655693064,0.710991264003596,0.920470389442468,0.7416881174665231,0.8010224422153887,0.9857943308281356,0.710991264003596,0.8253795655341146,0.7260229311737212,0.7523870770618362,0.710991264003596,0.8101586718264026,0.777074269873186,0.8696172178153039,0.8880816732980049,0.710991264003596,1.3,0.8516144376147535,0.7262810656361772,0.7390092981998487,0.7333971768951495,1.421982528007192,1.280628547815506,0.7826134954048731,1.3,1.022456909755003,0.9147478918635784,1.3,0.8199753603383186,0.7171067248071825,1.480610796155546,0.7500824635105231,0.845023885429316,1.0387454921231853,0.7419915099493355,1.0376310644233728,0.8265003258473564,1.421982528007192,1.2335305175994808,0.725889606965607,0.7379659521131918,0.710991264003596,0.7309828264999543,0.8163079051160055,0.9491578561773839,0.7856575259533667,1.3,0.721090017703538,0.9185895017916011,0.8261783975598512
1,39,0.744647992282889,0.805419762454434,0.7688921853291073,1.0168488026015778,0.7238380990081603,0.78427534010989,0.7851107141983619,0.8816422353928179,0.9173617918114169,1.3,1.3,1.3,0.8754300401658357,0.8150446372546681,0.7344472822276941,0.7237079285877928,0.8344446937056109,1.4538192025145489,0.710991264003596,0.710991264003596,0.7396097636244567,0.710991264003596,0.7921909394011701,1.0227863968814397,0.7472054003366577,0.7627082731637713,0.8291116899659319,0.7294024152519538,1.421982528007192,1.421982528007192,0.7566599479587888,0.7542058662580339,1.0094567868236004,0.710991264003596,1.4587018795321947,0.7460311089187506,0.8882889540987564,1.011264188252127,0.7717865951503811,0.710991264003596,0.734824740275009,0.7464600061181239,0.8528591552826672,0.7537419896894765,0.7910073433756477,0.7519602140072876,0.8938534369497243,1.260826739470835,0.7524702465291315,1.4258930154981506,0.8938858655693064,0.710991264003596,0.920470389442468,0.7416881174665231,0.8010224422153887,0.9857943308281356,0.710991264003596,0.8253795655341146,0.7260229311737212,0.7523870770618362,0.710991264003596,0.8101586718264026,0.777074269873186,0.8696172178153039,0.8880816732980049,0.710991264003596,1.3,0.8516144376147535,0.7262810656361772,0.7390092981998487,0.7333971768951495,1.421982528007192,1.280628547815506,0.7826134954048731,1.3,1.022456909755003,0.9147478918635784,1.3,0.8199753603383186,0.7171067248071825,1.480610796155546,0.7500824635105231,0.845023885429316,1.0387454921231853,0.7419915099493355,1.0376310644233728,0.8265003258473564,1.421982528007192,1.2335305175994808,0.725889606965607,0.7379659521131918,0.710991264003596,0.7309828264999543,0.8163079051160055,0.9491578561773839,0.7856575259533667,1.3,0.721090017703538,0.9185895017916011,0.8261783975598512
2,0,0.7344472822276941,0.8816422353928179,1.0030332487795226,0.8500456873833169,0.7460311089187506,1.0168488026015778,1.011264188252127,0.8029152712258716,0.7266221306243865,1.2892575228859584,1.0390943524243457,0.9188569825108338,0.7178865356202236,1.421982528007192,0.7519602140072876,0.7768041588098207,0.8150446372546681,0.710991264003596,0.710991264003596,0.713878745908916,0.8528591552826672,0.7364893069385405,0.78427534010989,0.8882889540987564,0.7339238870953962,1.421982528007192,0.7325945206040827,0.7237079285877928,1.260826739470835,0.7542058662580339,0.8951966564736398,0.8242586020205542,0.7627082731637713,0.7204559317745443,1.5713564472066657,0.710991264003596,0.7238380990081603,0.8344446937056109,0.805419762454434,0.7484729407802093,1.3,0.8730793923527911,1.3,0.8291116899659319,0.8997034952094471,0.881623642008571,0.7524702465291315,0.710991264003596,0.7754587708741263,1.421982528007192,0.848042686701018,0.7624737287800971,1.1466105467196732,0.7205363406231979,1.040365808713436,0.7513645818857687,0.9075927999637076,0.782893610838056,0.710991264003596,0.7170996098831253,0.7118465609647266,0.710991264003596,0.7197120961076438,0.7148772746421619,1.2487235982440505,1.3,0.710991264003596,0.7500341830058364,0.823239849927718,1.1013975379327945,0.7477371602627426,1.3,0.8000443652619992,1.5054119226474358,0.720117245289313,0.7618542703355008,0.7253441802401944,0.7848298410945689,1.5073221362212665,0.7688369116498461,0.7563985258882227,0.8637968639197263,0.8098682637576746,0.7559436978961419,0.7273728440393301,0.710991264003596,0.7668484792618105,1.255387377253408,0.7816142456930285,0.7711209093801858,1.421982528007192,0.7343550857164669,0.8248958986057953,0.7431012351646695,0.7685407738940482,0.7245631693275654,1.4941877483845714,0.710991264003596,0.7335724020574057,0.7134292914792957
2,1,0.7344472822276941,0.8816422353928179,1.0030332487795226,0.8500456873833169,0.7460311089187506,1.0168488026015778,1.011264188252127,0.8029152712258716,0.7266221306243865,1.2892575228859584,1.0390943524243457,0.9188569825108338,0.7178865356202236,1.421982528007192,0.7519602140072876,0.7768041588098207,0.8150446372546681,0.710991264003596,0.710991264003596,0.713878745908916,0.8528591552826672,0.7364893069385405,0.78427534010989,0.8882889540987564,0.7339238870953962,1.421982528007192,0.7325945206040827,0.7237079285877928,1.260826739470835,0.7542058662580339,0.8951966564736398,0.8242586020205542,0.7627082731637713,0.7204559317745443,1.5713564472066657,0.710991264003596,0.7238380990081603,0.8344446937056109,0.805419762454434,0.7484729407802093,1.3,0.8730793923527911,1.3,0.8291116899659319,0.8997034952094471,0.881623642008571,0.7524702465291315,0.710991264003596,0.7754587708741263,1.421982528007192,0.848042686701018,0.7624737287800971,1.1466105467196732,0.7205363406231979,1.040365808713436,0.7513645818857687,0.9075927999637076,0.782893610838056,0.710991264003596,0.7170996098831253,0.7118465609647266,0.710991264003596,0.7197120961076438,0.7148772746421619,1.2487235982440505,1.3,0.710991264003596,0.7500341830058364,0.823239849927718,1.1013975379327945,0.7477371602627426,1.3,0.8000443652619992,1.5054119226474358,0.720117245289313,0.7618542703355008,0.7253441802401944,0.7848298410945689,1.5073221362212665,0.7688369116498461,0.7563985258882227,0.8637968639197263,0.8098682637576746,0.7559436978961419,0.7273728440393301,0.710991264003596,0.7668484792618105,1.255387377253408,0.7816142456930285,0.7711209093801858,1.421982528007192,0.7343550857164669,0.8248958986057953,0.7431012351646695,0.7685407738940482,0.7245631693275654,1.4941877483845714,0.710991264003596,0.7335724020574057,0.7134292914792957
2,2,0.7344472822276941,0.8816422353928179,1.0030332487795226,0.8500456873833169,0.7460311089187506,1.0168488026015778,1.011264188252127,0.8029152712258716,0.7266221306243865,1.2892575228859584,1.0390943524243457,0.9188569825108338,0.7178865356202236,1.421982528007192,0.7519602140072876,0.7768041588098207,0.8150446372546681,0.710991264003596,0.710991264003596,0.713878745908916,0.8528591552826672,0.7364893069385405,0.78427534010989,0.8882889540987564,0.7339238870953962,1.421982528007192,0.7325945206040827,0.7237079285877928,1.260826739470835,0.7542058662580339,0.8951966564736398,0.8242586020205542,0.7627082731637713,0.7204559317745443,1.5713564472066657,0.710991264003596,0.7238380990081603,0.8344446937056109,0.805419762454434,0.7484729407802093,1.3,0.8730793923527911,1.3,0.8291116899659319,0.8997034952094471,0.881623642008571,0.7524702465291315,0.710991264003596,0.7754587708741263,1.421982528007192,0.848042686701018,0.7624737287800971,1.1466105467196732,0.7205363406231979,1.040365808713436,0.7513645818857687,0.9075927999637076,0.782893610838056,0.710991264003596,0.7170996098831253,0.7118465609647266,0.710991264003596,0.7197120961076438,0.7148772746421619,1.2487235982440505,1.3,0.710991264003596,0.7500341830058364,0.823239849927718,1.1013975379327945,0.7477371602627426,1.3,0.8000443652619992,1.5054119226474358,0.720117245289313,0.7618542703355008,0.7253441802401944,0.7848298410945689,1.5073221362212665,0.7688369116498461,0.7563985258882227,0.8637968639197263,0.8098682637576746,0.7559436978961419,0.7273728440393301,0.710991264003596,0.7668484792618105,1.255387377253408,0.7816142456930285,0.7711209093801858,1.421982528007192,0.7343550857164669,0.8248958986057953,0.7431012351646695,0.7685407738940482,0.7245631693275654,1.4941877483845714,0.710991264003596,0.7335724020574057,0.7134292914792957
2,3,0.7344472822276941,0.8816422353928179,1.0030332487795226,0.8500456873833169,0.7460311089187506,1.0168488026015778,1.011264188252127,0.8029152712258716,0.7266221306243865,1.2892575228859584,1.0390943524243457,0.9188569825108338,0.7178865356202236,1.421982528007192,0.7519602140072876,0.7768041588098207,0.8150446372546681,0.710991264003596,0.710991264003596,0.713878745908916,0.8528591552826672,0.7364893069385405,0.78427534010989,0.8882889540987564,0.7339238870953962,1.421982528007192,0.7325945206040827,0.7237079285877928,1.260826739470835,0.7542058662580339,0.8951966564736398,0.8242586020205542,0.7627082731637713,0.7204559317745443,1.5713564472066657,0.710991264003596,0.7238380990081603,0.8344446937056109,0.805419762454434,0.7484729407802093,1.3,0.8730793923527911,1.3,0.8291116899659319,0.8997034952094471,0.881623642008571,0.7524702465291315,0.710991264003596,0.7754587708741263,1.421982528007192,0.848042686701018,0.7624737287800971,1.1466105467196732,0.7205363406231979,1.040365808713436,0.7513645818857687,0.9075927999637076,0.782893610838056,0.710991264003596,0.7170996098831253,0.7118465609647266,0.710991264003596,0.7197120961076438,0.7148772746421619,1.2487235982440505,1.3,0.710991264003596,0.7500341830058364,0.823239849927718,1.1013975379327945,0.7477371602627426,1.3,0.8000443652619992,1.5054119226474358,0.720117245289313,0.7618542703355008,0.7253441802401944,0.7848298410945689,1.5073221362212665,0.7688369116498461,0.7563985258882227,0.8637968639197263,0.8098682637576746,0.7559436978961419,0.7273728440393301,0.710991264003596,0.7668484792618105,1.255387377253408,0.7816142456930285,0.7711209093801858,1.421982528007192,0.7343550857164669,0.8248958986057953,0.7431012351646695,0.7685407738940482,0.7245631693275654,1.4941877483845714,0.710991264003596,0.7335724020574057,0.7134292914792957
2,4,0.7344472822276941,0.8816422353928179,1.0030332487795226,0.8500456873833169,0.7460311089187506,1.0168488026015778,1.011264188252127,0.8029152712258716,0.7266221306243865,1.2892575228859584,1.0390943524243457,0.9188569825108338,0.7178865356202236,1.421982528007192,0.7519602140072876,0.7768041588098207,0.8150446372546681,0.710991264003596,0.710991264003596,0.713878745908916,0.8528591552826672,0.7364893069385405,0.78427534010989,0.8882889540987564,0.7339238870953962,1.421982528007192,0.7325945206040827,0.7237079285877928,1.260826739470835,0.7542058662580339,0.8951966564736398,0.8242586020205542,0.7627082731637713,0.7204559317745443,1.5713564472066657,0.710991264003596,0.7238380990081603,0.8344446937056109,0.805419762454434,0.7484729407802093,1.3,0.8730793923527911,1.3,0.8291116899659319,0.8997034952094471,0.881623642008571,0.7524702465291315,0.710991264003596,0.7754587708741263,1.421982528007192,0.848042686701018,0.7624737287800971,1.1466105467196732,0.7205363406231979,1.040365808713436,0.7513645818857687,0.9075927999637076,0.782893610838056,0.710991264003596,0.7170996098831253,0.7118465609647266,0.710991264003596,0.7197120961076438,0.7148772746421619,1.2487235982440505,1.3,0.710991264003596,0.7500341830058364,0.823239849927718,1.1013975379327945,0.7477371602627426,1.3,0.8000443652619992,1.5054119226474358,0.720117245289313,0.7618542703355008,0.7253441802401944,0.7848298410945689,1.5073221362212665,0.7688369116498461,0.7563985258882227,0.8637968639197263,0.8098682637576746,0.7559436978961419,0.7273728440393301,0.710991264003596,0.7668484792618105,1.255387377253408,0.7816142456930285,0.7711209093801858,1.421982528007192,0.7343550857164669,0.8248958986057953,0.7431012351646695,0.7685407738940482,0.7245631693275654,1.4941877483845714,0.710991264003596,0.7335724020574057,0.7134292914792957
2,5,0.7344472822276941,0.8816422353928179,1.0030332487795226,0.8500456873833169,0.7460311089187506,1.0168488026015778,1.011264188252127,0.8029152712258716,0.7266221306243865,1.2892575228859584,1.0390943524243457,0.9188569825108338,0.7178865356202236,1.421982528007192,0.7519602140072876,0.7768041588098207,0.8150446372546681,0.710991264003596,0.710991264003596,0.713878745908916,0.8528591552826672,0.7364893069385405,0.78427534010989,0.8882889540987564,0.7339238870953962,1.421982528007192,0.7325945206040827,0.7237079285877928,1.260826739470835,0.7542058662580339,0.8951966564736398,0.8242586020205542,0.7627082731637713,0.7204559317745443,1.5713564472066657,0.710991264003596,0.7238380990081603,0.8344446937056109,0.805419762454434,0.7484729407802093,1.3,0.8730793923527911,1.3,0.8291116899659319,0.8997034952094471,0.881623642008571,0.7524702465291315,0.710991264003596,0.7754587708741263,1.421982528007192,0.848042686701018,0.7624737287800971,1.1466105467196732,0.7205363406231979,1.040365808713436,0.7513645818857687,0.9075927999637076,0.782893610838056,0.710991264003596,0.7170996098831253,0.7118465609647266,0.710991264003596,0.7197120961076438,0.7148772746421619,1.2487235982440505,1.3,0.710991264003596,0.7500341830058364,0.823239849927718,1.1013975379327945,0.7477371602627426,1.3,0.8000443652619992,1.5054119226474358,0.720117245289313,0.7618542703355008,0.7253441802401944,0.7848298410945689,1.5073221362212665,0.7688369116498461,0.7563985258882227,0.8637968639197263,0.8098682637576746,0.7559436978961419,0.7273728440393301,0.710991264003596,0.7668484792618105,1.255387377253408,0.7816142456930285,0.7711209093801858,1.421982528007192,0.7343550857164669,0.8248958986057953,0.7431012351646695,0.7685407738940482,0.7245631693275654,1.4941877483845714,0.710991264003596,0.7335724020574057,0.7134292914792957
2,6,0.7344472822276941,0.8816422353928179,1.0030332487795226,0.8500456873833169,0.7460311089187506,1.0168488026015778,1.011264188252127,0.8029152712258716,0.7266221306243865,1.2892575228859584,1.0390943524243457,0.9188569825108338,0.7178865356202236,1.421982528007192,0.7519602140072876,0.7768041588098207,0.8150446372546681,0.710991264003596,0.710991264003596,0.713878745908916,0.8528591552826672,0.7364893069385405,0.78427534010989,0.8882889540987564,0.7339238870953962,1.421982528007192,0.7325945206040827,0.7237079285877928,1.260826739470835,0.7542058662580339,0.8951966564736398,0.8242586020205542,0.7627082731637713,0.7204559317745443,1.5713564472066657,0.710991264003596,0.7238380990081603,0.8344446937056109,0.805419762454434,0.7484729407802093,1.3,0.8730793923527911,1.3,0.8291116899659319,0.8997034952094471,0.881623642008571,0.7524702465291315,0.710991264003596,0.7754587708741263,1.421982528007192,0.848042686701018,0.7624737287800971,1.1466105467196732,0.7205363406231979,1.040365808713436,0.7513645818857687,0.9075927999637076,0.782893610838056,0.710991264003596,0.7170996098831253,0.7118465609647266,0.710991264003596,0.7197120961076438,0.7148772746421619,1.2487235982440505,1.3,0.710991264003596,0.7500341830058364,0.823239849927718,1.1013975379327945,0.7477371602627426,1.3,0.8000443652619992,1.5054119226474358,0.720117245289313,0.7618542703355008,0.7253441802401944,0.7848298410945689,1.5073221362212665,0.7688369116498461,0.7563985258882227,0.8637968639197263,0.8098682637576746,0.7559436978961419,0.7273728440393301,0.710991264003596,0.7668484792618105,1.255387377253408,0.7816142456930285,0.7711209093801858,1.421982528007192,0.7343550857164669,0.8248958986057953,0.7431012351646695,0.7685407738940482,0.7245631693275654,1.4941877483845714,0.710991264003596,0.7335724020574057,0.7134292914792957
2,7,0.7344472822276941,0.8816422353928179,1.0030332487795226,0.8500456873833169,0.7460311089187506,1.0168488026015778,1.011264188252127,0.8029152712258716,0.7266221306243865,1.2892575228859584,1.0390943524243457,0.9188569825108338,0.7178865356202236,1.421982528007192,0.7519602140072876,0.7768041588098207,0.8150446372546681,0.710991264003596,0.710991264003596,0.713878745908916,0.8528591552826672,0.7364893069385405,0.78427534010989,0.8882889540987564,0.7339238870953962,1.421982528007192,0.7325945206040827,0.7237079285877928,1.260826739470835,0.7542058662580339,0.8951966564736398,0.8242586020205542,0.7627082731637713,0.7204559317745443,1.5713564472066657,0.710991264003596,0.7238380990081603,0.8344446937056109,0.805419762454434,0.7484729407802093,1.3,0.8730793923527911,1.3,0.8291116899659319,0.8997034952094471,0.881623642008571,0.7524702465291315,0.710991264003596,0.7754587708741263,1.421982528007192,0.848042686701018,0.7624737287800971,1.1466105467196732,0.7205363406231979,1.040365808713436,0.7513645818857687,0.9075927999637076,0.782893610838056,0.710991264003596,0.7170996098831253,0.7118465609647266,0.710991264003596,0.7197120961076438,0.7148772746421619,1.2487235982440505,1.3,0.710991264003596,0.7500341830058364,0.823239849927718,1.1013975379327945,0.7477371602627426,1.3,0.8000443652619992,1.5054119226474358,0.720117245289313,0.7618542703355008,0.7253441802401944,0.7848298410945689,1.5073221362212665,0.7688369116498461,0.7563985258882227,0.8637968639197263,0.8098682637576746,0.7559436978961419,0.7273728440393301,0.710991264003596,0.7668484792618105,1.255387377253408,0.7816142456930285,0.7711209093801858,1.421982528007192,0.7343550857164669,0.8248958986057953,0.7431012351646695,0.7685407738940482,0.7245631693275654,1.4941877483845714,0.710991264003596,0.7335724020574057,0.7134292914792957
2,8,0.7344472822276941,0.8816422353928179,1.0030332487795226,0.8500456873833169,0.7460311089187506,1.0168488026015778,1.011264188252127,0.8029152712258716,0.7266221306243865,1.2892575228859584,1.0390943524243457,0.9188569825108338,0.7178865356202236,1.421982528007192,0.7519602140072876,0.7768041588098207,0.8150446372546681,0.710991264003596,0.710991264003596,0.713878745908916,0.8528591552826672,0.7364893069385405,0.78427534010989,0.8882889540987564,0.7339238870953962,1.421982528007192,0.7325945206040827,0.7237079285877928,1.260826739470835,0.7542058662580339,0.8951966564736398,0.8242586020205542,0.7627082731637713,0.7204559317745443,1.5713564472066657,0.710991264003596,0.7238380990081603,0.8344446937056109,0.805419762454434,0.7484729407802093,1.3,0.8730793923527911,1.3,0.8291116899659319,0.8997034952094471,0.881623642008571,0.7524702465291315,0.710991264003596,0.7754587708741263,1.421982528007192,0.848042686701018,0.7624737287800971,1.1466105467196732,0.7205363406231979,1.040365808713436,0.7513645818857687,0.9075927999637076,0.782893610838056,0.710991264003596,0.7170996098831253,0.7118465609647266,0.710991264003596,0.7197120961076438,0.7148772746421619,1.2487235982440505,1.3,0.710991264003596,0.7500341830058364,0.823239849927718,1.1013975379327945,0.7477371602627426,1.3,0.8000443652619992,1.5054119226474358,0.720117245289313,0.7618542703355008,0.7253441802401944,0.7848298410945689,1.5073221362212665,0.7688369116498461,0.7563985258882227,0.8637968639197263,0.8098682637576746,0.7559436978961419,0.7273728440393301,0.710991264003596,0.7668484792618105,1.255387377253408,0.7816142456930285,0.7711209093801858,1.421982528007192,0.7343550857164669,0.8248958986057953,0.7431012351646695,0.7685407738940482,0.7245631693275654,1.4941877483845714,0.710991264003596,0.7335724020574057,0.7134292914792957
2,9,0.7344472822276941,0.8816422353928179,1.0030332487795226,0.8500456873833169,0.7460311089187506,1.0168488026015778,1.011264188252127,0.8029152712258716,0.7266221306243865,1.2892575228859584,1.0390943524243457,0.9188569825108338,0.7178865356202236,1.421982528007192,0.7519602140072876,0.7768041588098207,0.8150446372546681,0.710991264003596,0.710991264003596,0.713878745908916,0.8528591552826672,0.7364893069385405,0.78427534010989,0.8882889540987564,0.7339238870953962,1.421982528007192,0.7325945206040827,0.7237079285877928,1.260826739470835,0.7542058662580339,0.8951966564736398,0.8242586020205542,0.7627082731637713,0.7204559317745443,1.5713564472066657,0.710991264003596,0.7238380990081603,0.8344446937056109,0.805419762454434,0.7484729407802093,1.3,0.8730793923527911,1.3,0.8291116899659319,0.8997034952094471,0.881623642008571,0.7524702465291315,0.710991264003596,0.7754587708741263,1.421982528007192,0.848042686701018,0.7624737287800971,1.1466105467196732,0.7205363406231979,1.040365808713436,0.7513645818857687,0.9075927999637076,0.782893610838056,0.710991264003596,0.7170996098831253,0.7118465609647266,0.710991264003596,0.7197120961076438,0.7148772746421619,1.2487235982440505,1.3,0.710991264003596,0.7500341830058364,0.823239849927718,1.1013975379327945,0.7477371602627426,1.3,0.8000443652619992,1.5054119226474358,0.720117245289313,0.7618542703355008,0.7253441802401944,0.7848298410945689,1.5073221362212665,0.7688369116498461,0.7563985258882227,0.8637968639197263,0.8098682637576746,0.7559436978961419,0.7273728440393301,0.710991264003596,0.7668484792618105,1.255387377253408,0.7816142456930285,0.7711209093801858,1.421982528007192,0.7343550857164669,0.8248958986057953,0.7431012351646695,0.7685407738940482,0.7245631693275654,1.4941877483845714,0.710991264003596,0.7335724020574057,0.7134292914792957
2,10,0.7344472822276941,0.8816422353928179,1.0030332487795226,0.8500456873833169,0.7460311089187506,1.0168488026015778,1.011264188252127,0.8029152712258716,0.7266221306243865,1.2892575228859584,1.0390943524243457,0.9188569825108338,0.7178865356202236,1.421982528007192,0.7519602140072876,0.7768041588098207,0.8150446372546681,0.710991264003596,0.710991264003596,0.713878745908916,0.8528591552826672,0.7364893069385405,0.78427534010989,0.8882889540987564,0.7339238870953962,1.421982528007192,0.7325945206040827,0.7237079285877928,1.260826739470835,0.7542058662580339,0.8951966564736398,0.8242586020205542,0.7627082731637713,0.7204559317745443,1.5713564472066657,0.710991264003596,0.7238380990081603,0.8344446937056109,0.805419762454434,0.7484729407802093,1.3,0.8730793923527911,1.3,0.8291116899659319,0.8997034952094471,0.881623642008571,0.7524702465291315,0.710991264003596,0.7754587708741263,1.421982528007192,0.848042686701018,0.7624737287800971,1.1466105467196732,0.7205363406231979,1.040365808713436,0.7513645818857687,0.9075927999637076,0.782893610838056,0.710991264003596,0.7170996098831253,0.7118465609647266,0.710991264003596,0.7197120961076438,0.7148772746421619,1.2487235982440505,1.3,0.710991264003596,0.7500341830058364,0.823239849927718,1.1013975379327945,0.7477371602627426,1.3,0.8000443652619992,1.5054119226474358,0.720117245289313,0.7618542703355008,0.7253441802401944,0.7848298410945689,1.5073221362212665,0.7688369116498461,0.7563985258882227,0.8637968639197263,0.8098682637576746,0.7559436978961419,0.7273728440393301,0.710991264003596,0.7668484792618105,1.255387377253408,0.7816142456930285,0.7711209093801858,1.421982528007192,0.7343550857164669,0.8248958986057953,0.7431012351646695,0.7685407738940482,0.7245631693275654,1.4941877483845714,0.710991264003596,0.7335724020574057,0.7134292914792957
2,11,0.7344472822276941,0.8816422353928179,1.0030332487795226,0.8500456873833169,0.7460311089187506,1.0168488026015778,1.011264188252127,0.8029152712258716,0.7266221306243865,1.2892575228859584,1.0390943524243457,0.9188569825108338,0.7178865356202236,1.421982528007192,0.7519602140072876,0.7768041588098207,0.8150446372546681,0.710991264003596,0.710991264003596,0.713878745908916,0.8528591552826672,0.7364893069385405,0.78427534010989,0.8882889540987564,0.7339238870953962,1.421982528007192,0.7325945206040827,0.7237079285877928,1.260826739470835,0.7542058662580339,0.8951966564736398,0.8242586020205542,0.7627082731637713,0.7204559317745443,1.5713564472066657,0.710991264003596,0.7238380990081603,0.8344446937056109,0.805419762454434,0.7484729407802093,1.3,0.8730793923527911,1.3,0.8291116899659319,0.8997034952094471,0.881623642008571,0.7524702465291315,0.710991264003596,0.7754587708741263,1.421982528007192,0.848042686701018,0.7624737287800971,1.1466105467196732,0.7205363406231979,1.040365808713436,0.7513645818857687,0.9075927999637076,0.782893610838056,0.710991264003596,0.7170996098831253,0.7118465609647266,0.710991264003596,0.7197120961076438,0.7148772746421619,1.2487235982440505,1.3,0.710991264003596,0.7500341830058364,0.823239849927718,1.1013975379327945,0.7477371602627426,1.3,0.8000443652619992,1.5054119226474358,0.720117245289313,0.7618542703355008,0.7253441802401944,0.7848298410945689,1.5073221362212665,0.7688369116498461,0.7563985258882227,0.8637968639197263,0.8098682637576746,0.7559436978961419,0.7273728440393301,0.710991264003596,0.7668484792618105,1.255387377253408,0.7816142456930285,0.7711209093801858,1.421982528007192,0.7343550857164669,0.8248958986057953,0.7431012351646695,0.7685407738940482,0.7245631693275654,1.4941877483845714,0.710991264003596,0.7335724020574057,0.7134292914792957
2,12,0.7344472822276941,0.8816422353928179,1.0030332487795226,0.8500456873833169,0.7460311089187506,1.0168488026015778,1.011264188252127,0.8029152712258716,0.7266221306243865,1.2892575228859584,1.0390943524243457,0.9188569825108338,0.7178865356202236,1.421982528007192,0.7519602140072876,0.7768041588098207,0.8150446372546681,0.710991264003596,0.710991264003596,0.713878745908916,0.8528591552826672,0.7364893069385405,0.78427534010989,0.8882889540987564,0.7339238870953962,1.421982528007192,0.7325945206040827,0.7237079285877928,1.260826739470835,0.7542058662580339,0.8951966564736398,0.8242586020205542,0.7627082731637713,0.7204559317745443,1.5713564472066657,0.710991264003596,0.7238380990081603,0.8344446937056109,0.805419762454434,0.7484729407802093,1.3,0.8730793923527911,1.3,0.8291116899659319,0.8997034952094471,0.881623642008571,0.7524702465291315,0.710991264003596,0.7754587708741263,1.421982528007192,0.848042686701018,0.7624737287800971,1.1466105467196732,0.7205363406231979,1.040365808713436,0.7513645818857687,0.9075927999637076,0.782893610838056,0.710991264003596,0.7170996098831253,0.7118465609647266,0.710991264003596,0.7197120961076438,0.7148772746421619,1.2487235982440505,1.3,0.710991264003596,0.7500341830058364,0.823239849927718,1.1013975379327945,0.7477371602627426,1.3,0.8000443652619992,1.5054119226474358,0.720117245289313,0.7618542703355008,0.7253441802401944,0.7848298410945689,1.5073221362212665,0.7688369116498461,0.7563985258882227,0.8637968639197263,0.8098682637576746,0.7559436978961419,0.7273728440393301,0.710991264003596,0.7668484792618105,1.255387377253408,0.7816142456930285,0.7711209093801858,1.421982528007192,0.7343550857164669,0.8248958986057953,0.7431012351646695,0.7685407738940482,0.7245631693275654,1.4941877483845714,0.710991264003596,0.7335724020574057,0.7134292914792957
2,13,0.7344472822276941,0.8816422353928179,1.0030332487795226,0.8500456873833169,0.7460311089187506,1.0168488026015778,1.011264188252127,0.8029152712258716,0.7266221306243865,1.2892575228859584,1.0390943524243457,0.9188569825108338,0.7178865356202236,1.421982528007192,0.7519602140072876,0.7768041588098207,0.8150446372546681,0.710991264003596,0.710991264003596,0.713878745908916,0.8528591552826672,0.7364893069385405,0.78427534010989,0.8882889540987564,0.7339238870953962,1.421982528007192,0.7325945206040827,0.7237079285877928,1.260826739470835,0.7542058662580339,0.8951966564736398,0.8242586020205542,0.7627082731637713,0.7204559317745443,1.5713564472066657,0.710991264003596,0.7238380990081603,0.8344446937056109,0.805419762454434,0.7484729407802093,1.3,0.8730793923527911,1.3,0.8291116899659319,0.8997034952094471,0.881623642008571,0.7524702465291315,0.710991264003596,0.7754587708741263,1.421982528007192,0.848042686701018,0.7624737287800971,1.1466105467196732,0.7205363406231979,1.040365808713436,0.7513645818857687,0.9075927999637076,0.782893610838056,0.710991264003596,0.7170996098831253,0.7118465609647266,0.710991264003596,0.7197120961076438,0.7148772746421619,1.2487235982440505,1.3,0.710991264003596,0.7500341830058364,0.823239849927718,1.1013975379327945,0.7477371602627426,1.3,0.8000443652619992,1.5054119226474358,0.720117245289313,0.7618542703355008,0.7253441802401944,0.7848298410945689,1.5073221362212665,0.7688369116498461,0.7563985258882227,0.8637968639197263,0.8098682637576746,0.7559436978961419,0.7273728440393301,0.710991264003596,0.7668484792618105,1.255387377253408,0.7816142456930285,0.7711209093801858,1.421982528007192,0.7343550857164669,0.8248958986057953,0.7431012351646695,0.7685407738940482,0.7245631693275654,1.4941877483845714,0.710991264003596,0.7335724020574057,0.7134292914792957
2,14,0.7344472822276941,0.8816422353928179,1.0030332487795226,0.8500456873833169,0.7460311089187506,1.0168488026015778,1.011264188252127,0.8029152712258716,0.7266221306243865,1.2892575228859584,1.0390943524243457,0.9188569825108338,0.7178865356202236,1.421982528007192,0.7519602140072876,0.7768041588098207,0.8150446372546681,0.710991264003596,0.710991264003596,0.713878745908916,0.8528591552826672,0.7364893069385405,0.78427534010989,0.8882889540987564,0.7339238870953962,1.421982528007192,0.7325945206040827,0.7237079285877928,1.260826739470835,0.7542058662580339,0.8951966564736398,0.8242586020205542,0.7627082731637713,0.7204559317745443,1.5713564472066657,0.710991264003596,0.7238380990081603,0.8344446937056109,0.805419762454434,0.7484729407802093,1.3,0.8730793923527911,1.3,0.8291116899659319,0.8997034952094471,0.881623642008571,0.7524702465291315,0.710991264003596,0.7754587708741263,1.421982528007192,0.848042686701018,0.7624737287800971,1.1466105467196732,0.7205363406231979,1.040365808713436,0.7513645818857687,0.9075927999637076,0.782893610838056,0.710991264003596,0.7170996098831253,0.7118465609647266,0.710991264003596,0.7197120961076438,0.7148772746421619,1.2487235982440505,1.3,0.710991264003596,0.7500341830058364,0.823239849927718,1.1013975379327945,0.7477371602627426,1.3,0.8000443652619992,1.5054119226474358,0.720117245289313,0.7618542703355008,0.7253441802401944,0.7848298410945689,1.5073221362212665,0.7688369116498461,0.7563985258882227,0.8637968639197263,0.8098682637576746,0.7559436978961419,0.7273728440393301,0.710991264003596,0.7668484792618105,1.255387377253408,0.7816142456930285,0.7711209093801858,1.421982528007192,0.7343550857164669,0.8248958986057953,0.7431012351646695,0.7685407738940482,0.7245631693275654,1.4941877483845714,0.710991264003596,0.7335724020574057,0.7134292914792957
2,15,0.7344472822276941,0.8816422353928179,1.0030332487795226,0.8500456873833169,0.7460311089187506,1.0168488026015778,1.011264188252127,0.8029152712258716,0.7266221306243865,1.2892575228859584,1.0390943524243457,0.9188569825108338,0.7178865356202236,1.421982528007192,0.7519602140072876,0.7768041588098207,0.8150446372546681,0.710991264003596,0.710991264003596,0.713878745908916,0.8528591552826672,0.7364893069385405,0.78427534010989,0.8882889540987564,0.7339238870953962,1.421982528007192,0.7325945206040827,0.7237079285877928,1.260826739470835,0.7542058662580339,0.8951966564736398,0.8242586020205542,0.7627082731637713,0.7204559317745443,1.5713564472066657,0.710991264003596,0.7238380990081603,0.8344446937056109,0.805419762454434,0.7484729407802093,1.3,0.8730793923527911,1.3,0.8291116899659319,0.8997034952094471,0.881623642008571,0.7524702465291315,0.710991264003596,0.7754587708741263,1.421982528007192,0.848042686701018,0.7624737287800971,1.1466105467196732,0.7205363406231979,1.040365808713436,0.7513645818857687,0.9075927999637076,0.782893610838056,0.710991264003596,0.7170996098831253,0.7118465609647266,0.710991264003596,0.7197120961076438,0.7148772746421619,1.2487235982440505,1.3,0.710991264003596,0.7500341830058364,0.823239849927718,1.1013975379327945,0.7477371602627426,1.3,0.8000443652619992,1.5054119226474358,0.720117245289313,0.7618542703355008,0.7253441802401944,0.7848298410945689,1.5073221362212665,0.7688369116498461,0.7563985258882227,0.8637968639197263,0.8098682637576746,0.7559436978961419,0.7273728440393301,0.710991264003596,0.7668484792618105,1.255387377253408,0.7816142456930285,0.7711209093801858,1.421982528007192,0.7343550857164669,0.8248958986057953,0.7431012351646695,0.7685407738940482,0.7245631693275654,1.4941877483845714,0.710991264003596,0.7335724020574057,0.7134292914792957
2,16,0.7344472822276941,0.8816422353928179,1.0030332487795226,0.8500456873833169,0.7460311089187506,1.0168488026015778,1.011264188252127,0.8029152712258716,0.7266221306243865,1.2892575228859584,1.0390943524243457,0.9188569825108338,0.7178865356202236,1.421982528007192,0.7519602140072876,0.7768041588098207,0.8150446372546681,0.710991264003596,0.710991264003596,0.713878745908916,0.8528591552826672,0.7364893069385405,0.78427534010989,0.8882889540987564,0.7339238870953962,1.421982528007192,0.7325945206040827,0.7237079285877928,1.260826739470835,0.7542058662580339,0.8951966564736398,0.8242586020205542,0.7627082731637713,0.7204559317745443,1.5713564472066657,0.710991264003596,0.7238380990081603,0.8344446937056109,0.805419762454434,0.7484729407802093,1.3,0.8730793923527911,1.3,0.8291116899659319,0.8997034952094471,0.881623642008571,0.7524702465291315,0.710991264003596,0.7754587708741263,1.421982528007192,0.848042686701018,0.7624737287800971,1.1466105467196732,0.7205363406231979,1.040365808713436,0.7513645818857687,0.9075927999637076,0.782893610838056,0.710991264003596,0.7170996098831253,0.7118465609647266,0.710991264003596,0.7197120961076438,0.7148772746421619,1.2487235982440505,1.3,0.710991264003596,0.7500341830058364,0.823239849927718,1.1013975379327945,0.7477371602627426,1.3,0.8000443652619992,1.5054119226474358,0.720117245289313,0.7618542703355008,0.7253441802401944,0.7848298410945689,1.5073221362212665,0.7688369116498461,0.7563985258882227,0.8637968639197263,0.8098682637576746,0.7559436978961419,0.7273728440393301,0.710991264003596,0.7668484792618105,1.255387377253408,0.7816142456930285,0.7711209093801858,1.421982528007192,0.7343550857164669,0.8248958986057953,0.7431012351646695,0.7685407738940482,0.7245631693275654,1.4941877483845714,0.710991264003596,0.7335724020574057,0.7134292914792957
2,17,0.7344472822276941,0.8816422353928179,1.0030332487795226,0.8500456873833169,0.7460311089187506,1.0168488026015778,1.011264188252127,0.8029152712258716,0.7266221306243865,1.2892575228859584,1.0390943524243457,0.9188569825108338,0.7178865356202236,1.421982528007192,0.7519602140072876,0.7768041588098207,0.8150446372546681,0.710991264003596,0.710991264003596,0.713878745908916,0.8528591552826672,0.7364893069385405,0.78427534010989,0.8882889540987564,0.7339238870953962,1.421982528007192,0.7325945206040827,0.7237079285877928,1.260826739470835,0.7542058662580339,0.8951966564736398,0.8242586020205542,0.7627082731637713,0.7204559317745443,1.5713564472066657,0.710991264003596,0.7238380990081603,0.8344446937056109,0.805419762454434,0.7484729407802093,1.3,0.8730793923527911,1.3,0.8291116899659319,0.8997034952094471,0.881623642008571,0.7524702465291315,0.710991264003596,0.7754587708741263,1.421982528007192,0.848042686701018,0.7624737287800971,1.1466105467196732,0.7205363406231979,1.040365808713436,0.7513645818857687,0.9075927999637076,0.782893610838056,0.710991264003596,0.7170996098831253,0.7118465609647266,0.710991264003596,0.7197120961076438,0.7148772746421619,1.2487235982440505,1.3,0.710991264003596,0.7500341830058364,0.823239849927718,1.1013975379327945,0.7477371602627426,1.3,0.8000443652619992,1.5054119226474358,0.720117245289313,0.7618542703355008,0.7253441802401944,0.7848298410945689,1.5073221362212665,0.7688369116498461,0.7563985258882227,0.8637968639197263,0.8098682637576746,0.7559436978961419,0.7273728440393301,0.710991264003596,0.7668484792618105,1.255387377253408,0.7816142456930285,0.7711209093801858,1.421982528007192,0.7343550857164669,0.8248958986057953,0.7431012351646695,0.7685407738940482,0.7245631693275654,1.4941877483845714,0.710991264003596,0.7335724020574057,0.7134292914792957
2,18,0.7344472822276941,0.8816422353928179,1.0030332487795226,0.8500456873833169,0.7460311089187506,1.0168488026015778,1.011264188252127,0.8029152712258716,0.7266221306243865,1.2892575228859584,1.0390943524243457,0.9188569825108338,0.7178865356202236,1.421982528007192,0.7519602140072876,0.7768041588098207,0.8150446372546681,0.710991264003596,0.710991264003596,0.713878745908916,0.8528591552826672,0.7364893069385405,0.78427534010989,0.8882889540987564,0.7339238870953962,1.421982528007192,0.7325945206040827,0.7237079285877928,1.260826739470835,0.7542058662580339,0.8951966564736398,0.8242586020205542,0.7627082731637713,0.7204559317745443,1.5713564472066657,0.710991264003596,0.7238380990081603,0.8344446937056109,0.805419762454434,0.7484729407802093,1.3,0.8730793923527911,1.3,0.8291116899659319,0.8997034952094471,0.881623642008571,0.7524702465291315,0.710991264003596,0.7754587708741263,1.421982528007192,0.848042686701018,0.7624737287800971,1.1466105467196732,0.7205363406231979,1.040365808713436,0.7513645818857687,0.9075927999637076,0.782893610838056,0.710991264003596,0.7170996098831253,0.7118465609647266,0.710991264003596,0.7197120961076438,0.7148772746421619,1.2487235982440505,1.3,0.710991264003596,0.7500341830058364,0.823239849927718,1.1013975379327945,0.7477371602627426,1.3,0.8000443652619992,1.5054119226474358,0.720117245289313,0.7618542703355008,0.7253441802401944,0.7848298410945689,1.5073221362212665,0.7688369116498461,0.7563985258882227,0.8637968639197263,0.8098682637576746,0.7559436978961419,0.7273728440393301,0.710991264003596,0.7668484792618105,1.255387377253408,0.7816142456930285,0.7711209093801858,1.421982528007192,0.7343550857164669,0.8248958986057953,0.7431012351646695,0.7685407738940482,0.7245631693275654,1.4941877483845714,0.710991264003596,0.7335724020574057,0.7134292914792957
2,19,0.7344472822276941,0.8816422353928179,1.0030332487795226,0.8500456873833169,0.7460311089187506,1.0168488026015778,1.011264188252127,0.8029152712258716,0.7266221306243865,1.2892575228859584,1.0390943524243457,0.9188569825108338,0.7178865356202236,1.421982528007192,0.7519602140072876,0.7768041588098207,0.8150446372546681,0.710991264003596,0.710991264003596,0.713878745908916,0.8528591552826672,0.7364893069385405,0.78427534010989,0.8882889540987564,0.7339238870953962,1.421982528007192,0.7325945206040827,0.7237079285877928,1.260826739470835,0.7542058662580339,0.8951966564736398,0.8242586020205542,0.7627082731637713,0.7204559317745443,1.5713564472066657,0.710991264003596,0.7238380990081603,0.8344446937056109,0.805419762454434,0.7484729407802093,1.3,0.8730793923527911,1.3,0.8291116899659319,0.8997034952094471,0.881623642008571,0.7524702465291315,0.710991264003596,0.7754587708741263,1.421982528007192,0.848042686701018,0.7624737287800971,1.1466105467196732,0.7205363406231979,1.040365808713436,0.7513645818857687,0.9075927999637076,0.782893610838056,0.710991264003596,0.7170996098831253,0.7118465609647266,0.710991264003596,0.7197120961076438,0.7148772746421619,1.2487235982440505,1.3,0.710991264003596,0.7500341830058364,0.823239849927718,1.1013975379327945,0.7477371602627426,1.3,0.8000443652619992,1.5054119226474358,0.720117245289313,0.7618542703355008,0.7253441802401944,0.7848298410945689,1.5073221362212665,0.7688369116498461,0.7563985258882227,0.8637968639197263,0.8098682637576746,0.7559436978961419,0.7273728440393301,0.710991264003596,0.7668484792618105,1.255387377253408,0.7816142456930285,0.7711209093801858,1.421982528007192,0.7343550857164669,0.8248958986057953,0.7431012351646695,0.7685407738940482,0.7245631693275654,1.4941877483845714,0.710991264003596,0.7335724020574057,0.7134292914792957
2,20,0.7344472822276941,0.8816422353928179,1.0030332487795226,0.8500456873833169,0.7460311089187506,1.0168488026015778,1.011264188252127,0.8029152712258716,0.7266221306243865,1.2892575228859584,1.0390943524243457,0.9188569825108338,0.7178865356202236,1.421982528007192,0.7519602140072876,0.7768041588098207,0.8150446372546681,0.710991264003596,0.710991264003596,0.713878745908916,0.8528591552826672,0.7364893069385405,0.78427534010989,0.8882889540987564,0.7339238870953962,1.421982528007192,0.7325945206040827,0.7237079285877928,1.260826739470835,0.7542058662580339,0.8951966564736398,0.8242586020205542,0.7627082731637713,0.7204559317745443,1.5713564472066657,0.710991264003596,0.7238380990081603,0.8344446937056109,0.805419762454434,0.7484729407802093,1.3,0.8730793923527911,1.3,0.8291116899659319,0.8997034952094471,0.881623642008571,0.7524702465291315,0.710991264003596,0.7754587708741263,1.421982528007192,0.848042686701018,0.7624737287800971,1.1466105467196732,0.7205363406231979,1.040365808713436,0.7513645818857687,0.9075927999637076,0.782893610838056,0.710991264003596,0.7170996098831253,0.7118465609647266,0.710991264003596,0.7197120961076438,0.7148772746421619,1.2487235982440505,1.3,0.710991264003596,0.7500341830058364,0.823239849927718,1.1013975379327945,0.7477371602627426,1.3,0.8000443652619992,1.5054119226474358,0.720117245289313,0.7618542703355008,0.7253441802401944,0.7848298410945689,1.5073221362212665,0.7688369116498461,0.7563985258882227,0.8637968639197263,0.8098682637576746,0.7559436978961419,0.7273728440393301,0.710991264003596,0.7668484792618105,1.255387377253408,0.7816142456930285,0.7711209093801858,1.421982528007192,0.7343550857164669,0.8248958986057953,0.7431012351646695,0.7685407738940482,0.7245631693275654,1.4941877483845714,0.710991264003596,0.7335724020574057,0.7134292914792957
2,21,0.7344472822276941,0.8816422353928179,1.0030332487795226,0.8500456873833169,0.7460311089187506,1.0168488026015778,1.011264188252127,0.8029152712258716,0.7266221306243865,1.2892575228859584,1.0390943524243457,0.9188569825108338,0.7178865356202236,1.421982528007192,0.7519602140072876,0.7768041588098207,0.8150446372546681,0.710991264003596,0.710991264003596,0.713878745908916,0.8528591552826672,0.7364893069385405,0.78427534010989,0.8882889540987564,0.7339238870953962,1.421982528007192,0.7325945206040827,0.7237079285877928,1.260826739470835,0.7542058662580339,0.8951966564736398,0.8242586020205542,0.7627082731637713,0.7204559317745443,1.5713564472066657,0.710991264003596,0.7238380990081603,0.8344446937056109,0.805419762454434,0.7484729407802093,1.3,0.8730793923527911,1.3,0.8291116899659319,0.8997034952094471,0.881623642008571,0.7524702465291315,0.710991264003596,0.7754587708741263,1.421982528007192,0.848042686701018,0.7624737287800971,1.1466105467196732,0.7205363406231979,1.040365808713436,0.7513645818857687,0.9075927999637076,0.782893610838056,0.710991264003596,0.7170996098831253,0.7118465609647266,0.710991264003596,0.7197120961076438,0.7148772746421619,1.2487235982440505,1.3,0.710991264003596,0.7500341830058364,0.823239849927718,1.1013975379327945,0.7477371602627426,1.3,0.8000443652619992,1.5054119226474358,0.720117245289313,0.7618542703355008,0.7253441802401944,0.7848298410945689,1.5073221362212665,0.7688369116498461,0.7563985258882227,0.8637968639197263,0.8098682637576746,0.7559436978961419,0.7273728440393301,0.710991264003596,0.7668484792618105,1.255387377253408,0.7816142456930285,0.7711209093801858,1.421982528007192,0.7343550857164669,0.8248958986057953,0.7431012351646695,0.7685407738940482,0.7245631693275654,1.4941877483845714,0.710991264003596,0.7335724020574057,0.7134292914792957
2,22,0.7344472822276941,0.8816422353928179,1.0030332487795226,0.8500456873833169,0.7460311089187506,1.0168488026015778,1.011264188252127,0.8029152712258716,0.7266221306243865,1.2892575228859584,1.0390943524243457,0.9188569825108338,0.7178865356202236,1.421982528007192,0.7519602140072876,0.7768041588098207,0.8150446372546681,0.710991264003596,0.710991264003596,0.713878745908916,0.8528591552826672,0.7364893069385405,0.78427534010989,0.8882889540987564,0.7339238870953962,1.421982528007192,0.7325945206040827,0.7237079285877928,1.260826739470835,0.7542058662580339,0.8951966564736398,0.8242586020205542,0.7627082731637713,0.7204559317745443,1.5713564472066657,0.710991264003596,0.7238380990081603,0.8344446937056109,0.805419762454434,0.7484729407802093,1.3,0.8730793923527911,1.3,0.8291116899659319,0.8997034952094471,0.881623642008571,0.7524702465291315,0.710991264003596,0.7754587708741263,1.421982528007192,0.848042686701018,0.7624737287800971,1.1466105467196732,0.7205363406231979,1.040365808713436,0.7513645818857687,0.9075927999637076,0.782893610838056,0.710991264003596,0.7170996098831253,0.7118465609647266,0.710991264003596,0.7197120961076438,0.7148772746421619,1.2487235982440505,1.3,0.710991264003596,0.7500341830058364,0.823239849927718,1.1013975379327945,0.7477371602627426,1.3,0.8000443652619992,1.5054119226474358,0.720117245289313,0.7618542703355008,0.7253441802401944,0.7848298410945689,1.5073221362212665,0.7688369116498461,0.7563985258882227,0.8637968639197263,0.8098682637576746,0.7559436978961419,0.7273728440393301,0.710991264003596,0.7668484792618105,1.255387377253408,0.7816142456930285,0.7711209093801858,1.421982528007192,0.7343550857164669,0.8248958986057953,0.7431012351646695,0.7685407738940482,0.7245631693275654,1.4941877483845714,0.710991264003596,0.7335724020574057,0.7134292914792957
2,23,0.7344472822276941,0.8816422353928179,1.0030332487795226,0.8500456873833169,0.7460311089187506,1.0168488026015778,1.011264188252127,0.8029152712258716,0.7266221306243865,1.2892575228859584,1.0390943524243457,0.9188569825108338,0.7178865356202236,1.421982528007192,0.7519602140072876,0.7768041588098207,0.8150446372546681,0.710991264003596,0.710991264003596,0.713878745908916,0.8528591552826672,0.7364893069385405,0.78427534010989,0.8882889540987564,0.7339238870953962,1.421982528007192,0.7325945206040827,0.7237079285877928,1.260826739470835,0.7542058662580339,0.8951966564736398,0.8242586020205542,0.7627082731637713,0.7204559317745443,1.5713564472066657,0.710991264003596,0.7238380990081603,0.8344446937056109,0.805419762454434,0.7484729407802093,1.3,0.8730793923527911,1.3,0.8291116899659319,0.8997034952094471,0.881623642008571,0.7524702465291315,0.710991264003596,0.7754587708741263,1.421982528007192,0.848042686701018,0.7624737287800971,1.1466105467196732,0.7205363406231979,1.040365808713436,0.7513645818857687,0.9075927999637076,0.782893610838056,0.710991264003596,0.7170996098831253,0.7118465609647266,0.710991264003596,0.7197120961076438,0.7148772746421619,1.2487235982440505,1.3,0.710991264003596,0.7500341830058364,0.823239849927718,1.1013975379327945,0.7477371602627426,1.3,0.8000443652619992,1.5054119226474358,0.720117245289313,0.7618542703355008,0.7253441802401944,0.7848298410945689,1.5073221362212665,0.7688369116498461,0.7563985258882227,0.8637968639197263,0.8098682637576746,0.7559436978961419,0.7273728440393301,0.710991264003596,0.7668484792618105,1.255387377253408,0.7816142456930285,0.7711209093801858,1.421982528007192,0.7343550857164669,0.8248958986057953,0.7431012351646695,0.7685407738940482,0.7245631693275654,1.4941877483845714,0.710991264003596,0.7335724020574057,0.7134292914792957
2,24,0.7344472822276941,0.8816422353928179,1.0030332487795226,0.8500456873833169,0.7460311089187506,1.0168488026015778,1.011264188252127,0.8029152712258716,0.7266221306243865,1.2892575228859584,1.0390943524243457,0.9188569825108338,0.7178865356202236,1.421982528007192,0.7519602140072876,0.7768041588098207,0.8150446372546681,0.710991264003596,0.710991264003596,0.713878745908916,0.8528591552826672,0.7364893069385405,0.78427534010989,0.8882889540987564,0.7339238870953962,1.421982528007192,0.7325945206040827,0.7237079285877928,1.260826739470835,0.7542058662580339,0.8951966564736398,0.8242586020205542,0.7627082731637713,0.7204559317745443,1.5713564472066657,0.710991264003596,0.7238380990081603,0.8344446937056109,0.805419762454434,0.7484729407802093,1.3,0.8730793923527911,1.3,0.8291116899659319,0.8997034952094471,0.881623642008571,0.7524702465291315,0.710991264003596,0.7754587708741263,1.421982528007192,0.848042686701018,0.7624737287800971,1.1466105467196732,0.7205363406231979,1.040365808713436,0.7513645818857687,0.9075927999637076,0.782893610838056,0.710991264003596,0.7170996098831253,0.7118465609647266,0.710991264003596,0.7197120961076438,0.7148772746421619,1.2487235982440505,1.3,0.710991264003596,0.7500341830058364,0.823239849927718,1.1013975379327945,0.7477371602627426,1.3,0.8000443652619992,1.5054119226474358,0.720117245289313,0.7618542703355008,0.7253441802401944,0.7848298410945689,1.5073221362212665,0.7688369116498461,0.7563985258882227,0.8637968639197263,0.8098682637576746,0.7559436978961419,0.7273728440393301,0.710991264003596,0.7668484792618105,1.255387377253408,0.7816142456930285,0.7711209093801858,1.421982528007192,0.7343550857164669,0.8248958986057953,0.7431012351646695,0.7685407738940482,0.7245631693275654,1.4941877483845714,0.710991264003596,0.7335724020574057,0.7134292914792957
2,25,0.7344472822276941,0.8816422353928179,1.0030332487795226,0.8500456873833169,0.7460311089187506,1.0168488026015778,1.011264188252127,0.8029152712258716,0.7266221306243865,1.2892575228859584,1.0390943524243457,0.9188569825108338,0.7178865356202236,1.421982528007192,0.7519602140072876,0.7768041588098207,0.8150446372546681,0.710991264003596,0.710991264003596,0.713878745908916,0.8528591552826672,0.7364893069385405,0.78427534010989,0.8882889540987564,0.7339238870953962,1.421982528007192,0.7325945206040827,0.7237079285877928,1.260826739470835,0.7542058662580339,0.8951966564736398,0.8242586020205542,0.7627082731637713,0.7204559317745443,1.5713564472066657,0.710991264003596,0.7238380990081603,0.8344446937056109,0.805419762454434,0.7484729407802093,1.3,0.8730793923527911,1.3,0.8291116899659319,0.8997034952094471,0.881623642008571,0.7524702465291315,0.710991264003596,0.7754587708741263,1.421982528007192,0.848042686701018,0.7624737287800971,1.1466105467196732,0.7205363406231979,1.040365808713436,0.7513645818857687,0.9075927999637076,0.782893610838056,0.710991264003596,0.7170996098831253,0.7118465609647266,0.710991264003596,0.7197120961076438,0.7148772746421619,1.2487235982440505,1.3,0.710991264003596,0.7500341830058364,0.823239849927718,1.1013975379327945,0.7477371602627426,1.3,0.8000443652619992,1.5054119226474358,0.720117245289313,0.7618542703355008,0.7253441802401944,0.7848298410945689,1.5073221362212665,0.7688369116498461,0.7563985258882227,0.8637968639197263,0.8098682637576746,0.7559436978961419,0.7273728440393301,0.710991264003596,0.7668484792618105,1.255387377253408,0.7816142456930285,0.7711209093801858,1.421982528007192,0.7343550857164669,0.8248958986057953,0.7431012351646695,0.7685407738940482,0.7245631693275654,1.4941877483845714,0.710991264003596,0.7335724020574057,0.7134292914792957
2,26,0.7344472822276941,0.8816422353928179,1.0030332487795226,0.8500456873833169,0.7460311089187506,1.0168488026015778,1.011264188252127,0.8029152712258716,0.7266221306243865,1.2892575228859584,1.0390943524243457,0.9188569825108338,0.7178865356202236,1.421982528007192,0.7519602140072876,0.7768041588098207,0.8150446372546681,0.710991264003596,0.710991264003596,0.713878745908916,0.8528591552826672,0.7364893069385405,0.78427534010989,0.8882889540987564,0.7339238870953962,1.421982528007192,0.7325945206040827,0.7237079285877928,1.260826739470835,0.7542058662580339,0.8951966564736398,0.8242586020205542,0.7627082731637713,0.7204559317745443,1.5713564472066657,0.710991264003596,0.7238380990081603,0.8344446937056109,0.805419762454434,0.7484729407802093,1.3,0.8730793923527911,1.3,0.8291116899659319,0.8997034952094471,0.881623642008571,0.7524702465291315,0.710991264003596,0.7754587708741263,1.421982528007192,0.848042686701018,0.7624737287800971,1.1466105467196732,0.7205363406231979,1.040365808713436,0.7513645818857687,0.9075927999637076,0.782893610838056,0.710991264003596,0.7170996098831253,0.7118465609647266,0.710991264003596,0.7197120961076438,0.7148772746421619,1.2487235982440505,1.3,0.710991264003596,0.7500341830058364,0.823239849927718,1.1013975379327945,0.7477371602627426,1.3,0.8000443652619992,1.5054119226474358,0.720117245289313,0.7618542703355008,0.7253441802401944,0.7848298410945689,1.5073221362212665,0.7688369116498461,0.7563985258882227,0.8637968639197263,0.8098682637576746,0.7559436978961419,0.7273728440393301,0.710991264003596,0.7668484792618105,1.255387377253408,0.7816142456930285,0.7711209093801858,1.421982528007192,0.7343550857164669,0.8248958986057953,0.7431012351646695,0.7685407738940482,0.7245631693275654,1.4941877483845714,0.710991264003596,0.7335724020574057,0.7134292914792957
2,27,0.7344472822276941,0.8816422353928179,1.0030332487795226,0.8500456873833169,0.7460311089187506,1.0168488026015778,1.011264188252127,0.8029152712258716,0.7266221306243865,1.2892575228859584,1.0390943524243457,0.9188569825108338,0.7178865356202236,1.421982528007192,0.7519602140072876,0.7768041588098207,0.8150446372546681,0.710991264003596,0.710991264003596,0.713878745908916,0.8528591552826672,0.7364893069385405,0.78427534010989,0.8882889540987564,0.7339238870953962,1.421982528007192,0.7325945206040827,0.7237079285877928,1.260826739470835,0.7542058662580339,0.8951966564736398,0.8242586020205542,0.7627082731637713,0.7204559317745443,1.5713564472066657,0.710991264003596,0.7238380990081603,0.8344446937056109,0.805419762454434,0.7484729407802093,1.3,0.8730793923527911,1.3,0.8291116899659319,0.8997034952094471,0.881623642008571,0.7524702465291315,0.710991264003596,0.7754587708741263,1.421982528007192,0.848042686701018,0.7624737287800971,1.1466105467196732,0.7205363406231979,1.040365808713436,0.7513645818857687,0.9075927999637076,0.782893610838056,0.710991264003596,0.7170996098831253,0.7118465609647266,0.710991264003596,0.7197120961076438,0.7148772746421619,1.2487235982440505,1.3,0.710991264003596,0.7500341830058364,0.823239849927718,1.1013975379327945,0.7477371602627426,1.3,0.8000443652619992,1.5054119226474358,0.720117245289313,0.7618542703355008,0.7253441802401944,0.7848298410945689,1.5073221362212665,0.7688369116498461,0.7563985258882227,0.8637968639197263,0.8098682637576746,0.7559436978961419,0.7273728440393301,0.710991264003596,0.7668484792618105,1.255387377253408,0.7816142456930285,0.7711209093801858,1.421982528007192,0.7343550857164669,0.8248958986057953,0.7431012351646695,0.7685407738940482,0.7245631693275654,1.4941877483845714,0.710991264003596,0.7335724020574057,0.7134292914792957
2,28,0.7344472822276941,0.8816422353928179,1.0030332487795226,0.8500456873833169,0.7460311089187506,1.0168488026015778,1.011264188252127,0.8029152712258716,0.7266221306243865,1.2892575228859584,1.0390943524243457,0.9188569825108338,0.7178865356202236,1.421982528007192,0.7519602140072876,0.7768041588098207,0.8150446372546681,0.710991264003596,0.710991264003596,0.713878745908916,0.8528591552826672,0.7364893069385405,0.78427534010989,0.8882889540987564,0.7339238870953962,1.421982528007192,0.7325945206040827,0.7237079285877928,1.260826739470835,0.7542058662580339,0.8951966564736398,0.8242586020205542,0.7627082731637713,0.7204559317745443,1.5713564472066657,0.710991264003596,0.7238380990081603,0.8344446937056109,0.805419762454434,0.7484729407802093,1.3,0.8730793923527911,1.3,0.8291116899659319,0.8997034952094471,0.881623642008571,0.7524702465291315,0.710991264003596,0.7754587708741263,1.421982528007192,0.848042686701018,0.7624737287800971,1.1466105467196732,0.7205363406231979,1.040365808713436,0.7513645818857687,0.9075927999637076,0.782893610838056,0.710991264003596,0.7170996098831253,0.7118465609647266,0.710991264003596,0.7197120961076438,0.7148772746421619,1.2487235982440505,1.3,0.710991264003596,0.7500341830058364,0.823239849927718,1.1013975379327945,0.7477371602627426,1.3,0.8000443652619992,1.5054119226474358,0.720117245289313,0.7618542703355008,0.7253441802401944,0.7848298410945689,1.5073221362212665,0.7688369116498461,0.7563985258882227,0.8637968639197263,0.8098682637576746,0.7559436978961419,0.7273728440393301,0.710991264003596,0.7668484792618105,1.255387377253408,0.7816142456930285,0.7711209093801858,1.421982528007192,0.7343550857164669,0.8248958986057953,0.7431012351646695,0.7685407738940482,0.7245631693275654,1.4941877483845714,0.710991264003596,0.7335724020574057,0.7134292914792957
2,29,0.7344472822276941,0.8816422353928179,1.0030332487795226,0.8500456873833169,0.7460311089187506,1.0168488026015778,1.011264188252127,0.8029152712258716,0.7266221306243865,1.2892575228859584,1.0390943524243457,0.9188569825108338,0.7178865356202236,1.421982528007192,0.7519602140072876,0.7768041588098207,0.8150446372546681,0.710991264003596,0.710991264003596,0.713878745908916,0.8528591552826672,0.7364893069385405,0.78427534010989,0.8882889540987564,0.7339238870953962,1.421982528007192,0.7325945206040827,0.7237079285877928,1.260826739470835,0.7542058662580339,0.8951966564736398,0.8242586020205542,0.7627082731637713,0.7204559317745443,1.5713564472066657,0.710991264003596,0.7238380990081603,0.8344446937056109,0.805419762454434,0.7484729407802093,1.3,0.8730793923527911,1.3,0.8291116899659319,0.8997034952094471,0.881623642008571,0.7524702465291315,0.710991264003596,0.7754587708741263,1.421982528007192,0.848042686701018,0.7624737287800971,1.1466105467196732,0.7205363406231979,1.040365808713436,0.7513645818857687,0.9075927999637076,0.782893610838056,0.710991264003596,0.7170996098831253,0.7118465609647266,0.710991264003596,0.7197120961076438,0.7148772746421619,1.2487235982440505,1.3,0.710991264003596,0.7500341830058364,0.823239849927718,1.1013975379327945,0.7477371602627426,1.3,0.8000443652619992,1.5054119226474358,0.720117245289313,0.7618542703355008,0.7253441802401944,0.7848298410945689,1.5073221362212665,0.7688369116498461,0.7563985258882227,0.8637968639197263,0.8098682637576746,0.7559436978961419,0.7273728440393301,0.710991264003596,0.7668484792618105,1.255387377253408,0.7816142456930285,0.7711209093801858,1.421982528007192,0.7343550857164669,0.8248958986057953,0.7431012351646695,0.7685407738940482,0.7245631693275654,1.4941877483845714,0.710991264003596,0.7335724020574057,0.7134292914792957
2,30,0.7344472822276941,0.8816422353928179,1.0030332487795226,0.8500456873833169,0.7460311089187506,1.0168488026015778,1.011264188252127,0.8029152712258716,0.7266221306243865,1.2892575228859584,1.0390943524243457,0.9188569825108338,0.7178865356202236,1.421982528007192,0.7519602140072876,0.7768041588098207,0.8150446372546681,0.710991264003596,0.710991264003596,0.713878745908916,0.8528591552826672,0.7364893069385405,0.78427534010989,0.8882889540987564,0.7339238870953962,1.421982528007192,0.7325945206040827,0.7237079285877928,1.260826739470835,0.7542058662580339,0.8951966564736398,0.8242586020205542,0.7627082731637713,0.7204559317745443,1.5713564472066657,0.710991264003596,0.7238380990081603,0.8344446937056109,0.805419762454434,0.7484729407802093,1.3,0.8730793923527911,1.3,0.8291116899659319,0.8997034952094471,0.881623642008571,0.7524702465291315,0.710991264003596,0.7754587708741263,1.421982528007192,0.848042686701018,0.7624737287800971,1.1466105467196732,0.7205363406231979,1.040365808713436,0.7513645818857687,0.9075927999637076,0.782893610838056,0.710991264003596,0.7170996098831253,0.7118465609647266,0.710991264003596,0.7197120961076438,0.7148772746421619,1.2487235982440505,1.3,0.710991264003596,0.7500341830058364,0.823239849927718,1.1013975379327945,0.7477371602627426,1.3,0.8000443652619992,1.5054119226474358,0.720117245289313,0.7618542703355008,0.7253441802401944,0.7848298410945689,1.5073221362212665,0.7688369116498461,0.7563985258882227,0.8637968639197263,0.8098682637576746,0.7559436978961419,0.7273728440393301,0.710991264003596,0.7668484792618105,1.255387377253408,0.7816142456930285,0.7711209093801858,1.421982528007192,0.7343550857164669,0.8248958986057953,0.7431012351646695,0.7685407738940482,0.7245631693275654,1.4941877483845714,0.710991264003596,0.7335724020574057,0.7134292914792957
2,31,0.7344472822276941,0.8816422353928179,1.0030332487795226,0.8500456873833169,0.7460311089187506,1.0168488026015778,1.011264188252127,0.8029152712258716,0.7266221306243865,1.2892575228859584,1.0390943524243457,0.9188569825108338,0.7178865356202236,1.421982528007192,0.7519602140072876,0.7768041588098207,0.8150446372546681,0.710991264003596,0.710991264003596,0.713878745908916,0.8528591552826672,0.7364893069385405,0.78427534010989,0.8882889540987564,0.7339238870953962,1.421982528007192,0.7325945206040827,0.7237079285877928,1.260826739470835,0.7542058662580339,0.8951966564736398,0.8242586020205542,0.7627082731637713,0.7204559317745443,1.5713564472066657,0.710991264003596,0.7238380990081603,0.8344446937056109,0.805419762454434,0.7484729407802093,1.3,0.8730793923527911,1.3,0.8291116899659319,0.8997034952094471,0.881623642008571,0.7524702465291315,0.710991264003596,0.7754587708741263,1.421982528007192,0.848042686701018,0.7624737287800971,1.1466105467196732,0.7205363406231979,1.040365808713436,0.7513645818857687,0.9075927999637076,0.782893610838056,0.710991264003596,0.7170996098831253,0.7118465609647266,0.710991264003596,0.7197120961076438,0.7148772746421619,1.2487235982440505,1.3,0.710991264003596,0.7500341830058364,0.823239849927718,1.1013975379327945,0.7477371602627426,1.3,0.8000443652619992,1.5054119226474358,0.720117245289313,0.7618542703355008,0.7253441802401944,0.7848298410945689,1.5073221362212665,0.7688369116498461,0.7563985258882227,0.8637968639197263,0.8098682637576746,0.7559436978961419,0.7273728440393301,0.710991264003596,0.7668484792618105,1.255387377253408,0.7816142456930285,0.7711209093801858,1.421982528007192,0.7343550857164669,0.8248958986057953,0.7431012351646695,0.7685407738940482,0.7245631693275654,1.4941877483845714,0.710991264003596,0.7335724020574057,0.7134292914792957
2,32,0.7344472822276941,0.8816422353928179,1.0030332487795226,0.8500456873833169,0.7460311089187506,1.0168488026015778,1.011264188252127,0.8029152712258716,0.7266221306243865,1.2892575228859584,1.0390943524243457,0.9188569825108338,0.7178865356202236,1.421982528007192,0.7519602140072876,0.7768041588098207,0.8150446372546681,0.710991264003596,0.710991264003596,0.713878745908916,0.8528591552826672,0.7364893069385405,0.78427534010989,0.8882889540987564,0.7339238870953962,1.421982528007192,0.7325945206040827,0.7237079285877928,1.260826739470835,0.7542058662580339,0.8951966564736398,0.8242586020205542,0.7627082731637713,0.7204559317745443,1.5713564472066657,0.710991264003596,0.7238380990081603,0.8344446937056109,0.805419762454434,0.7484729407802093,1.3,0.8730793923527911,1.3,0.8291116899659319,0.8997034952094471,0.881623642008571,0.7524702465291315,0.710991264003596,0.7754587708741263,1.421982528007192,0.848042686701018,0.7624737287800971,1.1466105467196732,0.7205363406231979,1.040365808713436,0.7513645818857687,0.9075927999637076,0.782893610838056,0.710991264003596,0.7170996098831253,0.7118465609647266,0.710991264003596,0.7197120961076438,0.7148772746421619,1.2487235982440505,1.3,0.710991264003596,0.7500341830058364,0.823239849927718,1.1013975379327945,0.7477371602627426,1.3,0.8000443652619992,1.5054119226474358,0.720117245289313,0.7618542703355008,0.7253441802401944,0.7848298410945689,1.5073221362212665,0.7688369116498461,0.7563985258882227,0.8637968639197263,0.8098682637576746,0.7559436978961419,0.7273728440393301,0.710991264003596,0.7668484792618105,1.255387377253408,0.7816142456930285,0.7711209093801858,1.421982528007192,0.7343550857164669,0.8248958986057953,0.7431012351646695,0.7685407738940482,0.7245631693275654,1.4941877483845714,0.710991264003596,0.7335724020574057,0.7134292914792957
2,33,0.7344472822276941,0.8816422353928179,1.0030332487795226,0.8500456873833169,0.7460311089187506,1.0168488026015778,1.011264188252127,0.8029152712258716,0.7266221306243865,1.2892575228859584,1.0390943524243457,0.9188569825108338,0.7178865356202236,1.421982528007192,0.7519602140072876,0.7768041588098207,0.8150446372546681,0.710991264003596,0.710991264003596,0.713878745908916,0.8528591552826672,0.7364893069385405,0.78427534010989,0.8882889540987564,0.7339238870953962,1.421982528007192,0.7325945206040827,0.7237079285877928,1.260826739470835,0.7542058662580339,0.8951966564736398,0.8242586020205542,0.7627082731637713,0.7204559317745443,1.5713564472066657,0.710991264003596,0.7238380990081603,0.8344446937056109,0.805419762454434,0.7484729407802093,1.3,0.8730793923527911,1.3,0.8291116899659319,0.8997034952094471,0.881623642008571,0.7524702465291315,0.710991264003596,0.7754587708741263,1.421982528007192,0.848042686701018,0.7624737287800971,1.1466105467196732,0.7205363406231979,1.040365808713436,0.7513645818857687,0.9075927999637076,0.782893610838056,0.710991264003596,0.7170996098831253,0.7118465609647266,0.710991264003596,0.7197120961076438,0.7148772746421619,1.2487235982440505,1.3,0.710991264003596,0.7500341830058364,0.823239849927718,1.1013975379327945,0.7477371602627426,1.3,0.8000443652619992,1.5054119226474358,0.720117245289313,0.7618542703355008,0.7253441802401944,0.7848298410945689,1.5073221362212665,0.7688369116498461,0.7563985258882227,0.8637968639197263,0.8098682637576746,0.7559436978961419,0.7273728440393301,0.710991264003596,0.7668484792618105,1.255387377253408,0.7816142456930285,0.7711209093801858,1.421982528007192,0.7343550857164669,0.8248958986057953,0.7431012351646695,0.7685407738940482,0.7245631693275654,1.4941877483845714,0.710991264003596,0.7335724020574057,0.7134292914792957
2,34,0.7344472822276941,0.8816422353928179,1.0030332487795226,0.8500456873833169,0.7460311089187506,1.0168488026015778,1.011264188252127,0.8029152712258716,0.7266221306243865,1.2892575228859584,1.0390943524243457,0.9188569825108338,0.7178865356202236,1.421982528007192,0.7519602140072876,0.7768041588098207,0.8150446372546681,0.710991264003596,0.710991264003596,0.713878745908916,0.8528591552826672,0.7364893069385405,0.78427534010989,0.8882889540987564,0.7339238870953962,1.421982528007192,0.7325945206040827,0.7237079285877928,1.260826739470835,0.7542058662580339,0.8951966564736398,0.8242586020205542,0.7627082731637713,0.7204559317745443,1.5713564472066657,0.710991264003596,0.7238380990081603,0.8344446937056109,0.805419762454434,0.7484729407802093,1.3,0.8730793923527911,1.3,0.8291116899659319,0.8997034952094471,0.881623642008571,0.7524702465291315,0.710991264003596,0.7754587708741263,1.421982528007192,0.848042686701018,0.7624737287800971,1.1466105467196732,0.7205363406231979,1.040365808713436,0.7513645818857687,0.9075927999637076,0.782893610838056,0.710991264003596,0.7170996098831253,0.7118465609647266,0.710991264003596,0.7197120961076438,0.7148772746421619,1.2487235982440505,1.3,0.710991264003596,0.7500341830058364,0.823239849927718,1.1013975379327945,0.7477371602627426,1.3,0.8000443652619992,1.5054119226474358,0.720117245289313,0.7618542703355008,0.7253441802401944,0.7848298410945689,1.5073221362212665,0.7688369116498461,0.7563985258882227,0.8637968639197263,0.8098682637576746,0.7559436978961419,0.7273728440393301,0.710991264003596,0.7668484792618105,1.255387377253408,0.7816142456930285,0.7711209093801858,1.421982528007192,0.7343550857164669,0.8248958986057953,0.7431012351646695,0.7685407738940482,0.7245631693275654,1.4941877483845714,0.710991264003596,0.7335724020574057,0.7134292914792957
2,35,0.7344472822276941,0.8816422353928179,1.0030332487795226,0.8500456873833169,0.7460311089187506,1.0168488026015778,1.011264188252127,0.8029152712258716,0.7266221306243865,1.2892575228859584,1.0390943524243457,0.9188569825108338,0.7178865356202236,1.421982528007192,0.7519602140072876,0.7768041588098207,0.8150446372546681,0.710991264003596,0.710991264003596,0.713878745908916,0.8528591552826672,0.7364893069385405,0.78427534010989,0.8882889540987564,0.7339238870953962,1.421982528007192,0.7325945206040827,0.7237079285877928,1.260826739470835,0.7542058662580339,0.8951966564736398,0.8242586020205542,0.7627082731637713,0.7204559317745443,1.5713564472066657,0.710991264003596,0.7238380990081603,0.8344446937056109,0.805419762454434,0.7484729407802093,1.3,0.8730793923527911,1.3,0.8291116899659319,0.8997034952094471,0.881623642008571,0.7524702465291315,0.710991264003596,0.7754587708741263,1.421982528007192,0.848042686701018,0.7624737287800971,1.1466105467196732,0.7205363406231979,1.040365808713436,0.7513645818857687,0.9075927999637076,0.782893610838056,0.710991264003596,0.7170996098831253,0.7118465609647266,0.710991264003596,0.7197120961076438,0.7148772746421619,1.2487235982440505,1.3,0.710991264003596,0.7500341830058364,0.823239849927718,1.1013975379327945,0.7477371602627426,1.3,0.8000443652619992,1.5054119226474358,0.720117245289313,0.7618542703355008,0.7253441802401944,0.7848298410945689,1.5073221362212665,0.7688369116498461,0.7563985258882227,0.8637968639197263,0.8098682637576746,0.7559436978961419,0.7273728440393301,0.710991264003596,0.7668484792618105,1.255387377253408,0.7816142456930285,0.7711209093801858,1.421982528007192,0.7343550857164669,0.8248958986057953,0.7431012351646695,0.7685407738940482,0.7245631693275654,1.4941877483845714,0.710991264003596,0.7335724020574057,0.7134292914792957
2,36,0.7344472822276941,0.8816422353928179,1.0030332487795226,0.8500456873833169,0.7460311089187506,1.0168488026015778,1.011264188252127,0.8029152712258716,0.7266221306243865,1.2892575228859584,1.0390943524243457,0.9188569825108338,0.7178865356202236,1.421982528007192,0.7519602140072876,0.7768041588098207,0.8150446372546681,0.710991264003596,0.710991264003596,0.713878745908916,0.8528591552826672,0.7364893069385405,0.78427534010989,0.8882889540987564,0.7339238870953962,1.421982528007192,0.7325945206040827,0.7237079285877928,1.260826739470835,0.7542058662580339,0.8951966564736398,0.8242586020205542,0.7627082731637713,0.7204559317745443,1.5713564472066657,0.710991264003596,0.7238380990081603,0.8344446937056109,0.805419762454434,0.7484729407802093,1.3,0.8730793923527911,1.3,0.8291116899659319,0.8997034952094471,0.881623642008571,0.7524702465291315,0.710991264003596,0.7754587708741263,1.421982528007192,0.848042686701018,0.7624737287800971,1.1466105467196732,0.7205363406231979,1.040365808713436,0.7513645818857687,0.9075927999637076,0.782893610838056,0.710991264003596,0.7170996098831253,0.7118465609647266,0.710991264003596,0.7197120961076438,0.7148772746421619,1.2487235982440505,1.3,0.710991264003596,0.7500341830058364,0.823239849927718,1.1013975379327945,0.7477371602627426,1.3,0.8000443652619992,1.5054119226474358,0.720117245289313,0.7618542703355008,0.7253441802401944,0.7848298410945689,1.5073221362212665,0.7688369116498461,0.7563985258882227,0.8637968639197263,0.8098682637576746,0.7559436978961419,0.7273728440393301,0.710991264003596,0.7668484792618105,1.255387377253408,0.7816142456930285,0.7711209093801858,1.421982528007192,0.7343550857164669,0.8248958986057953,0.7431012351646695,0.7685407738940482,0.7245631693275654,1.4941877483845714,0.710991264003596,0.7335724020574057,0.7134292914792957
2,37,0.7344472822276941,0.8816422353928179,1.0030332487795226,0.8500456873833169,0.7460311089187506,1.0168488026015778,1.011264188252127,0.8029152712258716,0.7266221306243865,1.2892575228859584,1.0390943524243457,0.9188569825108338,0.7178865356202236,1.421982528007192,0.7519602140072876,0.7768041588098207,0.8150446372546681,0.710991264003596,0.710991264003596,0.713878745908916,0.8528591552826672,0.7364893069385405,0.78427534010989,0.8882889540987564,0.7339238870953962,1.421982528007192,0.7325945206040827,0.7237079285877928,1.260826739470835,0.7542058662580339,0.8951966564736398,0.8242586020205542,0.7627082731637713,0.7204559317745443,1.5713564472066657,0.710991264003596,0.7238380990081603,0.8344446937056109,0.805419762454434,0.7484729407802093,1.3,0.8730793923527911,1.3,0.8291116899659319,0.8997034952094471,0.881623642008571,0.7524702465291315,0.710991264003596,0.7754587708741263,1.421982528007192,0.848042686701018,0.7624737287800971,1.1466105467196732,0.7205363406231979,1.040365808713436,0.7513645818857687,0.9075927999637076,0.782893610838056,0.710991264003596,0.7170996098831253,0.7118465609647266,0.710991264003596,0.7197120961076438,0.7148772746421619,1.2487235982440505,1.3,0.710991264003596,0.7500341830058364,0.823239849927718,1.1013975379327945,0.7477371602627426,1.3,0.8000443652619992,1.5054119226474358,0.720117245289313,0.7618542703355008,0.7253441802401944,0.7848298410945689,1.5073221362212665,0.7688369116498461,0.7563985258882227,0.8637968639197263,0.8098682637576746,0.7559436978961419,0.7273728440393301,0.710991264003596,0.7668484792618105,1.255387377253408,0.7816142456930285,0.7711209093801858,1.421982528007192,0.7343550857164669,0.8248958986057953,0.7431012351646695,0.7685407738940482,0.7245631693275654,1.4941877483845714,0.710991264003596,0.7335724020574057,0.7134292914792957
2,38,0.7344472822276941,0.8816422353928179,1.0030332487795226,0.8500456873833169,0.7460311089187506,1.0168488026015778,1.011264188252127,0.8029152712258716,0.7266221306243865,1.2892575228859584,1.0390943524243457,0.9188569825108338,0.7178865356202236,1.421982528007192,0.7519602140072876,0.7768041588098207,0.8150446372546681,0.710991264003596,0.710991264003596,0.713878745908916,0.8528591552826672,0.7364893069385405,0.78427534010989,0.8882889540987564,0.7339238870953962,1.421982528007192,0.7325945206040827,0.7237079285877928,1.260826739470835,0.7542058662580339,0.8951966564736398,0.8242586020205542,0.7627082731637713,0.7204559317745443,1.5713564472066657,0.710991264003596,0.7238380990081603,0.8344446937056109,0.805419762454434,0.7484729407802093,1.3,0.8730793923527911,1.3,0.8291116899659319,0.8997034952094471,0.881623642008571,0.7524702465291315,0.710991264003596,0.7754587708741263,1.421982528007192,0.848042686701018,0.7624737287800971,1.1466105467196732,0.7205363406231979,1.040365808713436,0.7513645818857687,0.9075927999637076,0.782893610838056,0.710991264003596,0.7170996098831253,0.7118465609647266,0.710991264003596,0.7197120961076438,0.7148772746421619,1.2487235982440505,1.3,0.710991264003596,0.7500341830058364,0.823239849927718,1.1013975379327945,0.7477371602627426,1.3,0.8000443652619992,1.5054119226474358,0.720117245289313,0.7618542703355008,0.7253441802401944,0.7848298410945689,1.5073221362212665,0.7688369116498461,0.7563985258882227,0.8637968639197263,0.8098682637576746,0.7559436978961419,0.7273728440393301,0.710991264003596,0.7668484792618105,1.255387377253408,0.7816142456930285,0.7711209093801858,1.421982528007192,0.7343550857164669,0.8248958986057953,0.7431012351646695,0.7685407738940482,0.7245631693275654,1.4941877483845714,0.710991264003596,0.7335724020574057,0.7134292914792957
2,39,0.7344472822276941,0.8816422353928179,1.0030332487795226,0.8500456873833169,0.7460311089187506,1.0168488026015778,1.011264188252127,0.8029152712258716,0.7266221306243865,1.2892575228859584,1.0390943524243457,0.9188569825108338,0.7178865356202236,1.421982528007192,0.7519602140072876,0.7768041588098207,0.8150446372546681,0.710991264003596,0.710991264003596,0.713878745908916,0.8528591552826672,0.7364893069385405,0.78427534010989,0.8882889540987564,0.7339238870953962,1.421982528007192,0.7325945206040827,0.7237079285877928,1.260826739470835,0.7542058662580339,0.8951966564736398,0.8242586020205542,0.7627082731637713,0.7204559317745443,1.5713564472066657,0.710991264003596,0.7238380990081603,0.8344446937056109,0.805419762454434,0.7484729407802093,1.3,0.8730793923527911,1.3,0.8291116899659319,0.8997034952094471,0.881623642008571,0.7524702465291315,0.710991264003596,0.7754587708741263,1.421982528007192,0.848042686701018,0.7624737287800971,1.1466105467196732,0.7205363406231979,1.040365808713436,0.7513645818857687,0.9075927999637076,0.782893610838056,0.710991264003596,0.7170996098831253,0.7118465609647266,0.710991264003596,0.7197120961076438,0.7148772746421619,1.2487235982440505,1.3,0.710991264003596,0.7500341830058364,0.823239849927718,1.1013975379327945,0.7477371602627426,1.3,0.8000443652619992,1.5054119226474358,0.720117245289313,0.7618542703355008,0.7253441802401944,0.7848298410945689,1.5073221362212665,0.7688369116498461,0.7563985258882227,0.8637968639197263,0.8098682637576746,0.7559436978961419,0.7273728440393301,0.710991264003596,0.7668484792618105,1.255387377253408,0.7816142456930285,0.7711209093801858,1.421982528007192,0.7343550857164669,0.8248958986057953,0.7431012351646695,0.7685407738940482,0.7245631693275654,1.4941877483845714,0.710991264003596,0.7335724020574057,0.7134292914792957
3,0,0.7537419896894765,1.2892575228859584,1.0390943524243457,0.710991264003596,0.710991264003596,0.7768041588098207,0.7354141545750863,0.8291116899659319,0.8951966564736398,0.7396097636244567,0.7178865356202236,1.4587018795321947,0.7910073433756477,0.734824740275009,0.7294613508010614,0.7851107141983619,0.7542058662580339,0.8150446372546681,0.7921909394011701,0.7204559317745443,0.7460311089187506,1.3,0.710991264003596,0.8162655865395517,1.0094567868236004,0.8799450806867001,1.421982528007192,0.7519602140072876,0.7187477417284811,1.0168488026015778,0.7688921853291073,0.7524702465291315,0.710991264003596,0.7292644797170471,0.7572452426352019,0.8029152712258716,1.00517224827988,0.713878745908916,0.8294840451520017,0.8730793923527911,0.8882889540987564,1.3,0.734808252786924,0.710991264003596,1.109944899606653,0.710991264003596,1.3,0.7364893069385405,1.3,0.7484729407802093,0.7378788440882389,0.7509415834236857,0.7286654926444156,0.9087514776051707,0.7419476072335853,0.823844267723342,0.7451538457108191,0.9163502504605714,0.8331552947389145,0.7253205036104178,0.7290798523127283,0.759415009220529,0.7900150717807473,0.7796848129026794,0.7783082845284608,0.7184162489523891,0.8932352033560894,0.9012575151420883,0.9474356938082178,0.7307403283573146,0.877079087941537,0.8132507814968555,0.8168428468834367,1.3,0.8487326936651212,0.7677987068533244,0.710991264003596,0.7537403591848606,0.7168855010585796,0.925061340476076,0.7472339405669974,1.1550135782682016,0.879709516363163,0.8830740888792269,0.7502913408059144,0.710991264003596,0.8536938832730444,0.7115795601074076,0.805876538715057,0.8076561001625286,0.82208693528578,0.7942827838309166,0.9409108159800963,1.01674444858537,1.4850453553777014,0.710991264003596,0.9894308190712915,0.8112538151544587,0.7968443256384874,1.3
3,1,0.7537419896894765,1.2892575228859584,1.0390943524243457,0.710991264003596,0.710991264003596,0.7768041588098207,0.7354141545750863,0.8291116899659319,0.8951966564736398,0.839075016901133,1.4274368856953554,1.4587018795321947,0.7910073433756477,0.883745889497072,1.421982528007192,0.9816971721273112,1.4623820100805962,0.8150446372546681,0.7921909394011701,0.7204559317745443,0.7460311089187506,1.3,0.710991264003596,0.8162655865395517,1.0094567868236004,0.8799450806867001,1.421982528007192,0.7519602140072876,0.7187477417284811,1.0168488026015778,0.7688921853291073,0.7524702465291315,0.710991264003596,0.7292644797170471,0.7572452426352019,0.8029152712258716,1.00517224827988,1.421982528007192,0.8542255027814832,0.8730793923527911,0.8882889540987564,1.3,0.734808252786924,0.710991264003596,1.109944899606653,0.710991264003596,1.3,0.7364893069385405,1.3,0.7484729407802093,0.7378788440882389,0.7509415834236857,0.7286654926444156,0.9087514776051707,0.7419476072335853,1.3,0.7415356337015016,0.7150105312093883,0.7455500358109785,0.7253205036104178,0.7290798523127283,0.759415009220529,0.7900150717807473,0.7796848129026794,0.7783082845284608,0.7184162489523891,0.8932352033560894,0.9012575151420883,1.578394250177285,0.7462673172924146,0.877079087941537,0.8132507814968555,0.8168428468834367,1.3,0.8487326936651212,0.7677987068533244,0.710991264003596,0.7537403591848606,0.7843343936589765,0.7257618684079659,0.7472339405669974,1.1550135782682016,0.879709516363163,0.8830740888792269,0.8549655261447143,0.725917548702041,0.7497700043506421,0.7115795601074076,0.805876538715057,1.1662133873243696,0.7199510467878165,0.8472783224858487,0.92219845148546,0.9026108708308256,1.4850453553777014,0.7901204425793358,0.7867992015853381,0.7482903692005167,0.812174119828522,0.9649377128276113
3,2,0.7537419896894765,1.2892575228859584,1.0390943524243457,0.710991264003596,0.710991264003596,0.7768041588098207,0.7354141545750863,0.8291116899659319,0.8951966564736398,0.839075016901133,1.4274368856953554,0.8622968501357046,0.7910073433756477,0.883745889497072,1.421982528007192,0.9816971721273112,1.4623820100805962,0.8150446372546681,0.7921909394011701,0.7204559317745443,0.7460311089187506,1.3,0.710991264003596,0.8162655865395517,1.0094567868236004,0.8799450806867001,1.421982528007192,0.7519602140072876,0.7187477417284811,1.0168488026015778,0.7688921853291073,0.7524702465291315,0.710991264003596,0.7292644797170471,0.7572452426352019,0.8029152712258716,1.00517224827988,1.421982528007192,0.8542255027814832,0.8730793923527911,0.8882889540987564,1.3,0.734808252786924,0.710991264003596,1.109944899606653,0.710991264003596,1.3,0.7364893069385405,1.3,0.7484729407802093,0.7378788440882389,0.7509415834236857,0.7286654926444156,0.9087514776051707,0.7419476072335853,1.3,0.7591918522500503,0.7150105312093883,0.7455500358109785,0.7253205036104178,0.7290798523127283,0.759415009220529,0.7900150717807473,0.7796848129026794,0.7783082845284608,0.7184162489523891,0.8932352033560894,0.9012575151420883,1.578394250177285,0.7462673172924146,0.877079087941537,0.8132507814968555,0.8168428468834367,1.3,0.8487326936651212,0.7677987068533244,0.710991264003596,0.7537403591848606,0.8327945342402111,0.7257618684079659,0.7472339405669974,1.1550135782682016,0.879709516363163,0.8830740888792269,0.8549655261447143,0.725917548702041,0.7497700043506421,0.7115795601074076,0.805876538715057,1.1575962325805864,0.734255748897776,0.8472783224858487,0.92219845148546,0.8065901785966295,1.4850453553777014,0.7948604317417584,0.8077974591846925,0.7242637764814834,0.7862075088295793,0.977400358517321
3,3,0.7537419896894765,1.2892575228859584,1.0390943524243457,0.710991264003596,0.710991264003596,0.7768041588098207,0.7354141545750863,0.8291116899659319,0.8951966564736398,0.839075016901133,1.4274368856953554,0.8622968501357046,0.7910073433756477,0.883745889497072,1.421982528007192,0.9816971721273112,1.4623820100805962,0.8150446372546681,0.7921909394011701,0.7204559317745443,0.7460311089187506,1.3,0.710991264003596,0.8162655865395517,1.0094567868236004,1.446504976736167,1.421982528007192,0.7519602140072876,0.7187477417284811,1.0168488026015778,0.7688921853291073,0.7524702465291315,0.710991264003596,0.7292644797170471,0.7572452426352019,0.8029152712258716,1.00517224827988,1.421982528007192,0.8542255027814832,0.8730793923527911,0.8882889540987564,1.3,0.734808252786924,0.710991264003596,1.109944899606653,0.710991264003596,1.3,0.7364893069385405,1.3,0.7484729407802093,0.7378788440882389,0.7509415834236857,0.7286654926444156,0.9087514776051707,0.7419476072335853,1.3,0.7591918522500503,0.7150105312093883,0.7455500358109785,0.7253205036104178,0.7290798523127283,0.759415009220529,0.7900150717807473,0.9866503211392883,0.7783082845284608,0.7184162489523891,0.8932352033560894,0.9012575151420883,1.578394250177285,1.421982528007192,0.7165842425749915,0.8132507814968555,0.8168428468834367,1.3,0.8487326936651212,0.7677987068533244,0.710991264003596,0.7537403591848606,0.8327945342402111,0.7257618684079659,0.7472339405669974,1.1550135782682016,0.7378676426579056,0.8830740888792269,0.8549655261447143,0.7323835517318007,0.745103089921975,0.7115795601074076,0.805876538715057,1.1575962325805864,0.734255748897776,0.755515653275811,0.92219845148546,0.768286032352191,1.4850453553777014,0.7948604317417584,0.7690419073385946,0.7251912911995073,0.7965291699049707,1.038503624971216
3,4,0.7537419896894765,1.2892575228859584,1.0390943524243457,0.710991264003596,0.710991264003596,0.7768041588098207,0.7354141545750863,0.8291116899659319,0.8951966564736398,0.839075016901133,1.4274368856953554,0.8622968501357046,0.7910073433756477,0.883745889497072,1.421982528007192,0.9816971721273112,1.4623820100805962,0.8150446372546681,0.7921909394011701,0.7204559317745443,0.7460311089187506,1.4433362267732908,0.710991264003596,0.8162655865395517,1.0094567868236004,1.446504976736167,1.421982528007192,0.7519602140072876,0.7187477417284811,1.0168488026015778,0.7688921853291073,0.7524702465291315,0.710991264003596,0.7292644797170471,0.7572452426352019,0.8029152712258716,1.00517224827988,1.421982528007192,0.8542255027814832,0.8730793923527911,0.8882889540987564,1.3,0.734808252786924,0.710991264003596,1.109944899606653,0.710991264003596,1.3,0.7364893069385405,1.3,0.7484729407802093,0.7378788440882389,0.7509415834236857,0.7286654926444156,0.9087514776051707,0.7419476072335853,1.4879496063258957,0.7591918522500503,0.7150105312093883,0.7455500358109785,0.7253205036104178,0.7290798523127283,0.7225158273293733,0.883960305409653,0.9866503211392883,0.7783082845284608,0.7184162489523891,0.8932352033560894,0.9012575151420883,1.578394250177285,1.421982528007192,0.7165842425749915,0.8132507814968555,0.8168428468834367,1.3,0.8487326936651212,0.7677987068533244,0.710991264003596,0.7151822458725905,0.8328891481776437,0.7257618684079659,0.7472339405669974,0.7198241147497138,0.7378676426579056,0.8830740888792269,0.8549655261447143,0.7323835517318007,0.745103089921975,0.7115795601074076,0.805876538715057,1.1741552420834171,0.734255748897776,0.7438435802933223,1.1462075651886778,0.768286032352191,1.4850453553777014,0.8019826622897402,0.7535251427059845,0.7251912911995073,0.7709893204281596,1.0797123319880768
3,5,0.7537419896894765,1.2892575228859584,1.0390943524243457,0.710991264003596,0.710991264003596,0.7768041588098207,0.7354141545750863,0.8291116899659319,0.8951966564736398,0.839075016901133,1.4274368856953554,0.8622968501357046,0.7910073433756477,0.883745889497072,1.421982528007192,0.9816971721273112,1.4623820100805962,0.8150446372546681,0.7921909394011701,0.7204559317745443,0.7460311089187506,1.4433362267732908,0.710991264003596,0.8162655865395517,1.0094567868236004,1.446504976736167,1.421982528007192,0.7519602140072876,0.7187477417284811,1.0168488026015778,0.7688921853291073,0.7524702465291315,0.710991264003596,0.7292644797170471,0.7572452426352019,0.8029152712258716,1.00517224827988,1.421982528007192,0.8542255027814832,0.8730793923527911,0.8882889540987564,1.3,0.734808252786924,0.710991264003596,1.109944899606653,0.710991264003596,1.3,0.7364893069385405,1.3,0.7484729407802093,0.7378788440882389,0.7509415834236857,0.7286654926444156,0.9087514776051707,0.7419476072335853,1.4879496063258957,0.7591918522500503,0.7150105312093883,0.7455500358109785,0.7253205036104178,0.7290798523127283,0.7225158273293733,0.883960305409653,0.9866503211392883,0.7783082845284608,0.7184162489523891,0.8932352033560894,0.9012575151420883,1.578394250177285,1.421982528007192,0.7165842425749915,0.8132507814968555,0.8168428468834367,1.3,0.8487326936651212,0.7677987068533244,0.710991264003596,0.7151822458725905,0.8328891481776437,0.7257618684079659,0.7472339405669974,0.7198241147497138,0.7378676426579056,0.8830740888792269,0.8549655261447143,0.7323835517318007,0.745103089921975,0.7115795601074076,0.805876538715057,1.1741552420834171,0.734255748897776,0.7438435802933223,1.1462075651886778,0.768286032352191,1.4850453553777014,0.8019826622897402,0.7535251427059845,0.7251912911995073,0.7709893204281596,1.0797123319880768
3,6,0.7537419896894765,1.2892575228859584,1.0390943524243457,0.710991264003596,0.710991264003596,0.7768041588098207,0.7354141545750863,0.8291116899659319,0.8951966564736398,0.839075016901133,1.4274368856953554,0.8622968501357046,0.7910073433756477,0.883745889497072,1.421982528007192,0.9816971721273112,1.4623820100805962,0.8150446372546681,0.7921909394011701,0.7204559317745443,0.7460311089187506,1.4433362267732908,0.710991264003596,0.8162655865395517,1.0094567868236004,1.446504976736167,1.421982528007192,0.7519602140072876,0.7187477417284811,1.0168488026015778,0.7688921853291073,0.7524702465291315,0.710991264003596,0.7292644797170471,0.7572452426352019,0.8029152712258716,1.00517224827988,1.421982528007192,0.8542255027814832,0.8730793923527911,0.8882889540987564,1.3,0.734808252786924,0.710991264003596,1.109944899606653,0.710991264003596,1.3,0.7364893069385405,1.3,0.7484729407802093,0.7378788440882389,0.7509415834236857,0.7286654926444156,0.9087514776051707,0.7419476072335853,1.4879496063258957,0.7591918522500503,0.7150105312093883,0.7455500358109785,0.7253205036104178,0.7290798523127283,0.7225158273293733,0.883960305409653,0.9866503211392883,0.7783082845284608,0.7184162489523891,0.8932352033560894,0.9012575151420883,1.578394250177285,1.421982528007192,0.7165842425749915,0.8132507814968555,0.8168428468834367,1.3,0.8487326936651212,0.7677987068533244,0.710991264003596,0.7151822458725905,0.8328891481776437,0.7257618684079659,0.7472339405669974,0.7198241147497138,0.7378676426579056,0.8830740888792269,0.8549655261447143,0.7323835517318007,0.745103089921975,0.7115795601074076,0.805876538715057,1.1741552420834171,0.734255748897776,0.7438435802933223,1.1462075651886778,0.768286032352191,1.4850453553777014,0.8019826622897402,0.7535251427059845,0.7251912911995073,0.7709893204281596,1.0797123319880768
3,7,0.7537419896894765,1.2892575228859584,1.0390943524243457,0.710991264003596,0.710991264003596,0.7768041588098207,0.7354141545750863,0.8291116899659319,0.8951966564736398,0.839075016901133,1.4274368856953554,0.8622968501357046,0.7910073433756477,0.883745889497072,1.421982528007192,0.9816971721273112,1.4623820100805962,0.8150446372546681,0.7921909394011701,0.7204559317745443,0.7460311089187506,1.4433362267732908,0.710991264003596,0.8162655865395517,1.0094567868236004,1.446504976736167,1.421982528007192,0.7519602140072876,0.7187477417284811,1.0168488026015778,0.7688921853291073,0.7524702465291315,0.710991264003596,0.7292644797170471,0.7572452426352019,0.8029152712258716,1.00517224827988,1.421982528007192,0.8542255027814832,0.8730793923527911,0.8882889540987564,1.3,0.734808252786924,0.710991264003596,1.109944899606653,0.710991264003596,1.3,0.7364893069385405,1.3,0.7484729407802093,0.7378788440882389,0.7509415834236857,0.7286654926444156,0.9087514776051707,0.7419476072335853,1.4879496063258957,0.7591918522500503,0.7150105312093883,0.7455500358109785,0.7253205036104178,0.7290798523127283,0.7225158273293733,0.883960305409653,0.9866503211392883,0.7783082845284608,0.7184162489523891,0.8932352033560894,0.9012575151420883,1.578394250177285,1.421982528007192,0.7165842425749915,0.8132507814968555,0.8168428468834367,1.3,0.8487326936651212,0.7677987068533244,0.710991264003596,0.7151822458725905,0.8328891481776437,0.7257618684079659,0.7472339405669974,0.7198241147497138,0.7378676426579056,0.8830740888792269,0.8549655261447143,0.7323835517318007,0.745103089921975,0.7115795601074076,0.805876538715057,1.1741552420834171,0.734255748897776,0.7438435802933223,1.1462075651886778,0.768286032352191,1.4850453553777014,0.8019826622897402,0.7535251427059845,0.7251912911995073,0.7709893204281596,1.0797123319880768
3,8,0.7537419896894765,1.2892575228859584,1.0390943524243457,0.710991264003596,0.710991264003596,0.7768041588098207,0.7354141545750863,0.8291116899659319,0.8951966564736398,0.839075016901133,1.4274368856953554,0.8622968501357046,0.7910073433756477,0.883745889497072,1.421982528007192,0.9816971721273112,1.4623820100805962,0.8150446372546681,0.7921909394011701,0.7204559317745443,0.7460311089187506,1.4433362267732908,0.710991264003596,0.8162655865395517,1.0094567868236004,1.446504976736167,1.421982528007192,0.7519602140072876,0.7187477417284811,1.0168488026015778,0.7688921853291073,0.7524702465291315,0.710991264003596,0.7292644797170471,0.7572452426352019,0.8029152712258716,1.00517224827988,1.421982528007192,0.8542255027814832,0.8730793923527911,0.8882889540987564,1.3,0.734808252786924,0.710991264003596,1.109944899606653,0.710991264003596,1.3,0.7364893069385405,1.3,0.7484729407802093,0.7378788440882389,0.7509415834236857,0.7286654926444156,0.9087514776051707,0.7419476072335853,1.4879496063258957,0.7591918522500503,0.7150105312093883,0.7455500358109785,0.7253205036104178,0.7290798523127283,0.7225158273293733,0.883960305409653,0.9866503211392883,0.7783082845284608,0.7184162489523891,0.8932352033560894,0.9012575151420883,1.578394250177285,1.421982528007192,0.7165842425749915,0.8132507814968555,0.8168428468834367,1.3,0.8487326936651212,0.7677987068533244,0.710991264003596,0.7151822458725905,0.8328891481776437,0.7257618684079659,0.7472339405669974,0.7198241147497138,0.7378676426579056,0.8830740888792269,0.8549655261447143,0.7323835517318007,0.745103089921975,0.7115795601074076,0.805876538715057,1.1741552420834171,0.734255748897776,0.7438435802933223,1.1462075651886778,0.768286032352191,1.4850453553777014,0.8019826622897402,0.7535251427059845,0.7251912911995073,0.7709893204281596,1.0797123319880768
3,9,0.7537419896894765,1.2892575228859584,1.0390943524243457,0.710991264003596,0.710991264003596,0.7768041588098207,0.7354141545750863,0.8291116899659319,0.8951966564736398,0.839075016901133,1.4274368856953554,0.8622968501357046,0.7910073433756477,0.883745889497072,1.421982528007192,0.9816971721273112,1.4623820100805962,0.8150446372546681,0.7921909394011701,0.7204559317745443,0.7460311089187506,1.4433362267732908,0.710991264003596,0.8162655865395517,1.0094567868236004,1.446504976736167,1.421982528007192,0.7519602140072876,0.7187477417284811,1.0168488026015778,0.7688921853291073,0.7524702465291315,0.710991264003596,0.7292644797170471,0.7572452426352019,0.8029152712258716,1.00517224827988,1.421982528007192,0.8542255027814832,0.8730793923527911,0.8882889540987564,1.3,0.734808252786924,0.710991264003596,1.109944899606653,0.710991264003596,1.3,0.7364893069385405,1.3,0.7484729407802093,0.7378788440882389,0.7509415834236857,0.7286654926444156,0.9087514776051707,0.7419476072335853,1.4879496063258957,0.7591918522500503,0.7150105312093883,0.7455500358109785,0.7253205036104178,0.7290798523127283,0.7225158273293733,0.883960305409653,0.9866503211392883,0.7783082845284608,0.7184162489523891,0.8932352033560894,0.9012575151420883,1.578394250177285,1.421982528007192,0.7165842425749915,0.8132507814968555,0.8168428468834367,1.3,0.8487326936651212,0.7677987068533244,0.710991264003596,0.7151822458725905,0.8328891481776437,0.7257618684079659,0.7472339405669974,0.7198241147497138,0.7378676426579056,0.8830740888792269,0.8549655261447143,0.7323835517318007,0.745103089921975,0.7115795601074076,0.805876538715057,1.1741552420834171,0.734255748897776,0.7438435802933223,1.1462075651886778,0.768286032352191,1.4850453553777014,0.8019826622897402,0.7535251427059845,0.7251912911995073,0.7709893204281596,1.0797123319880768
3,10,0.7537419896894765,1.2892575228859584,1.0390943524243457,0.710991264003596,0.710991264003596,0.7768041588098207,0.7354141545750863,0.8291116899659319,0.8951966564736398,0.839075016901133,1.4274368856953554,0.8622968501357046,0.7910073433756477,0.883745889497072,1.421982528007192,0.9816971721273112,1.4623820100805962,0.8150446372546681,0.7921909394011701,0.7204559317745443,0.7460311089187506,1.4433362267732908,0.710991264003596,0.8162655865395517,1.0094567868236004,1.446504976736167,1.421982528007192,0.7519602140072876,0.7187477417284811,1.0168488026015778,0.7688921853291073,0.7524702465291315,0.710991264003596,0.7292644797170471,0.7572452426352019,0.8029152712258716,1.00517224827988,1.421982528007192,0.8542255027814832,0.8730793923527911,0.8882889540987564,1.3,0.734808252786924,0.710991264003596,1.109944899606653,0.710991264003596,1.3,0.7364893069385405,1.3,0.7484729407802093,0.7378788440882389,0.7509415834236857,0.7286654926444156,0.9087514776051707,0.7419476072335853,1.4879496063258957,0.7591918522500503,0.7150105312093883,0.7455500358109785,0.7253205036104178,0.7290798523127283,0.7225158273293733,0.883960305409653,0.9866503211392883,0.7783082845284608,0.7184162489523891,0.8932352033560894,0.9012575151420883,1.578394250177285,1.421982528007192,0.7165842425749915,0.8132507814968555,0.8168428468834367,1.3,0.8487326936651212,0.7677987068533244,0.710991264003596,0.7151822458725905,0.8328891481776437,0.7257618684079659,0.7472339405669974,0.7198241147497138,0.7378676426579056,0.8830740888792269,0.8549655261447143,0.7323835517318007,0.745103089921975,0.7115795601074076,0.805876538715057,1.1741552420834171,0.734255748897776,0.7438435802933223,1.1462075651886778,0.768286032352191,1.4850453553777014,0.8019826622897402,0.7535251427059845,0.7251912911995073,0.7709893204281596,1.0797123319880768
3,11,0.7537419896894765,1.2892575228859584,1.0390943524243457,0.710991264003596,0.710991264003596,0.7768041588098207,0.7354141545750863,0.8291116899659319,0.8951966564736398,0.839075016901133,1.4274368856953554,0.8622968501357046,0.7910073433756477,0.883745889497072,1.421982528007192,0.9816971721273112,1.4623820100805962,0.8150446372546681,0.7921909394011701,0.7204559317745443,0.7460311089187506,1.4433362267732908,0.710991264003596,0.8162655865395517,1.0094567868236004,1.446504976736167,1.421982528007192,0.7519602140072876,0.7187477417284811,1.0168488026015778,0.7688921853291073,0.7524702465291315,0.710991264003596,0.7292644797170471,0.7572452426352019,0.8029152712258716,1.00517224827988,1.421982528007192,0.8542255027814832,0.8730793923527911,0.8882889540987564,1.3,0.734808252786924,0.710991264003596,1.109944899606653,0.710991264003596,1.3,0.7364893069385405,1.3,0.7484729407802093,0.7378788440882389,0.7509415834236857,0.7286654926444156,0.9087514776051707,0.7419476072335853,1.4879496063258957,0.7591918522500503,0.7150105312093883,0.7455500358109785,0.7253205036104178,0.7290798523127283,0.7225158273293733,0.883960305409653,0.9866503211392883,0.7783082845284608,0.7184162489523891,0.8932352033560894,0.9012575151420883,1.578394250177285,1.421982528007192,0.7165842425749915,0.8132507814968555,0.8168428468834367,1.3,0.8487326936651212,0.7677987068533244,0.710991264003596,0.7151822458725905,0.8328891481776437,0.7257618684079659,0.7472339405669974,0.7198241147497138,0.7378676426579056,0.8830740888792269,0.8549655261447143,0.7323835517318007,0.745103089921975,0.7115795601074076,0.805876538715057,1.1741552420834171,0.734255748897776,0.7438435802933223,1.1462075651886778,0.768286032352191,1.4850453553777014,0.8019826622897402,0.7535251427059845,0.7251912911995073,0.7709893204281596,1.0797123319880768
3,12,0.7537419896894765,1.2892575228859584,1.0390943524243457,0.710991264003596,0.710991264003596,0.7768041588098207,0.7354141545750863,0.8291116899659319,0.8951966564736398,0.839075016901133,1.4274368856953554,0.8622968501357046,0.7910073433756477,0.883745889497072,1.421982528007192,0.9816971721273112,1.4623820100805962,0.8150446372546681,0.7921909394011701,0.7204559317745443,0.7460311089187506,1.4433362267732908,0.710991264003596,0.8162655865395517,1.0094567868236004,1.446504976736167,1.421982528007192,0.7519602140072876,0.7187477417284811,1.0168488026015778,0.7688921853291073,0.7524702465291315,0.710991264003596,0.7292644797170471,0.7572452426352019,0.8029152712258716,1.00517224827988,1.421982528007192,0.8542255027814832,0.8730793923527911,0.8882889540987564,1.3,0.734808252786924,0.710991264003596,1.109944899606653,0.710991264003596,1.3,0.7364893069385405,1.3,0.7484729407802093,0.7378788440882389,0.7509415834236857,0.7286654926444156,0.9087514776051707,0.7419476072335853,1.4879496063258957,0.7591918522500503,0.7150105312093883,0.7455500358109785,0.7253205036104178,0.7290798523127283,0.7225158273293733,0.883960305409653,0.9866503211392883,0.7783082845284608,0.7184162489523891,0.8932352033560894,0.9012575151420883,1.578394250177285,1.421982528007192,0.7165842425749915,0.8132507814968555,0.8168428468834367,1.3,0.8487326936651212,0.7677987068533244,0.710991264003596,0.7151822458725905,0.8328891481776437,0.7257618684079659,0.7472339405669974,0.7198241147497138,0.7378676426579056,0.8830740888792269,0.8549655261447143,0.7323835517318007,0.745103089921975,0.7115795601074076,0.805876538715057,1.1741552420834171,0.734255748897776,0.7438435802933223,1.1462075651886778,0.768286032352191,1.4850453553777014,0.8019826622897402,0.7535251427059845,0.7251912911995073,0.7709893204281596,1.0797123319880768
3,13,0.7537419896894765,1.2892575228859584,1.0390943524243457,0.710991264003596,0.710991264003596,0.7768041588098207,0.7354141545750863,0.8291116899659319,0.8951966564736398,0.839075016901133,1.4274368856953554,0.8622968501357046,0.7910073433756477,0.883745889497072,1.421982528007192,0.9816971721273112,1.4623820100805962,0.8150446372546681,0.7921909394011701,0.7204559317745443,0.7460311089187506,1.4433362267732908,0.710991264003596,0.8162655865395517,1.0094567868236004,1.446504976736167,1.421982528007192,0.7519602140072876,0.7187477417284811,1.0168488026015778,0.7688921853291073,0.7524702465291315,0.710991264003596,0.7292644797170471,0.7572452426352019,0.8029152712258716,1.00517224827988,1.421982528007192,0.8542255027814832,0.8730793923527911,0.8882889540987564,1.3,0.734808252786924,0.710991264003596,1.109944899606653,0.710991264003596,1.3,0.7364893069385405,1.3,0.7484729407802093,0.7378788440882389,0.7509415834236857,0.7286654926444156,0.9087514776051707,0.7419476072335853,1.4879496063258957,0.7591918522500503,0.7150105312093883,0.7455500358109785,0.7253205036104178,0.7290798523127283,0.7225158273293733,0.883960305409653,0.9866503211392883,0.7783082845284608,0.7184162489523891,0.8932352033560894,0.9012575151420883,1.578394250177285,1.421982528007192,0.7165842425749915,0.8132507814968555,0.8168428468834367,1.3,0.8487326936651212,0.7677987068533244,0.710991264003596,0.7151822458725905,0.8328891481776437,0.7257618684079659,0.7472339405669974,0.7198241147497138,0.7378676426579056,0.8830740888792269,0.8549655261447143,0.7323835517318007,0.745103089921975,0.7115795601074076,0.805876538715057,1.1741552420834171,0.734255748897776,0.7438435802933223,1.1462075651886778,0.768286032352191,1.4850453553777014,0.8019826622897402,0.7535251427059845,0.7251912911995073,0.7709893204281596,1.0797123319880768
3,14,0.7537419896894765,1.2892575228859584,1.0390943524243457,0.710991264003596,0.710991264003596,0.7768041588098207,0.7354141545750863,0.8291116899659319,0.8951966564736398,0.839075016901133,1.4274368856953554,0.8622968501357046,0.7910073433756477,0.883745889497072,1.421982528007192,0.9816971721273112,1.4623820100805962,0.8150446372546681,0.7921909394011701,0.7204559317745443,0.7460311089187506,1.4433362267732908,0.710991264003596,0.8162655865395517,1.0094567868236004,1.446504976736167,1.421982528007192,0.7519602140072876,0.7187477417284811,1.0168488026015778,0.7688921853291073,0.7524702465291315,0.710991264003596,0.7292644797170471,0.7572452426352019,0.8029152712258716,1.00517224827988,1.421982528007192,0.8542255027814832,0.8730793923527911,0.8882889540987564,1.3,0.734808252786924,0.710991264003596,1.109944899606653,0.710991264003596,1.3,0.7364893069385405,1.3,0.7484729407802093,0.7378788440882389,0.7509415834236857,0.7286654926444156,0.9087514776051707,0.7419476072335853,1.4879496063258957,0.7591918522500503,0.7150105312093883,0.7455500358109785,0.7253205036104178,0.7290798523127283,0.7225158273293733,0.883960305409653,0.9866503211392883,0.7783082845284608,0.7184162489523891,0.8932352033560894,0.9012575151420883,1.578394250177285,1.421982528007192,0.7165842425749915,0.8132507814968555,0.8168428468834367,1.3,0.8487326936651212,0.7677987068533244,0.710991264003596,0.7151822458725905,0.8328891481776437,0.7257618684079659,0.7472339405669974,0.7198241147497138,0.7378676426579056,0.8830740888792269,0.8549655261447143,0.7323835517318007,0.745103089921975,0.7115795601074076,0.805876538715057,1.1741552420834171,0.734255748897776,0.7438435802933223,1.1462075651886778,0.768286032352191,1.4850453553777014,0.8019826622897402,0.7535251427059845,0.7251912911995073,0.7709893204281596,1.0797123319880768
3,15,0.7537419896894765,1.2892575228859584,1.0390943524243457,0.710991264003596,0.710991264003596,0.7768041588098207,0.7354141545750863,0.8291116899659319,0.8951966564736398,0.839075016901133,1.4274368856953554,0.8622968501357046,0.7910073433756477,0.883745889497072,1.421982528007192,0.9816971721273112,1.4623820100805962,0.8150446372546681,0.7921909394011701,0.7204559317745443,0.7460311089187506,1.4433362267732908,0.710991264003596,0.8162655865395517,1.0094567868236004,1.446504976736167,1.421982528007192,0.7519602140072876,0.7187477417284811,1.0168488026015778,0.7688921853291073,0.7524702465291315,0.710991264003596,0.7292644797170471,0.7572452426352019,0.8029152712258716,1.00517224827988,1.421982528007192,0.8542255027814832,0.8730793923527911,0.8882889540987564,1.3,0.734808252786924,0.710991264003596,1.109944899606653,0.710991264003596,1.3,0.7364893069385405,1.3,0.7484729407802093,0.7378788440882389,0.7509415834236857,0.7286654926444156,0.9087514776051707,0.7419476072335853,1.4879496063258957,0.7591918522500503,0.7150105312093883,0.7455500358109785,0.7253205036104178,0.7290798523127283,0.7225158273293733,0.883960305409653,0.9866503211392883,0.7783082845284608,0.7184162489523891,0.8932352033560894,0.9012575151420883,1.578394250177285,1.421982528007192,0.7165842425749915,0.8132507814968555,0.8168428468834367,1.3,0.8487326936651212,0.7677987068533244,0.710991264003596,0.7151822458725905,0.8328891481776437,0.7257618684079659,0.7472339405669974,0.7198241147497138,0.7378676426579056,0.8830740888792269,0.8549655261447143,0.7323835517318007,0.745103089921975,0.7115795601074076,0.805876538715057,1.1741552420834171,0.734255748897776,0.7438435802933223,1.1462075651886778,0.768286032352191,1.4850453553777014,0.8019826622897402,0.7535251427059845,0.7251912911995073,0.7709893204281596,1.0797123319880768
3,16,0.7537419896894765,1.2892575228859584,1.0390943524243457,0.710991264003596,0.710991264003596,0.7768041588098207,0.7354141545750863,0.8291116899659319,0.8951966564736398,0.839075016901133,1.4274368856953554,0.8622968501357046,0.7910073433756477,0.883745889497072,1.421982528007192,0.9816971721273112,1.4623820100805962,0.8150446372546681,0.7921909394011701,0.7204559317745443,0.7460311089187506,1.4433362267732908,0.710991264003596,0.8162655865395517,1.0094567868236004,1.446504976736167,1.421982528007192,0.7519602140072876,0.7187477417284811,1.0168488026015778,0.7688921853291073,0.7524702465291315,0.710991264003596,0.7292644797170471,0.7572452426352019,0.8029152712258716,1.00517224827988,1.421982528007192,0.8542255027814832,0.8730793923527911,0.8882889540987564,1.3,0.734808252786924,0.710991264003596,1.109944899606653,0.710991264003596,1.3,0.7364893069385405,1.3,0.7484729407802093,0.7378788440882389,0.7509415834236857,0.7286654926444156,0.9087514776051707,0.7419476072335853,1.4879496063258957,0.7591918522500503,0.7150105312093883,0.7455500358109785,0.7253205036104178,0.7290798523127283,0.7225158273293733,0.883960305409653,0.9866503211392883,0.7783082845284608,0.7184162489523891,0.8932352033560894,0.9012575151420883,1.578394250177285,1.421982528007192,0.7165842425749915,0.8132507814968555,0.8168428468834367,1.3,0.8487326936651212,0.7677987068533244,0.710991264003596,0.7151822458725905,0.8328891481776437,0.7257618684079659,0.7472339405669974,0.7198241147497138,0.7378676426579056,0.8830740888792269,0.8549655261447143,0.7323835517318007,0.745103089921975,0.7115795601074076,0.805876538715057,1.1741552420834171,0.734255748897776,0.7438435802933223,1.1462075651886778,0.768286032352191,1.4850453553777014,0.8019826622897402,0.7535251427059845,0.7251912911995073,0.7709893204281596,1.0797123319880768
3,17,0.7537419896894765,1.2892575228859584,1.0390943524243457,0.710991264003596,0.710991264003596,0.7768041588098207,0.7354141545750863,0.8291116899659319,0.8951966564736398,0.839075016901133,1.4274368856953554,0.8622968501357046,0.7910073433756477,0.883745889497072,1.421982528007192,0.9816971721273112,1.4623820100805962,0.8150446372546681,0.7921909394011701,0.7204559317745443,0.7460311089187506,1.4433362267732908,0.710991264003596,0.8162655865395517,1.0094567868236004,1.446504976736167,1.421982528007192,0.7519602140072876,0.7187477417284811,1.0168488026015778,0.7688921853291073,0.7524702465291315,0.710991264003596,0.7292644797170471,0.7572452426352019,0.8029152712258716,1.00517224827988,1.421982528007192,0.8542255027814832,0.8730793923527911,0.8882889540987564,1.3,0.734808252786924,0.710991264003596,1.109944899606653,0.710991264003596,1.3,0.7364893069385405,1.3,0.7484729407802093,0.7378788440882389,0.7509415834236857,0.7286654926444156,0.9087514776051707,0.7419476072335853,1.4879496063258957,0.7591918522500503,0.7150105312093883,0.7455500358109785,0.7253205036104178,0.7290798523127283,0.7225158273293733,0.883960305409653,0.9866503211392883,0.7783082845284608,0.7184162489523891,0.8932352033560894,0.9012575151420883,1.578394250177285,1.421982528007192,0.7165842425749915,0.8132507814968555,0.8168428468834367,1.3,0.8487326936651212,0.7677987068533244,0.710991264003596,0.7151822458725905,0.8328891481776437,0.7257618684079659,0.7472339405669974,0.7198241147497138,0.7378676426579056,0.8830740888792269,0.8549655261447143,0.7323835517318007,0.745103089921975,0.7115795601074076,0.805876538715057,1.1741552420834171,0.734255748897776,0.7438435802933223,1.1462075651886778,0.768286032352191,1.4850453553777014,0.8019826622897402,0.7535251427059845,0.7251912911995073,0.7709893204281596,1.0797123319880768
3,18,0.7537419896894765,1.2892575228859584,1.0390943524243457,0.710991264003596,0.710991264003596,0.7768041588098207,0.7354141545750863,0.8291116899659319,0.8951966564736398,0.839075016901133,1.4274368856953554,0.8622968501357046,0.7910073433756477,0.883745889497072,1.421982528007192,0.9816971721273112,1.4623820100805962,0.8150446372546681,0.7921909394011701,0.7204559317745443,0.7460311089187506,1.4433362267732908,0.710991264003596,0.8162655865395517,1.0094567868236004,1.446504976736167,1.421982528007192,0.7519602140072876,0.7187477417284811,1.0168488026015778,0.7688921853291073,0.7524702465291315,0.710991264003596,0.7292644797170471,0.7572452426352019,0.8029152712258716,1.00517224827988,1.421982528007192,0.8542255027814832,0.8730793923527911,0.8882889540987564,1.3,0.734808252786924,0.710991264003596,1.109944899606653,0.710991264003596,1.3,0.7364893069385405,1.3,0.7484729407802093,0.7378788440882389,0.7509415834236857,0.7286654926444156,0.9087514776051707,0.7419476072335853,1.4879496063258957,0.7591918522500503,0.7150105312093883,0.7455500358109785,0.7253205036104178,0.7290798523127283,0.7225158273293733,0.883960305409653,0.9866503211392883,0.7783082845284608,0.7184162489523891,0.8932352033560894,0.9012575151420883,1.578394250177285,1.421982528007192,0.7165842425749915,0.8132507814968555,0.8168428468834367,1.3,0.8487326936651212,0.7677987068533244,0.710991264003596,0.7151822458725905,0.8328891481776437,0.7257618684079659,0.7472339405669974,0.7198241147497138,0.7378676426579056,0.8830740888792269,0.8549655261447143,0.7323835517318007,0.745103089921975,0.7115795601074076,0.805876538715057,1.1741552420834171,0.734255748897776,0.7438435802933223,1.1462075651886778,0.768286032352191,1.4850453553777014,0.8019826622897402,0.7535251427059845,0.7251912911995073,0.7709893204281596,1.0797123319880768
3,19,0.7537419896894765,1.2892575228859584,1.0390943524243457,0.710991264003596,0.710991264003596,0.7768041588098207,0.7354141545750863,0.8291116899659319,0.8951966564736398,0.839075016901133,1.4274368856953554,0.8622968501357046,0.7910073433756477,0.883745889497072,1.421982528007192,0.9816971721273112,1.4623820100805962,0.8150446372546681,0.7921909394011701,0.7204559317745443,0.7460311089187506,1.4433362267732908,0.710991264003596,0.8162655865395517,1.0094567868236004,1.446504976736167,1.421982528007192,0.7519602140072876,0.7187477417284811,1.0168488026015778,0.7688921853291073,0.7524702465291315,0.710991264003596,0.7292644797170471,0.7572452426352019,0.8029152712258716,1.00517224827988,1.421982528007192,0.8542255027814832,0.8730793923527911,0.8882889540987564,1.3,0.734808252786924,0.710991264003596,1.109944899606653,0.710991264003596,1.3,0.7364893069385405,1.3,0.7484729407802093,0.7378788440882389,0.7509415834236857,0.7286654926444156,0.9087514776051707,0.7419476072335853,1.4879496063258957,0.7591918522500503,0.7150105312093883,0.7455500358109785,0.7253205036104178,0.7290798523127283,0.7225158273293733,0.883960305409653,0.9866503211392883,0.7783082845284608,0.7184162489523891,0.8932352033560894,0.9012575151420883,1.578394250177285,1.421982528007192,0.7165842425749915,0.8132507814968555,0.8168428468834367,1.3,0.8487326936651212,0.7677987068533244,0.710991264003596,0.7151822458725905,0.8328891481776437,0.7257618684079659,0.7472339405669974,0.7198241147497138,0.7378676426579056,0.8830740888792269,0.8549655261447143,0.7323835517318007,0.745103089921975,0.7115795601074076,0.805876538715057,1.1741552420834171,0.734255748897776,0.7438435802933223,1.1462075651886778,0.768286032352191,1.4850453553777014,0.8019826622897402,0.7535251427059845,0.7251912911995073,0.7709893204281596,1.0797123319880768
3,20,0.7537419896894765,1.2892575228859584,1.0390943524243457,0.710991264003596,0.710991264003596,0.7768041588098207,0.7354141545750863,0.8291116899659319,0.8951966564736398,0.839075016901133,1.4274368856953554,0.8622968501357046,0.7910073433756477,0.883745889497072,1.421982528007192,0.9816971721273112,1.4623820100805962,0.8150446372546681,0.7921909394011701,0.7204559317745443,0.7460311089187506,1.4433362267732908,0.710991264003596,0.8162655865395517,1.0094567868236004,1.446504976736167,1.421982528007192,0.7519602140072876,0.7187477417284811,1.0168488026015778,0.7688921853291073,0.7524702465291315,0.710991264003596,0.7292644797170471,0.7572452426352019,0.8029152712258716,1.00517224827988,1.421982528007192,0.8542255027814832,0.8730793923527911,0.8882889540987564,1.3,0.734808252786924,0.710991264003596,1.109944899606653,0.710991264003596,1.3,0.7364893069385405,1.3,0.7484729407802093,0.7378788440882389,0.7509415834236857,0.7286654926444156,0.9087514776051707,0.7419476072335853,1.4879496063258957,0.7591918522500503,0.7150105312093883,0.7455500358109785,0.7253205036104178,0.7290798523127283,0.7225158273293733,0.883960305409653,0.9866503211392883,0.7783082845284608,0.7184162489523891,0.8932352033560894,0.9012575151420883,1.578394250177285,1.421982528007192,0.7165842425749915,0.8132507814968555,0.8168428468834367,1.3,0.8487326936651212,0.7677987068533244,0.710991264003596,0.7151822458725905,0.8328891481776437,0.7257618684079659,0.7472339405669974,0.7198241147497138,0.7378676426579056,0.8830740888792269,0.8549655261447143,0.7323835517318007,0.745103089921975,0.7115795601074076,0.805876538715057,1.1741552420834171,0.734255748897776,0.7438435802933223,1.1462075651886778,0.768286032352191,1.4850453553777014,0.8019826622897402,0.7535251427059845,0.7251912911995073,0.7709893204281596,1.0797123319880768
3,21,0.7537419896894765,1.2892575228859584,1.0390943524243457,0.710991264003596,0.710991264003596,0.7768041588098207,0.7354141545750863,0.8291116899659319,0.8951966564736398,0.839075016901133,1.4274368856953554,0.8622968501357046,0.7910073433756477,0.883745889497072,1.421982528007192,0.9816971721273112,1.4623820100805962,0.8150446372546681,0.7921909394011701,0.7204559317745443,0.7460311089187506,1.4433362267732908,0.710991264003596,0.8162655865395517,1.0094567868236004,1.446504976736167,1.421982528007192,0.7519602140072876,0.7187477417284811,1.0168488026015778,0.7688921853291073,0.7524702465291315,0.710991264003596,0.7292644797170471,0.7572452426352019,0.8029152712258716,1.00517224827988,1.421982528007192,0.8542255027814832,0.8730793923527911,0.8882889540987564,1.3,0.734808252786924,0.710991264003596,1.109944899606653,0.710991264003596,1.3,0.7364893069385405,1.3,0.7484729407802093,0.7378788440882389,0.7509415834236857,0.7286654926444156,0.9087514776051707,0.7419476072335853,1.4879496063258957,0.7591918522500503,0.7150105312093883,0.7455500358109785,0.7253205036104178,0.7290798523127283,0.7225158273293733,0.883960305409653,0.9866503211392883,0.7783082845284608,0.7184162489523891,0.8932352033560894,0.9012575151420883,1.578394250177285,1.421982528007192,0.7165842425749915,0.8132507814968555,0.8168428468834367,1.3,0.8487326936651212,0.7677987068533244,0.710991264003596,0.7151822458725905,0.8328891481776437,0.7257618684079659,0.7472339405669974,0.7198241147497138,0.7378676426579056,0.8830740888792269,0.8549655261447143,0.7323835517318007,0.745103089921975,0.7115795601074076,0.805876538715057,1.1741552420834171,0.734255748897776,0.7438435802933223,1.1462075651886778,0.768286032352191,1.4850453553777014,0.8019826622897402,0.7535251427059845,0.7251912911995073,0.7709893204281596,1.0797123319880768
3,22,0.7537419896894765,1.2892575228859584,1.0390943524243457,0.710991264003596,0.710991264003596,0.7768041588098207,0.7354141545750863,0.8291116899659319,0.8951966564736398,0.839075016901133,1.4274368856953554,0.8622968501357046,0.7910073433756477,0.883745889497072,1.421982528007192,0.9816971721273112,1.4623820100805962,0.8150446372546681,0.7921909394011701,0.7204559317745443,0.7460311089187506,1.4433362267732908,0.710991264003596,0.8162655865395517,1.0094567868236004,1.446504976736167,1.421982528007192,0.7519602140072876,0.7187477417284811,1.0168488026015778,0.7688921853291073,0.7524702465291315,0.710991264003596,0.7292644797170471,0.7572452426352019,0.8029152712258716,1.00517224827988,1.421982528007192,0.8542255027814832,0.8730793923527911,0.8882889540987564,1.3,0.734808252786924,0.710991264003596,1.109944899606653,0.710991264003596,1.3,0.7364893069385405,1.3,0.7484729407802093,0.7378788440882389,0.7509415834236857,0.7286654926444156,0.9087514776051707,0.7419476072335853,1.4879496063258957,0.7591918522500503,0.7150105312093883,0.7455500358109785,0.7253205036104178,0.7290798523127283,0.7225158273293733,0.883960305409653,0.9866503211392883,0.7783082845284608,0.7184162489523891,0.8932352033560894,0.9012575151420883,1.578394250177285,1.421982528007192,0.7165842425749915,0.8132507814968555,0.8168428468834367,1.3,0.8487326936651212,0.7677987068533244,0.710991264003596,0.7151822458725905,0.8328891481776437,0.7257618684079659,0.7472339405669974,0.7198241147497138,0.7378676426579056,0.8830740888792269,0.8549655261447143,0.7323835517318007,0.745103089921975,0.7115795601074076,0.805876538715057,1.1741552420834171,0.734255748897776,0.7438435802933223,1.1462075651886778,0.768286032352191,1.4850453553777014,0.8019826622897402,0.7535251427059845,0.7251912911995073,0.7709893204281596,1.0797123319880768
3,23,0.7537419896894765,1.2892575228859584,1.0390943524243457,0.710991264003596,0.710991264003596,0.7768041588098207,0.7354141545750863,0.8291116899659319,0.8951966564736398,0.839075016901133,1.4274368856953554,0.8622968501357046,0.7910073433756477,0.883745889497072,1.421982528007192,0.9816971721273112,1.4623820100805962,0.8150446372546681,0.7921909394011701,0.7204559317745443,0.7460311089187506,1.4433362267732908,0.710991264003596,0.8162655865395517,1.0094567868236004,1.446504976736167,1.421982528007192,0.7519602140072876,0.7187477417284811,1.0168488026015778,0.7688921853291073,0.7524702465291315,0.710991264003596,0.7292644797170471,0.7572452426352019,0.8029152712258716,1.00517224827988,1.421982528007192,0.8542255027814832,0.8730793923527911,0.8882889540987564,1.3,0.734808252786924,0.710991264003596,1.109944899606653,0.710991264003596,1.3,0.7364893069385405,1.3,0.7484729407802093,0.7378788440882389,0.7509415834236857,0.7286654926444156,0.9087514776051707,0.7419476072335853,1.4879496063258957,0.7591918522500503,0.7150105312093883,0.7455500358109785,0.7253205036104178,0.7290798523127283,0.7225158273293733,0.883960305409653,0.9866503211392883,0.7783082845284608,0.7184162489523891,0.8932352033560894,0.9012575151420883,1.578394250177285,1.421982528007192,0.7165842425749915,0.8132507814968555,0.8168428468834367,1.3,0.8487326936651212,0.7677987068533244,0.710991264003596,0.7151822458725905,0.8328891481776437,0.7257618684079659,0.7472339405669974,0.7198241147497138,0.7378676426579056,0.8830740888792269,0.8549655261447143,0.7323835517318007,0.745103089921975,0.7115795601074076,0.805876538715057,1.1741552420834171,0.734255748897776,0.7438435802933223,1.1462075651886778,0.768286032352191,1.4850453553777014,0.8019826622897402,0.7535251427059845,0.7251912911995073,0.7709893204281596,1.0797123319880768
3,24,0.7537419896894765,1.2892575228859584,1.0390943524243457,0.710991264003596,0.710991264003596,0.7768041588098207,0.7354141545750863,0.8291116899659319,0.8951966564736398,0.839075016901133,1.4274368856953554,0.8622968501357046,0.7910073433756477,0.883745889497072,1.421982528007192,0.9816971721273112,1.4623820100805962,0.8150446372546681,0.7921909394011701,0.7204559317745443,0.7460311089187506,1.4433362267732908,0.710991264003596,0.8162655865395517,1.0094567868236004,1.446504976736167,1.421982528007192,0.7519602140072876,0.7187477417284811,1.0168488026015778,0.7688921853291073,0.7524702465291315,0.710991264003596,0.7292644797170471,0.7572452426352019,0.8029152712258716,1.00517224827988,1.421982528007192,0.8542255027814832,0.8730793923527911,0.8882889540987564,1.3,0.734808252786924,0.710991264003596,1.109944899606653,0.710991264003596,1.3,0.7364893069385405,1.3,0.7484729407802093,0.7378788440882389,0.7509415834236857,0.7286654926444156,0.9087514776051707,0.7419476072335853,1.4879496063258957,0.7591918522500503,0.7150105312093883,0.7455500358109785,0.7253205036104178,0.7290798523127283,0.7225158273293733,0.883960305409653,0.9866503211392883,0.7783082845284608,0.7184162489523891,0.8932352033560894,0.9012575151420883,1.578394250177285,1.421982528007192,0.7165842425749915,0.8132507814968555,0.8168428468834367,1.3,0.8487326936651212,0.7677987068533244,0.710991264003596,0.7151822458725905,0.8328891481776437,0.7257618684079659,0.7472339405669974,0.7198241147497138,0.7378676426579056,0.8830740888792269,0.8549655261447143,0.7323835517318007,0.745103089921975,0.7115795601074076,0.805876538715057,1.1741552420834171,0.734255748897776,0.7438435802933223,1.1462075651886778,0.768286032352191,1.4850453553777014,0.8019826622897402,0.7535251427059845,0.7251912911995073,0.7709893204281596,1.0797123319880768
3,25,0.7537419896894765,1.2892575228859584,1.0390943524243457,0.710991264003596,0.710991264003596,0.7768041588098207,0.7354141545750863,0.8291116899659319,0.8951966564736398,0.839075016901133,1.4274368856953554,0.8622968501357046,0.7910073433756477,0.883745889497072,1.421982528007192,0.9816971721273112,1.4623820100805962,0.8150446372546681,0.7921909394011701,0.7204559317745443,0.7460311089187506,1.4433362267732908,0.710991264003596,0.8162655865395517,1.0094567868236004,1.446504976736167,1.421982528007192,0.7519602140072876,0.7187477417284811,1.0168488026015778,0.7688921853291073,0.7524702465291315,0.710991264003596,0.7292644797170471,0.7572452426352019,0.8029152712258716,1.00517224827988,1.421982528007192,0.8542255027814832,0.8730793923527911,0.8882889540987564,1.3,0.734808252786924,0.710991264003596,1.109944899606653,0.710991264003596,1.3,0.7364893069385405,1.3,0.7484729407802093,0.7378788440882389,0.7509415834236857,0.7286654926444156,0.9087514776051707,0.7419476072335853,1.4879496063258957,0.7591918522500503,0.7150105312093883,0.7455500358109785,0.7253205036104178,0.7290798523127283,0.7225158273293733,0.883960305409653,0.9866503211392883,0.7783082845284608,0.7184162489523891,0.8932352033560894,0.9012575151420883,1.578394250177285,1.421982528007192,0.7165842425749915,0.8132507814968555,0.8168428468834367,1.3,0.8487326936651212,0.7677987068533244,0.710991264003596,0.7151822458725905,0.8328891481776437,0.7257618684079659,0.7472339405669974,0.7198241147497138,0.7378676426579056,0.8830740888792269,0.8549655261447143,0.7323835517318007,0.745103089921975,0.7115795601074076,0.805876538715057,1.1741552420834171,0.734255748897776,0.7438435802933223,1.1462075651886778,0.768286032352191,1.4850453553777014,0.8019826622897402,0.7535251427059845,0.7251912911995073,0.7709893204281596,1.0797123319880768
3,26,0.7537419896894765,1.2892575228859584,1.0390943524243457,0.710991264003596,0.710991264003596,0.7768041588098207,0.7354141545750863,0.8291116899659319,0.8951966564736398,0.839075016901133,1.4274368856953554,0.8622968501357046,0.7910073433756477,0.883745889497072,1.421982528007192,0.9816971721273112,1.4623820100805962,0.8150446372546681,0.7921909394011701,0.7204559317745443,0.7460311089187506,1.4433362267732908,0.710991264003596,0.8162655865395517,1.0094567868236004,1.446504976736167,1.421982528007192,0.7519602140072876,0.7187477417284811,1.0168488026015778,0.7688921853291073,0.7524702465291315,0.710991264003596,0.7292644797170471,0.7572452426352019,0.8029152712258716,1.00517224827988,1.421982528007192,0.8542255027814832,0.8730793923527911,0.8882889540987564,1.3,0.734808252786924,0.710991264003596,1.109944899606653,0.710991264003596,1.3,0.7364893069385405,1.3,0.7484729407802093,0.7378788440882389,0.7509415834236857,0.7286654926444156,0.9087514776051707,0.7419476072335853,1.4879496063258957,0.7591918522500503,0.7150105312093883,0.7455500358109785,0.7253205036104178,0.7290798523127283,0.7225158273293733,0.883960305409653,0.9866503211392883,0.7783082845284608,0.7184162489523891,0.8932352033560894,0.9012575151420883,1.578394250177285,1.421982528007192,0.7165842425749915,0.8132507814968555,0.8168428468834367,1.3,0.8487326936651212,0.7677987068533244,0.710991264003596,0.7151822458725905,0.8328891481776437,0.7257618684079659,0.7472339405669974,0.7198241147497138,0.7378676426579056,0.8830740888792269,0.8549655261447143,0.7323835517318007,0.745103089921975,0.7115795601074076,0.805876538715057,1.1741552420834171,0.734255748897776,0.7438435802933223,1.1462075651886778,0.768286032352191,1.4850453553777014,0.8019826622897402,0.7535251427059845,0.7251912911995073,0.7709893204281596,1.0797123319880768
3,27,0.7537419896894765,1.2892575228859584,1.0390943524243457,0.710991264003596,0.710991264003596,0.7768041588098207,0.7354141545750863,0.8291116899659319,0.8951966564736398,0.839075016901133,1.4274368856953554,0.8622968501357046,0.7910073433756477,0.883745889497072,1.421982528007192,0.9816971721273112,1.4623820100805962,0.8150446372546681,0.7921909394011701,0.7204559317745443,0.7460311089187506,1.4433362267732908,0.710991264003596,0.8162655865395517,1.0094567868236004,1.446504976736167,1.421982528007192,0.7519602140072876,0.7187477417284811,1.0168488026015778,0.7688921853291073,0.7524702465291315,0.710991264003596,0.7292644797170471,0.7572452426352019,0.8029152712258716,1.00517224827988,1.421982528007192,0.8542255027814832,0.8730793923527911,0.8882889540987564,1.3,0.734808252786924,0.710991264003596,1.109944899606653,0.710991264003596,1.3,0.7364893069385405,1.3,0.7484729407802093,0.7378788440882389,0.7509415834236857,0.7286654926444156,0.9087514776051707,0.7419476072335853,1.4879496063258957,0.7591918522500503,0.7150105312093883,0.7455500358109785,0.7253205036104178,0.7290798523127283,0.7225158273293733,0.883960305409653,0.9866503211392883,0.7783082845284608,0.7184162489523891,0.8932352033560894,0.9012575151420883,1.578394250177285,1.421982528007192,0.7165842425749915,0.8132507814968555,0.8168428468834367,1.3,0.8487326936651212,0.7677987068533244,0.710991264003596,0.7151822458725905,0.8328891481776437,0.7257618684079659,0.7472339405669974,0.7198241147497138,0.7378676426579056,0.8830740888792269,0.8549655261447143,0.7323835517318007,0.745103089921975,0.7115795601074076,0.805876538715057,1.1741552420834171,0.734255748897776,0.7438435802933223,1.1462075651886778,0.768286032352191,1.4850453553777014,0.8019826622897402,0.7535251427059845,0.7251912911995073,0.7709893204281596,1.0797123319880768
3,28,0.7537419896894765,1.2892575228859584,1.0390943524243457,0.710991264003596,0.710991264003596,0.7768041588098207,0.7354141545750863,0.8291116899659319,0.8951966564736398,0.839075016901133,1.4274368856953554,0.8622968501357046,0.7910073433756477,0.883745889497072,1.421982528007192,0.9816971721273112,1.4623820100805962,0.8150446372546681,0.7921909394011701,0.7204559317745443,0.7460311089187506,1.4433362267732908,0.710991264003596,0.8162655865395517,1.0094567868236004,1.446504976736167,1.421982528007192,0.7519602140072876,0.7187477417284811,1.0168488026015778,0.7688921853291073,0.7524702465291315,0.710991264003596,0.7292644797170471,0.7572452426352019,0.8029152712258716,1.00517224827988,1.421982528007192,0.8542255027814832,0.8730793923527911,0.8882889540987564,1.3,0.734808252786924,0.710991264003596,1.109944899606653,0.710991264003596,1.3,0.7364893069385405,1.3,0.7484729407802093,0.7378788440882389,0.7509415834236857,0.7286654926444156,0.9087514776051707,0.7419476072335853,1.4879496063258957,0.7591918522500503,0.7150105312093883,0.7455500358109785,0.7253205036104178,0.7290798523127283,0.7225158273293733,0.883960305409653,0.9866503211392883,0.7783082845284608,0.7184162489523891,0.8932352033560894,0.9012575151420883,1.578394250177285,1.421982528007192,0.7165842425749915,0.8132507814968555,0.8168428468834367,1.3,0.8487326936651212,0.7677987068533244,0.710991264003596,0.7151822458725905,0.8328891481776437,0.7257618684079659,0.7472339405669974,0.7198241147497138,0.7378676426579056,0.8830740888792269,0.8549655261447143,0.7323835517318007,0.745103089921975,0.7115795601074076,0.805876538715057,1.1741552420834171,0.734255748897776,0.7438435802933223,1.1462075651886778,0.768286032352191,1.4850453553777014,0.8019826622897402,0.7535251427059845,0.7251912911995073,0.7709893204281596,1.0797123319880768
3,29,0.7537419896894765,1.2892575228859584,1.0390943524243457,0.710991264003596,0.710991264003596,0.7768041588098207,0.7354141545750863,0.8291116899659319,0.8951966564736398,0.839075016901133,1.4274368856953554,0.8622968501357046,0.7910073433756477,0.883745889497072,1.421982528007192,0.9816971721273112,1.4623820100805962,0.8150446372546681,0.7921909394011701,0.7204559317745443,0.7460311089187506,1.4433362267732908,0.710991264003596,0.8162655865395517,1.0094567868236004,1.446504976736167,1.421982528007192,0.7519602140072876,0.7187477417284811,1.0168488026015778,0.7688921853291073,0.7524702465291315,0.710991264003596,0.7292644797170471,0.7572452426352019,0.8029152712258716,1.00517224827988,1.421982528007192,0.8542255027814832,0.8730793923527911,0.8882889540987564,1.3,0.734808252786924,0.710991264003596,1.109944899606653,0.710991264003596,1.3,0.7364893069385405,1.3,0.7484729407802093,0.7378788440882389,0.7509415834236857,0.7286654926444156,0.9087514776051707,0.7419476072335853,1.4879496063258957,0.7591918522500503,0.7150105312093883,0.7455500358109785,0.7253205036104178,0.7290798523127283,0.7225158273293733,0.883960305409653,0.9866503211392883,0.7783082845284608,0.7184162489523891,0.8932352033560894,0.9012575151420883,1.578394250177285,1.421982528007192,0.7165842425749915,0.8132507814968555,0.8168428468834367,1.3,0.8487326936651212,0.7677987068533244,0.710991264003596,0.7151822458725905,0.8328891481776437,0.7257618684079659,0.7472339405669974,0.7198241147497138,0.7378676426579056,0.8830740888792269,0.8549655261447143,0.7323835517318007,0.745103089921975,0.7115795601074076,0.805876538715057,1.1741552420834171,0.734255748897776,0.7438435802933223,1.1462075651886778,0.768286032352191,1.4850453553777014,0.8019826622897402,0.7535251427059845,0.7251912911995073,0.7709893204281596,1.0797123319880768
3,30,0.7537419896894765,1.2892575228859584,1.0390943524243457,0.710991264003596,0.710991264003596,0.7768041588098207,0.7354141545750863,0.8291116899659319,0.8951966564736398,0.839075016901133,1.4274368856953554,0.8622968501357046,0.7910073433756477,0.883745889497072,1.421982528007192,0.9816971721273112,1.4623820100805962,0.8150446372546681,0.7921909394011701,0.7204559317745443,0.7460311089187506,1.4433362267732908,0.710991264003596,0.8162655865395517,1.0094567868236004,1.446504976736167,1.421982528007192,0.7519602140072876,0.7187477417284811,1.0168488026015778,0.7688921853291073,0.7524702465291315,0.710991264003596,0.7292644797170471,0.7572452426352019,0.8029152712258716,1.00517224827988,1.421982528007192,0.8542255027814832,0.8730793923527911,0.8882889540987564,1.3,0.734808252786924,0.710991264003596,1.109944899606653,0.710991264003596,1.3,0.7364893069385405,1.3,0.7484729407802093,0.7378788440882389,0.7509415834236857,0.7286654926444156,0.9087514776051707,0.7419476072335853,1.4879496063258957,0.7591918522500503,0.7150105312093883,0.7455500358109785,0.7253205036104178,0.7290798523127283,0.7225158273293733,0.883960305409653,0.9866503211392883,0.7783082845284608,0.7184162489523891,0.8932352033560894,0.9012575151420883,1.578394250177285,1.421982528007192,0.7165842425749915,0.8132507814968555,0.8168428468834367,1.3,0.8487326936651212,0.7677987068533244,0.710991264003596,0.7151822458725905,0.8328891481776437,0.7257618684079659,0.7472339405669974,0.7198241147497138,0.7378676426579056,0.8830740888792269,0.8549655261447143,0.7323835517318007,0.745103089921975,0.7115795601074076,0.805876538715057,1.1741552420834171,0.734255748897776,0.7438435802933223,1.1462075651886778,0.768286032352191,1.4850453553777014,0.8019826622897402,0.7535251427059845,0.7251912911995073,0.7709893204281596,1.0797123319880768
3,31,0.7537419896894765,1.2892575228859584,1.0390943524243457,0.710991264003596,0.710991264003596,0.7768041588098207,0.7354141545750863,0.8291116899659319,0.8951966564736398,0.839075016901133,1.4274368856953554,0.8622968501357046,0.7910073433756477,0.883745889497072,1.421982528007192,0.9816971721273112,1.4623820100805962,0.8150446372546681,0.7921909394011701,0.7204559317745443,0.7460311089187506,1.4433362267732908,0.710991264003596,0.8162655865395517,1.0094567868236004,1.446504976736167,1.421982528007192,0.7519602140072876,0.7187477417284811,1.0168488026015778,0.7688921853291073,0.7524702465291315,0.710991264003596,0.7292644797170471,0.7572452426352019,0.8029152712258716,1.00517224827988,1.421982528007192,0.8542255027814832,0.8730793923527911,0.8882889540987564,1.3,0.734808252786924,0.710991264003596,1.109944899606653,0.710991264003596,1.3,0.7364893069385405,1.3,0.7484729407802093,0.7378788440882389,0.7509415834236857,0.7286654926444156,0.9087514776051707,0.7419476072335853,1.4879496063258957,0.7591918522500503,0.7150105312093883,0.7455500358109785,0.7253205036104178,0.7290798523127283,0.7225158273293733,0.883960305409653,0.9866503211392883,0.7783082845284608,0.7184162489523891,0.8932352033560894,0.9012575151420883,1.578394250177285,1.421982528007192,0.7165842425749915,0.8132507814968555,0.8168428468834367,1.3,0.8487326936651212,0.7677987068533244,0.710991264003596,0.7151822458725905,0.8328891481776437,0.7257618684079659,0.7472339405669974,0.7198241147497138,0.7378676426579056,0.8830740888792269,0.8549655261447143,0.7323835517318007,0.745103089921975,0.7115795601074076,0.805876538715057,1.1741552420834171,0.734255748897776,0.7438435802933223,1.1462075651886778,0.768286032352191,1.4850453553777014,0.8019826622897402,0.7535251427059845,0.7251912911995073,0.7709893204281596,1.0797123319880768
3,32,0.7537419896894765,1.2892575228859584,1.0390943524243457,0.710991264003596,0.710991264003596,0.7768041588098207,0.7354141545750863,0.8291116899659319,0.8951966564736398,0.839075016901133,1.4274368856953554,0.8622968501357046,0.7910073433756477,0.883745889497072,1.421982528007192,0.9816971721273112,1.4623820100805962,0.8150446372546681,0.7921909394011701,0.7204559317745443,0.7460311089187506,1.4433362267732908,0.710991264003596,0.8162655865395517,1.0094567868236004,1.446504976736167,1.421982528007192,0.7519602140072876,0.7187477417284811,1.0168488026015778,0.7688921853291073,0.7524702465291315,0.710991264003596,0.7292644797170471,0.7572452426352019,0.8029152712258716,1.00517224827988,1.421982528007192,0.8542255027814832,0.8730793923527911,0.8882889540987564,1.3,0.734808252786924,0.710991264003596,1.109944899606653,0.710991264003596,1.3,0.7364893069385405,1.3,0.7484729407802093,0.7378788440882389,0.7509415834236857,0.7286654926444156,0.9087514776051707,0.7419476072335853,1.4879496063258957,0.7591918522500503,0.7150105312093883,0.7455500358109785,0.7253205036104178,0.7290798523127283,0.7225158273293733,0.883960305409653,0.9866503211392883,0.7783082845284608,0.7184162489523891,0.8932352033560894,0.9012575151420883,1.578394250177285,1.421982528007192,0.7165842425749915,0.8132507814968555,0.8168428468834367,1.3,0.8487326936651212,0.7677987068533244,0.710991264003596,0.7151822458725905,0.8328891481776437,0.7257618684079659,0.7472339405669974,0.7198241147497138,0.7378676426579056,0.8830740888792269,0.8549655261447143,0.7323835517318007,0.745103089921975,0.7115795601074076,0.805876538715057,1.1741552420834171,0.734255748897776,0.7438435802933223,1.1462075651886778,0.768286032352191,1.4850453553777014,0.8019826622897402,0.7535251427059845,0.7251912911995073,0.7709893204281596,1.0797123319880768
3,33,0.7537419896894765,1.2892575228859584,1.0390943524243457,0.710991264003596,0.710991264003596,0.7768041588098207,0.7354141545750863,0.8291116899659319,0.8951966564736398,0.839075016901133,1.4274368856953554,0.8622968501357046,0.7910073433756477,0.883745889497072,1.421982528007192,0.9816971721273112,1.4623820100805962,0.8150446372546681,0.7921909394011701,0.7204559317745443,0.7460311089187506,1.4433362267732908,0.710991264003596,0.8162655865395517,1.0094567868236004,1.446504976736167,1.421982528007192,0.7519602140072876,0.7187477417284811,1.0168488026015778,0.7688921853291073,0.7524702465291315,0.710991264003596,0.7292644797170471,0.7572452426352019,0.8029152712258716,1.00517224827988,1.421982528007192,0.8542255027814832,0.8730793923527911,0.8882889540987564,1.3,0.734808252786924,0.710991264003596,1.109944899606653,0.710991264003596,1.3,0.7364893069385405,1.3,0.7484729407802093,0.7378788440882389,0.7509415834236857,0.7286654926444156,0.9087514776051707,0.7419476072335853,1.4879496063258957,0.7591918522500503,0.7150105312093883,0.7455500358109785,0.7253205036104178,0.7290798523127283,0.7225158273293733,0.883960305409653,0.9866503211392883,0.7783082845284608,0.7184162489523891,0.8932352033560894,0.9012575151420883,1.578394250177285,1.421982528007192,0.7165842425749915,0.8132507814968555,0.8168428468834367,1.3,0.8487326936651212,0.7677987068533244,0.710991264003596,0.7151822458725905,0.8328891481776437,0.7257618684079659,0.7472339405669974,0.7198241147497138,0.7378676426579056,0.8830740888792269,0.8549655261447143,0.7323835517318007,0.745103089921975,0.7115795601074076,0.805876538715057,1.1741552420834171,0.734255748897776,0.7438435802933223,1.1462075651886778,0.768286032352191,1.4850453553777014,0.8019826622897402,0.7535251427059845,0.7251912911995073,0.7709893204281596,1.0797123319880768
3,34,0.7537419896894765,1.2892575228859584,1.0390943524243457,0.710991264003596,0.710991264003596,0.7768041588098207,0.7354141545750863,0.8291116899659319,0.8951966564736398,0.839075016901133,1.4274368856953554,0.8622968501357046,0.7910073433756477,0.883745889497072,1.421982528007192,0.9816971721273112,1.4623820100805962,0.8150446372546681,0.7921909394011701,0.7204559317745443,0.7460311089187506,1.4433362267732908,0.710991264003596,0.8162655865395517,1.0094567868236004,1.446504976736167,1.421982528007192,0.7519602140072876,0.7187477417284811,1.0168488026015778,0.7688921853291073,0.7524702465291315,0.710991264003596,0.7292644797170471,0.7572452426352019,0.8029152712258716,1.00517224827988,1.421982528007192,0.8542255027814832,0.8730793923527911,0.8882889540987564,1.3,0.734808252786924,0.710991264003596,1.109944899606653,0.710991264003596,1.3,0.7364893069385405,1.3,0.7484729407802093,0.7378788440882389,0.7509415834236857,0.7286654926444156,0.9087514776051707,0.7419476072335853,1.4879496063258957,0.7591918522500503,0.7150105312093883,0.7455500358109785,0.7253205036104178,0.7290798523127283,0.7225158273293733,0.883960305409653,0.9866503211392883,0.7783082845284608,0.7184162489523891,0.8932352033560894,0.9012575151420883,1.578394250177285,1.421982528007192,0.7165842425749915,0.8132507814968555,0.8168428468834367,1.3,0.8487326936651212,0.7677987068533244,0.710991264003596,0.7151822458725905,0.8328891481776437,0.7257618684079659,0.7472339405669974,0.7198241147497138,0.7378676426579056,0.8830740888792269,0.8549655261447143,0.7323835517318007,0.745103089921975,0.7115795601074076,0.805876538715057,1.1741552420834171,0.734255748897776,0.7438435802933223,1.1462075651886778,0.768286032352191,1.4850453553777014,0.8019826622897402,0.7535251427059845,0.7251912911995073,0.7709893204281596,1.0797123319880768
3,35,0.7537419896894765,1.2892575228859584,1.0390943524243457,0.710991264003596,0.710991264003596,0.7768041588098207,0.7354141545750863,0.8291116899659319,0.8951966564736398,0.839075016901133,1.4274368856953554,0.8622968501357046,0.7910073433756477,0.883745889497072,1.421982528007192,0.9816971721273112,1.4623820100805962,0.8150446372546681,0.7921909394011701,0.7204559317745443,0.7460311089187506,1.4433362267732908,0.710991264003596,0.8162655865395517,1.0094567868236004,1.446504976736167,1.421982528007192,0.7519602140072876,0.7187477417284811,1.0168488026015778,0.7688921853291073,0.7524702465291315,0.710991264003596,0.7292644797170471,0.7572452426352019,0.8029152712258716,1.00517224827988,1.421982528007192,0.8542255027814832,0.8730793923527911,0.8882889540987564,1.3,0.734808252786924,0.710991264003596,1.109944899606653,0.710991264003596,1.3,0.7364893069385405,1.3,0.7484729407802093,0.7378788440882389,0.7509415834236857,0.7286654926444156,0.9087514776051707,0.7419476072335853,1.4879496063258957,0.7591918522500503,0.7150105312093883,0.7455500358109785,0.7253205036104178,0.7290798523127283,0.7225158273293733,0.883960305409653,0.9866503211392883,0.7783082845284608,0.7184162489523891,0.8932352033560894,0.9012575151420883,1.578394250177285,1.421982528007192,0.7165842425749915,0.8132507814968555,0.8168428468834367,1.3,0.8487326936651212,0.7677987068533244,0.710991264003596,0.7151822458725905,0.8328891481776437,0.7257618684079659,0.7472339405669974,0.7198241147497138,0.7378676426579056,0.8830740888792269,0.8549655261447143,0.7323835517318007,0.745103089921975,0.7115795601074076,0.805876538715057,1.1741552420834171,0.734255748897776,0.7438435802933223,1.1462075651886778,0.768286032352191,1.4850453553777014,0.8019826622897402,0.7535251427059845,0.7251912911995073,0.7709893204281596,1.0797123319880768
3,36,0.7537419896894765,1.2892575228859584,1.0390943524243457,0.710991264003596,0.710991264003596,0.7768041588098207,0.7354141545750863,0.8291116899659319,0.8951966564736398,0.839075016901133,1.4274368856953554,0.8622968501357046,0.7910073433756477,0.883745889497072,1.421982528007192,0.9816971721273112,1.4623820100805962,0.8150446372546681,0.7921909394011701,0.7204559317745443,0.7460311089187506,1.4433362267732908,0.710991264003596,0.8162655865395517,1.0094567868236004,1.446504976736167,1.421982528007192,0.7519602140072876,0.7187477417284811,1.0168488026015778,0.7688921853291073,0.7524702465291315,0.710991264003596,0.7292644797170471,0.7572452426352019,0.8029152712258716,1.00517224827988,1.421982528007192,0.8542255027814832,0.8730793923527911,0.8882889540987564,1.3,0.734808252786924,0.710991264003596,1.109944899606653,0.710991264003596,1.3,0.7364893069385405,1.3,0.7484729407802093,0.7378788440882389,0.7509415834236857,0.7286654926444156,0.9087514776051707,0.7419476072335853,1.4879496063258957,0.7591918522500503,0.7150105312093883,0.7455500358109785,0.7253205036104178,0.7290798523127283,0.7225158273293733,0.883960305409653,0.9866503211392883,0.7783082845284608,0.7184162489523891,0.8932352033560894,0.9012575151420883,1.578394250177285,1.421982528007192,0.7165842425749915,0.8132507814968555,0.8168428468834367,1.3,0.8487326936651212,0.7677987068533244,0.710991264003596,0.7151822458725905,0.8328891481776437,0.7257618684079659,0.7472339405669974,0.7198241147497138,0.7378676426579056,0.8830740888792269,0.8549655261447143,0.7323835517318007,0.745103089921975,0.7115795601074076,0.805876538715057,1.1741552420834171,0.734255748897776,0.7438435802933223,1.1462075651886778,0.768286032352191,1.4850453553777014,0.8019826622897402,0.7535251427059845,0.7251912911995073,0.7709893204281596,1.0797123319880768
3,37,0.7537419896894765,1.2892575228859584,1.0390943524243457,0.710991264003596,0.710991264003596,0.7768041588098207,0.7354141545750863,0.8291116899659319,0.8951966564736398,0.839075016901133,1.4274368856953554,0.8622968501357046,0.7910073433756477,0.883745889497072,1.421982528007192,0.9816971721273112,1.4623820100805962,0.8150446372546681,0.7921909394011701,0.7204559317745443,0.7460311089187506,1.4433362267732908,0.710991264003596,0.8162655865395517,1.0094567868236004,1.446504976736167,1.421982528007192,0.7519602140072876,0.7187477417284811,1.0168488026015778,0.7688921853291073,0.7524702465291315,0.710991264003596,0.7292644797170471,0.7572452426352019,0.8029152712258716,1.00517224827988,1.421982528007192,0.8542255027814832,0.8730793923527911,0.8882889540987564,1.3,0.734808252786924,0.710991264003596,1.109944899606653,0.710991264003596,1.3,0.7364893069385405,1.3,0.7484729407802093,0.7378788440882389,0.7509415834236857,0.7286654926444156,0.9087514776051707,0.7419476072335853,1.4879496063258957,0.7591918522500503,0.7150105312093883,0.7455500358109785,0.7253205036104178,0.7290798523127283,0.7225158273293733,0.883960305409653,0.9866503211392883,0.7783082845284608,0.7184162489523891,0.8932352033560894,0.9012575151420883,1.578394250177285,1.421982528007192,0.7165842425749915,0.8132507814968555,0.8168428468834367,1.3,0.8487326936651212,0.7677987068533244,0.710991264003596,0.7151822458725905,0.8328891481776437,0.7257618684079659,0.7472339405669974,0.7198241147497138,0.7378676426579056,0.8830740888792269,0.8549655261447143,0.7323835517318007,0.745103089921975,0.7115795601074076,0.805876538715057,1.1741552420834171,0.734255748897776,0.7438435802933223,1.1462075651886778,0.768286032352191,1.4850453553777014,0.8019826622897402,0.7535251427059845,0.7251912911995073,0.7709893204281596,1.0797123319880768
3,38,0.7537419896894765,1.2892575228859584,1.0390943524243457,0.710991264003596,0.710991264003596,0.7768041588098207,0.7354141545750863,0.8291116899659319,0.8951966564736398,0.839075016901133,1.4274368856953554,0.8622968501357046,0.7910073433756477,0.883745889497072,1.421982528007192,0.9816971721273112,1.4623820100805962,0.8150446372546681,0.7921909394011701,0.7204559317745443,0.7460311089187506,1.4433362267732908,0.710991264003596,0.8162655865395517,1.0094567868236004,1.446504976736167,1.421982528007192,0.7519602140072876,0.7187477417284811,1.0168488026015778,0.7688921853291073,0.7524702465291315,0.710991264003596,0.7292644797170471,0.7572452426352019,0.8029152712258716,1.00517224827988,1.421982528007192,0.8542255027814832,0.8730793923527911,0.8882889540987564,1.3,0.734808252786924,0.710991264003596,1.109944899606653,0.710991264003596,1.3,0.7364893069385405,1.3,0.7484729407802093,0.7378788440882389,0.7509415834236857,0.7286654926444156,0.9087514776051707,0.7419476072335853,1.4879496063258957,0.7591918522500503,0.7150105312093883,0.7455500358109785,0.7253205036104178,0.7290798523127283,0.7225158273293733,0.883960305409653,0.9866503211392883,0.7783082845284608,0.7184162489523891,0.8932352033560894,0.9012575151420883,1.578394250177285,1.421982528007192,0.7165842425749915,0.8132507814968555,0.8168428468834367,1.3,0.8487326936651212,0.7677987068533244,0.710991264003596,0.7151822458725905,0.8328891481776437,0.7257618684079659,0.7472339405669974,0.7198241147497138,0.7378676426579056,0.8830740888792269,0.8549655261447143,0.7323835517318007,0.745103089921975,0.7115795601074076,0.805876538715057,1.1741552420834171,0.734255748897776,0.7438435802933223,1.1462075651886778,0.768286032352191,1.4850453553777014,0.8019826622897402,0.7535251427059845,0.7251912911995073,0.7709893204281596,1.0797123319880768
3,39,0.7537419896894765,1.2892575228859584,1.0390943524243457,0.710991264003596,0.710991264003596,0.7768041588098207,0.7354141545750863,0.8291116899659319,0.8951966564736398,0.839075016901133,1.4274368856953554,0.8622968501357046,0.7910073433756477,0.883745889497072,1.421982528007192,0.9816971721273112,1.4623820100805962,0.8150446372546681,0.7921909394011701,0.7204559317745443,0.7460311089187506,1.4433362267732908,0.710991264003596,0.8162655865395517,1.0094567868236004,1.446504976736167,1.421982528007192,0.7519602140072876,0.7187477417284811,1.0168488026015778,0.7688921853291073,0.7524702465291315,0.710991264003596,0.7292644797170471,0.7572452426352019,0.8029152712258716,1.00517224827988,1.421982528007192,0.8542255027814832,0.8730793923527911,0.8882889540987564,1.3,0.734808252786924,0.710991264003596,1.109944899606653,0.710991264003596,1.3,0.7364893069385405,1.3,0.7484729407802093,0.7378788440882389,0.7509415834236857,0.7286654926444156,0.9087514776051707,0.7419476072335853,1.4879496063258957,0.7591918522500503,0.7150105312093883,0.7455500358109785,0.7253205036104178,0.7290798523127283,0.7225158273293733,0.883960305409653,0.9866503211392883,0.7783082845284608,0.7184162489523891,0.8932352033560894,0.9012575151420883,1.578394250177285,1.421982528007192,0.7165842425749915,0.8132507814968555,0.8168428468834367,1.3,0.8487326936651212,0.7677987068533244,0.710991264003596,0.7151822458725905,0.8328891481776437,0.7257618684079659,0.7472339405669974,0.7198241147497138,0.7378676426579056,0.8830740888792269,0.8549655261447143,0.7323835517318007,0.745103089921975,0.7115795601074076,0.805876538715057,1.1741552420834171,0.734255748897776,0.7438435802933223,1.1462075651886778,0.768286032352191,1.4850453553777014,0.8019826622897402,0.7535251427059845,0.7251912911995073,0.7709893204281596,1.0797123319880768
4,0,0.8528591552826672,0.7519602140072876,0.7754587708741263,0.7910073433756477,0.7237079285877928,1.5713564472066657,0.8029152712258716,0.710991264003596,0.7284948456868829,1.2892575228859584,0.7292644797170471,0.7472054003366577,0.7484729407802093,0.7460311089187506,0.7157973945215995,1.3,1.3,1.4587018795321947,1.421982528007192,0.710991264003596,0.8951966564736398,0.7921909394011701,1.00517224827988,0.8882889540987564,0.8997034952094471,0.8294840451520017,0.9188569825108338,0.710991264003596,0.7396097636244567,0.7688921853291073,0.8183785762268797,0.7178865356202236,0.7627082731637713,0.78427534010989,1.4538192025145489,0.7266221306243865,0.7238380990081603,1.421982528007192,0.7325945206040827,0.7354141545750863,0.7204559317745443,0.7187477417284811,1.0227863968814397,0.8754300401658357,0.710991264003596,0.8242586020205542,0.734808252786924,1.0168488026015778,0.7768041588098207,1.0206713109158585,0.7832430498059776,0.746210703465263,1.013085196367801,1.0150779012577429,0.7561342143069115,1.3,0.7403438653499324,1.0239520164617164,1.4338823492655886,0.8391155083688935,0.710991264003596,0.724511159490199,1.0337723497155513,0.7382918051647894,0.7506444654549871,0.8782201054927667,1.0263046368962427,1.056076088469742,0.7661464966631587,0.9690099346151715,0.9963494945256951,0.8663355939957162,1.4340361962593229,0.7570716585756281,0.710991264003596,0.7416422054541141,0.8647142947037785,0.9172643345185518,0.7745002157307761,0.8142927115622076,0.9415339359889426,1.421982528007192,1.2447332031781548,1.279842207964464,0.833194479647859,0.7761278578355565,0.7552358763764017,0.7132179796983138,0.7751780638917115,0.7255798760363737,0.8473352281845118,0.7353947079521831,0.7132957984555424,0.7548987636416851,0.7766815348197506,1.054139866345276,0.7808736657283133,0.7402614227995932,0.7437066491274374,0.8848016753542262
4,1,0.8528591552826672,0.7519602140072876,0.7754587708741263,0.7910073433756477,0.7237079285877928,1.1729343434113186,0.8029152712258716,0.710991264003596,0.7284948456868829,1.2892575228859584,0.7292644797170471,0.7472054003366577,0.7484729407802093,0.7460311089187506,0.7157973945215995,1.3,1.3,0.8132700079336418,1.421982528007192,0.710991264003596,0.8951966564736398,0.7921909394011701,1.00517224827988,0.8882889540987564,0.8997034952094471,0.8294840451520017,0.9188569825108338,0.710991264003596,0.7396097636244567,0.7688921853291073,0.8183785762268797,1.421982528007192,0.7627082731637713,0.78427534010989,1.4538192025145489,0.7266221306243865,0.7238380990081603,1.421982528007192,0.7325945206040827,0.7354141545750863,0.7204559317745443,0.7187477417284811,1.0227863968814397,0.8754300401658357,0.710991264003596,0.8242586020205542,0.734808252786924,1.0168488026015778,0.7768041588098207,1.0206713109158585,0.7832430498059776,0.746210703465263,1.013085196367801,0.8364733073795363,0.8453937826952874,1.4441090041266929,0.7742403662576167,1.0239520164617164,0.735001130997347,0.7272422737211357,0.710991264003596,0.724511159490199,1.0337723497155513,0.7382918051647894,0.7506444654549871,0.8782201054927667,0.7648964039848769,1.056076088469742,0.7661464966631587,0.9690099346151715,0.9963494945256951,0.8663355939957162,1.4340361962593229,0.7570716585756281,0.710991264003596,0.7416422054541141,0.8647142947037785,1.4416678800307134,1.1145785261051668,0.7397564750722663,0.7181814986286441,1.421982528007192,1.2447332031781548,0.8638754030694363,0.833194479647859,0.7761278578355565,0.7552358763764017,0.7132179796983138,0.7751780638917115,0.710991264003596,1.216857753824144,1.421982528007192,0.7387726042422728,0.7548987636416851,0.7766815348197506,0.8538599089860217,0.7432480098866945,0.7402614227995932,0.75365735653661,0.8859090960266587
4,2,0.8528591552826672,0.7519602140072876,0.7754587708741263,0.7910073433756477,0.7237079285877928,1.1729343434113186,0.8029152712258716,0.710991264003596,0.7284948456868829,1.2892575228859584,0.7292644797170471,0.7472054003366577,0.7484729407802093,0.7460311089187506,0.7157973945215995,1.3,1.3,0.8132700079336418,1.421982528007192,0.710991264003596,0.8951966564736398,0.7921909394011701,1.00517224827988,0.8882889540987564,2.1329737920107874,0.8294840451520017,0.9188569825108338,0.710991264003596,0.7396097636244567,0.7688921853291073,0.8183785762268797,1.421982528007192,0.7627082731637713,0.78427534010989,1.4538192025145489,0.7266221306243865,0.7238380990081603,1.421982528007192,0.7325945206040827,0.7354141545750863,0.7204559317745443,0.7187477417284811,1.0227863968814397,0.8754300401658357,0.710991264003596,0.8242586020205542,0.734808252786924,1.0168488026015778,0.7768041588098207,1.0206713109158585,0.7832430498059776,0.746210703465263,1.013085196367801,0.8364733073795363,0.8453937826952874,1.4441090041266929,0.7742403662576167,1.0239520164617164,0.735001130997347,0.7272422737211357,0.710991264003596,0.710991264003596,1.3,0.7382918051647894,0.7506444654549871,0.8782201054927667,0.7648964039848769,1.056076088469742,0.7661464966631587,0.9690099346151715,1.6106245323574564,0.8663355939957162,1.4340361962593229,0.7570716585756281,0.710991264003596,0.7416422054541141,0.8647142947037785,1.4416678800307134,1.1145785261051668,0.7397564750722663,0.7181814986286441,0.7654591891983904,1.2447332031781548,1.4438363164725225,1.0708938467057385,0.7706301726156222,0.7552358763764017,0.7132179796983138,0.7751780638917115,0.710991264003596,1.216857753824144,1.421982528007192,0.7226051283013932,0.8167840774059766,0.7766815348197506,0.8538599089860217,0.7453616501456817,0.7180763076025596,0.7280027892819196,0.8737283033985009
4,3,0.8528591552826672,0.7519602140072876,0.7754587708741263,0.7910073433756477,0.7237079285877928,1.1729343434113186,0.8029152712258716,0.710991264003596,0.7284948456868829,1.2892575228859584,0.7292644797170471,0.7472054003366577,0.7484729407802093,0.7460311089187506,0.7157973945215995,1.3,1.3,0.8132700079336418,1.421982528007192,0.710991264003596,0.8951966564736398,0.7921909394011701,1.00517224827988,0.8882889540987564,2.1329737920107874,0.8294840451520017,0.9188569825108338,0.710991264003596,0.7396097636244567,0.7688921853291073,0.8183785762268797,1.421982528007192,0.7627082731637713,0.78427534010989,1.4538192025145489,0.7266221306243865,0.7238380990081603,1.421982528007192,0.7325945206040827,0.7354141545750863,0.7204559317745443,0.7187477417284811,1.0227863968814397,0.8754300401658357,0.710991264003596,0.8242586020205542,0.734808252786924,1.0168488026015778,0.7768041588098207,1.1206687071742871,1.5178218057065394,0.746210703465263,1.013085196367801,0.8364733073795363,0.8453937826952874,1.4441090041266929,0.7742403662576167,1.0239520164617164,0.735001130997347,0.7272422737211357,0.710991264003596,0.710991264003596,1.3,0.7382918051647894,0.7506444654549871,0.8782201054927667,0.7648964039848769,1.056076088469742,0.7661464966631587,0.9690099346151715,1.6106245323574564,0.8663355939957162,1.4340361962593229,0.7570716585756281,0.710991264003596,0.7244513013422915,0.8647142947037785,1.4416678800307134,1.1145785261051668,0.7397564750722663,0.7181814986286441,0.7654591891983904,1.2447332031781548,1.4438363164725225,1.0708938467057385,0.7706301726156222,0.7552358763764017,0.7132179796983138,0.7358878764317976,0.710991264003596,1.216857753824144,1.421982528007192,0.7226051283013932,0.8210400906351835,0.7138814163789449,0.8538599089860217,0.7453616501456817,0.710991264003596,0.7242426624826612,0.880382123013473
4,4,0.8528591552826672,0.7519602140072876,0.7754587708741263,0.7910073433756477,0.7237079285877928,1.1729343434113186,0.8029152712258716,0.710991264003596,0.7284948456868829,1.2892575228859584,0.7292644797170471,0.7472054003366577,0.7484729407802093,0.7460311089187506,0.7157973945215995,1.3,1.3,0.8132700079336418,1.421982528007192,0.710991264003596,0.8951966564736398,0.7921909394011701,1.00517224827988,0.8882889540987564,2.1329737920107874,0.8294840451520017,0.9188569825108338,0.710991264003596,0.7396097636244567,0.7688921853291073,0.8183785762268797,1.421982528007192,0.7627082731637713,0.78427534010989,1.4538192025145489,0.7266221306243865,0.7238380990081603,1.421982528007192,0.7325945206040827,0.7354141545750863,0.7204559317745443,0.7187477417284811,1.0227863968814397,0.8754300401658357,0.710991264003596,0.8242586020205542,0.734808252786924,1.0168488026015778,0.7768041588098207,1.1206687071742871,1.5178218057065394,0.746210703465263,1.013085196367801,0.8364733073795363,0.8453937826952874,1.4441090041266929,0.7742403662576167,1.0239520164617164,0.735001130997347,0.7272422737211357,0.710991264003596,0.710991264003596,1.3,0.7382918051647894,0.7506444654549871,0.8782201054927667,0.7648964039848769,1.056076088469742,0.7661464966631587,0.9690099346151715,1.6106245323574564,0.8663355939957162,1.4340361962593229,0.7570716585756281,0.710991264003596,0.7244513013422915,0.8647142947037785,1.4416678800307134,1.1145785261051668,0.7397564750722663,0.7181814986286441,0.7654591891983904,1.2447332031781548,1.4438363164725225,1.0708938467057385,0.7706301726156222,0.7552358763764017,0.7132179796983138,0.7358878764317976,0.710991264003596,1.216857753824144,1.421982528007192,0.7226051283013932,0.8210400906351835,0.7138814163789449,0.8538599089860217,0.7453616501456817,0.710991264003596,0.7242426624826612,0.8803821230134722
4,5,0.8528591552826672,0.7519602140072876,0.7754587708741263,0.7910073433756477,0.7237079285877928,1.1729343434113186,0.8029152712258716,0.710991264003596,0.7284948456868829,1.2892575228859584,0.7292644797170471,0.7472054003366577,0.7484729407802093,0.7460311089187506,0.7157973945215995,1.3,1.3,0.8132700079336418,1.421982528007192,0.710991264003596,0.8951966564736398,0.7921909394011701,1.00517224827988,0.8882889540987564,2.1329737920107874,0.8294840451520017,0.9188569825108338,0.710991264003596,0.7396097636244567,0.7688921853291073,0.8183785762268797,1.421982528007192,0.7627082731637713,0.78427534010989,1.4538192025145489,0.7266221306243865,0.7238380990081603,1.421982528007192,0.7325945206040827,0.7354141545750863,0.7204559317745443,0.7187477417284811,1.0227863968814397,0.8754300401658357,0.710991264003596,0.8242586020205542,0.734808252786924,1.0168488026015778,0.7768041588098207,1.1206687071742871,1.5178218057065394,0.746210703465263,1.013085196367801,0.8364733073795363,0.8453937826952874,1.4441090041266929,0.7742403662576167,1.0239520164617164,0.735001130997347,0.7272422737211357,0.710991264003596,0.710991264003596,1.3,0.7382918051647894,0.7506444654549871,0.8782201054927667,0.7648964039848769,1.056076088469742,0.7661464966631587,0.9690099346151715,1.6106245323574564,0.8663355939957162,1.4340361962593229,0.7570716585756281,0.710991264003596,0.7244513013422915,0.8647142947037785,1.4416678800307134,1.1145785261051668,0.7397564750722663,0.7181814986286441,0.7654591891983904,1.2447332031781548,1.4438363164725225,1.0708938467057385,0.7706301726156222,0.7552358763764017,0.7132179796983138,0.7358878764317976,0.710991264003596,1.216857753824144,1.421982528007192,0.7226051283013932,0.8210400906351835,0.7138814163789449,0.8538599089860217,0.7453616501456817,0.710991264003596,0.7242426624826612,0.8803821230134722
4,6,0.8528591552826672,0.7519602140072876,0.7754587708741263,0.7910073433756477,0.7237079285877928,1.1729343434113186,0.8029152712258716,0.710991264003596,0.7284948456868829,1.2892575228859584,0.7292644797170471,0.7472054003366577,0.7484729407802093,0.7460311089187506,0.7157973945215995,1.3,1.3,0.8132700079336418,1.421982528007192,0.710991264003596,0.8951966564736398,0.7921909394011701,1.00517224827988,0.8882889540987564,2.1329737920107874,0.8294840451520017,0.9188569825108338,0.710991264003596,0.7396097636244567,0.7688921853291073,0.8183785762268797,1.421982528007192,0.7627082731637713,0.78427534010989,1.4538192025145489,0.7266221306243865,0.7238380990081603,1.421982528007192,0.7325945206040827,0.7354141545750863,0.7204559317745443,0.7187477417284811,1.0227863968814397,0.8754300401658357,0.710991264003596,0.8242586020205542,0.734808252786924,1.0168488026015778,0.7768041588098207,1.1206687071742871,1.5178218057065394,0.746210703465263,1.013085196367801,0.8364733073795363,0.8453937826952874,1.4441090041266929,0.7742403662576167,1.0239520164617164,0.735001130997347,0.7272422737211357,0.710991264003596,0.710991264003596,1.3,0.7382918051647894,0.7506444654549871,0.8782201054927667,0.7648964039848769,1.056076088469742,0.7661464966631587,0.9690099346151715,1.6106245323574564,0.8663355939957162,1.4340361962593229,0.7570716585756281,0.710991264003596,0.7244513013422915,0.8647142947037785,1.4416678800307134,1.1145785261051668,0.7397564750722663,0.7181814986286441,0.7654591891983904,1.2447332031781548,1.4438363164725225,1.0708938467057385,0.7706301726156222,0.7552358763764017,0.7132179796983138,0.7358878764317976,0.710991264003596,1.216857753824144,1.421982528007192,0.7226051283013932,0.8210400906351835,0.7138814163789449,0.8538599089860217,0.7453616501456817,0.710991264003596,0.7242426624826612,0.8803821230134722
4,7,0.8528591552826672,0.7519602140072876,0.7754587708741263,0.7910073433756477,0.7237079285877928,1.1729343434113186,0.8029152712258716,0.710991264003596,0.7284948456868829,1.2892575228859584,0.7292644797170471,0.7472054003366577,0.7484729407802093,0.7460311089187506,0.7157973945215995,1.3,1.3,0.8132700079336418,1.421982528007192,0.710991264003596,0.8951966564736398,0.7921909394011701,1.00517224827988,0.8882889540987564,2.1329737920107874,0.8294840451520017,0.9188569825108338,0.710991264003596,0.7396097636244567,0.7688921853291073,0.8183785762268797,1.421982528007192,0.7627082731637713,0.78427534010989,1.4538192025145489,0.7266221306243865,0.7238380990081603,1.421982528007192,0.7325945206040827,0.7354141545750863,0.7204559317745443,0.7187477417284811,1.0227863968814397,0.8754300401658357,0.710991264003596,0.8242586020205542,0.734808252786924,1.0168488026015778,0.7768041588098207,1.1206687071742871,1.5178218057065394,0.746210703465263,1.013085196367801,0.8364733073795363,0.8453937826952874,1.4441090041266929,0.7742403662576167,1.0239520164617164,0.735001130997347,0.7272422737211357,0.710991264003596,0.710991264003596,1.3,0.7382918051647894,0.7506444654549871,0.8782201054927667,0.7648964039848769,1.056076088469742,0.7661464966631587,0.9690099346151715,1.6106245323574564,0.8663355939957162,1.4340361962593229,0.7570716585756281,0.710991264003596,0.7244513013422915,0.8647142947037785,1.4416678800307134,1.1145785261051668,0.7397564750722663,0.7181814986286441,0.7654591891983904,1.2447332031781548,1.4438363164725225,1.0708938467057385,0.7706301726156222,0.7552358763764017,0.7132179796983138,0.7358878764317976,0.710991264003596,1.216857753824144,1.421982528007192,0.7226051283013932,0.8210400906351835,0.7138814163789449,0.8538599089860217,0.7453616501456817,0.710991264003596,0.7242426624826612,0.8803821230134722
4,8,0.8528591552826672,0.7519602140072876,0.7754587708741263,0.7910073433756477,0.7237079285877928,1.1729343434113186,0.8029152712258716,0.710991264003596,0.7284948456868829,1.2892575228859584,0.7292644797170471,0.7472054003366577,0.7484729407802093,0.7460311089187506,0.7157973945215995,1.3,1.3,0.8132700079336418,1.421982528007192,0.710991264003596,0.8951966564736398,0.7921909394011701,1.00517224827988,0.8882889540987564,2.1329737920107874,0.8294840451520017,0.9188569825108338,0.710991264003596,0.7396097636244567,0.7688921853291073,0.8183785762268797,1.421982528007192,0.7627082731637713,0.78427534010989,1.4538192025145489,0.7266221306243865,0.7238380990081603,1.421982528007192,0.7325945206040827,0.7354141545750863,0.7204559317745443,0.7187477417284811,1.0227863968814397,0.8754300401658357,0.710991264003596,0.8242586020205542,0.734808252786924,1.0168488026015778,0.7768041588098207,1.1206687071742871,1.5178218057065394,0.746210703465263,1.013085196367801,0.8364733073795363,0.8453937826952874,1.4441090041266929,0.7742403662576167,1.0239520164617164,0.735001130997347,0.7272422737211357,0.710991264003596,0.710991264003596,1.3,0.7382918051647894,0.7506444654549871,0.8782201054927667,0.7648964039848769,1.056076088469742,0.7661464966631587,0.9690099346151715,1.6106245323574564,0.8663355939957162,1.4340361962593229,0.7570716585756281,0.710991264003596,0.7244513013422915,0.8647142947037785,1.4416678800307134,1.1145785261051668,0.7397564750722663,0.7181814986286441,0.7654591891983904,1.2447332031781548,1.4438363164725225,1.0708938467057385,0.7706301726156222,0.7552358763764017,0.7132179796983138,0.7358878764317976,0.710991264003596,1.216857753824144,1.421982528007192,0.7226051283013932,0.8210400906351835,0.7138814163789449,0.8538599089860217,0.7453616501456817,0.710991264003596,0.7242426624826612,0.8803821230134722
4,9,0.8528591552826672,0.7519602140072876,0.7754587708741263,0.7910073433756477,0.7237079285877928,1.1729343434113186,0.8029152712258716,0.710991264003596,0.7284948456868829,1.2892575228859584,0.7292644797170471,0.7472054003366577,0.7484729407802093,0.7460311089187506,0.7157973945215995,1.3,1.3,0.8132700079336418,1.421982528007192,0.710991264003596,0.8951966564736398,0.7921909394011701,1.00517224827988,0.8882889540987564,2.1329737920107874,0.8294840451520017,0.9188569825108338,0.710991264003596,0.7396097636244567,0.7688921853291073,0.8183785762268797,1.421982528007192,0.7627082731637713,0.78427534010989,1.4538192025145489,0.7266221306243865,0.7238380990081603,1.421982528007192,0.7325945206040827,0.7354141545750863,0.7204559317745443,0.7187477417284811,1.0227863968814397,0.8754300401658357,0.710991264003596,0.8242586020205542,0.734808252786924,1.0168488026015778,0.7768041588098207,1.1206687071742871,1.5178218057065394,0.746210703465263,1.013085196367801,0.8364733073795363,0.8453937826952874,1.4441090041266929,0.7742403662576167,1.0239520164617164,0.735001130997347,0.7272422737211357,0.710991264003596,0.710991264003596,1.3,0.7382918051647894,0.7506444654549871,0.8782201054927667,0.7648964039848769,1.056076088469742,0.7661464966631587,0.9690099346151715,1.6106245323574564,0.8663355939957162,1.4340361962593229,0.7570716585756281,0.710991264003596,0.7244513013422915,0.8647142947037785,1.4416678800307134,1.1145785261051668,0.7397564750722663,0.7181814986286441,0.7654591891983904,1.2447332031781548,1.4438363164725225,1.0708938467057385,0.7706301726156222,0.7552358763764017,0.7132179796983138,0.7358878764317976,0.710991264003596,1.216857753824144,1.421982528007192,0.7226051283013932,0.8210400906351835,0.7138814163789449,0.8538599089860217,0.7453616501456817,0.710991264003596,0.7242426624826612,0.8803821230134722
4,10,0.8528591552826672,0.7519602140072876,0.7754587708741263,0.7910073433756477,0.7237079285877928,1.1729343434113186,0.8029152712258716,0.710991264003596,0.7284948456868829,1.2892575228859584,0.7292644797170471,0.7472054003366577,0.7484729407802093,0.7460311089187506,0.7157973945215995,1.3,1.3,0.8132700079336418,1.421982528007192,0.710991264003596,0.8951966564736398,0.7921909394011701,1.00517224827988,0.8882889540987564,2.1329737920107874,0.8294840451520017,0.9188569825108338,0.710991264003596,0.7396097636244567,0.7688921853291073,0.8183785762268797,1.421982528007192,0.7627082731637713,0.78427534010989,1.4538192025145489,0.7266221306243865,0.7238380990081603,1.421982528007192,0.7325945206040827,0.7354141545750863,0.7204559317745443,0.7187477417284811,1.0227863968814397,0.8754300401658357,0.710991264003596,0.8242586020205542,0.734808252786924,1.0168488026015778,0.7768041588098207,1.1206687071742871,1.5178218057065394,0.746210703465263,1.013085196367801,0.8364733073795363,0.8453937826952874,1.4441090041266929,0.7742403662576167,1.0239520164617164,0.735001130997347,0.7272422737211357,0.710991264003596,0.710991264003596,1.3,0.7382918051647894,0.7506444654549871,0.8782201054927667,0.7648964039848769,1.056076088469742,0.7661464966631587,0.9690099346151715,1.6106245323574564,0.8663355939957162,1.4340361962593229,0.7570716585756281,0.710991264003596,0.7244513013422915,0.8647142947037785,1.4416678800307134,1.1145785261051668,0.7397564750722663,0.7181814986286441,0.7654591891983904,1.2447332031781548,1.4438363164725225,1.0708938467057385,0.7706301726156222,0.7552358763764017,0.7132179796983138,0.7358878764317976,0.710991264003596,1.216857753824144,1.421982528007192,0.7226051283013932,0.8210400906351835,0.7138814163789449,0.8538599089860217,0.7453616501456817,0.710991264003596,0.7242426624826612,0.8803821230134722
4,11,0.8528591552826672,0.7519602140072876,0.7754587708741263,0.7910073433756477,0.7237079285877928,1.1729343434113186,0.8029152712258716,0.710991264003596,0.7284948456868829,1.2892575228859584,0.7292644797170471,0.7472054003366577,0.7484729407802093,0.7460311089187506,0.7157973945215995,1.3,1.3,0.8132700079336418,1.421982528007192,0.710991264003596,0.8951966564736398,0.7921909394011701,1.00517224827988,0.8882889540987564,2.1329737920107874,0.8294840451520017,0.9188569825108338,0.710991264003596,0.7396097636244567,0.7688921853291073,0.8183785762268797,1.421982528007192,0.7627082731637713,0.78427534010989,1.4538192025145489,0.7266221306243865,0.7238380990081603,1.421982528007192,0.7325945206040827,0.7354141545750863,0.7204559317745443,0.7187477417284811,1.0227863968814397,0.8754300401658357,0.710991264003596,0.8242586020205542,0.734808252786924,1.0168488026015778,0.7768041588098207,1.1206687071742871,1.5178218057065394,0.746210703465263,1.013085196367801,0.8364733073795363,0.8453937826952874,1.4441090041266929,0.7742403662576167,1.0239520164617164,0.735001130997347,0.7272422737211357,0.710991264003596,0.710991264003596,1.3,0.7382918051647894,0.7506444654549871,0.8782201054927667,0.7648964039848769,1.056076088469742,0.7661464966631587,0.9690099346151715,1.6106245323574564,0.8663355939957162,1.4340361962593229,0.7570716585756281,0.710991264003596,0.7244513013422915,0.8647142947037785,1.4416678800307134,1.1145785261051668,0.7397564750722663,0.7181814986286441,0.7654591891983904,1.2447332031781548,1.4438363164725225,1.0708938467057385,0.7706301726156222,0.7552358763764017,0.7132179796983138,0.7358878764317976,0.710991264003596,1.216857753824144,1.421982528007192,0.7226051283013932,0.8210400906351835,0.7138814163789449,0.8538599089860217,0.7453616501456817,0.710991264003596,0.7242426624826612,0.8803821230134722
4,12,0.8528591552826672,0.7519602140072876,0.7754587708741263,0.7910073433756477,0.7237079285877928,1.1729343434113186,0.8029152712258716,0.710991264003596,0.7284948456868829,1.2892575228859584,0.7292644797170471,0.7472054003366577,0.7484729407802093,0.7460311089187506,0.7157973945215995,1.3,1.3,0.8132700079336418,1.421982528007192,0.710991264003596,0.8951966564736398,0.7921909394011701,1.00517224827988,0.8882889540987564,2.1329737920107874,0.8294840451520017,0.9188569825108338,0.710991264003596,0.7396097636244567,0.7688921853291073,0.8183785762268797,1.421982528007192,0.7627082731637713,0.78427534010989,1.4538192025145489,0.7266221306243865,0.7238380990081603,1.421982528007192,0.7325945206040827,0.7354141545750863,0.7204559317745443,0.7187477417284811,1.0227863968814397,0.8754300401658357,0.710991264003596,0.8242586020205542,0.734808252786924,1.0168488026015778,0.7768041588098207,1.1206687071742871,1.5178218057065394,0.746210703465263,1.013085196367801,0.8364733073795363,0.8453937826952874,1.4441090041266929,0.7742403662576167,1.0239520164617164,0.735001130997347,0.7272422737211357,0.710991264003596,0.710991264003596,1.3,0.7382918051647894,0.7506444654549871,0.8782201054927667,0.7648964039848769,1.056076088469742,0.7661464966631587,0.9690099346151715,1.6106245323574564,0.8663355939957162,1.4340361962593229,0.7570716585756281,0.710991264003596,0.7244513013422915,0.8647142947037785,1.4416678800307134,1.1145785261051668,0.7397564750722663,0.7181814986286441,0.7654591891983904,1.2447332031781548,1.4438363164725225,1.0708938467057385,0.7706301726156222,0.7552358763764017,0.7132179796983138,0.7358878764317976,0.710991264003596,1.216857753824144,1.421982528007192,0.7226051283013932,0.8210400906351835,0.7138814163789449,0.8538599089860217,0.7453616501456817,0.710991264003596,0.7242426624826612,0.8803821230134722
4,13,0.8528591552826672,0.7519602140072876,0.7754587708741263,0.7910073433756477,0.7237079285877928,1.1729343434113186,0.8029152712258716,0.710991264003596,0.7284948456868829,1.2892575228859584,0.7292644797170471,0.7472054003366577,0.7484729407802093,0.7460311089187506,0.7157973945215995,1.3,1.3,0.8132700079336418,1.421982528007192,0.710991264003596,0.8951966564736398,0.7921909394011701,1.00517224827988,0.8882889540987564,2.1329737920107874,0.8294840451520017,0.9188569825108338,0.710991264003596,0.7396097636244567,0.7688921853291073,0.8183785762268797,1.421982528007192,0.7627082731637713,0.78427534010989,1.4538192025145489,0.7266221306243865,0.7238380990081603,1.421982528007192,0.7325945206040827,0.7354141545750863,0.7204559317745443,0.7187477417284811,1.0227863968814397,0.8754300401658357,0.710991264003596,0.8242586020205542,0.734808252786924,1.0168488026015778,0.7768041588098207,1.1206687071742871,1.5178218057065394,0.746210703465263,1.013085196367801,0.8364733073795363,0.8453937826952874,1.4441090041266929,0.7742403662576167,1.0239520164617164,0.735001130997347,0.7272422737211357,0.710991264003596,0.710991264003596,1.3,0.7382918051647894,0.7506444654549871,0.8782201054927667,0.7648964039848769,1.056076088469742,0.7661464966631587,0.9690099346151715,1.6106245323574564,0.8663355939957162,1.4340361962593229,0.7570716585756281,0.710991264003596,0.7244513013422915,0.8647142947037785,1.4416678800307134,1.1145785261051668,0.7397564750722663,0.7181814986286441,0.7654591891983904,1.2447332031781548,1.4438363164725225,1.0708938467057385,0.7706301726156222,0.7552358763764017,0.7132179796983138,0.7358878764317976,0.710991264003596,1.216857753824144,1.421982528007192,0.7226051283013932,0.8210400906351835,0.7138814163789449,0.8538599089860217,0.7453616501456817,0.710991264003596,0.7242426624826612,0.8803821230134722
4,14,0.8528591552826672,0.7519602140072876,0.7754587708741263,0.7910073433756477,0.7237079285877928,1.1729343434113186,0.8029152712258716,0.710991264003596,0.7284948456868829,1.2892575228859584,0.7292644797170471,0.7472054003366577,0.7484729407802093,0.7460311089187506,0.7157973945215995,1.3,1.3,0.8132700079336418,1.421982528007192,0.710991264003596,0.8951966564736398,0.7921909394011701,1.00517224827988,0.8882889540987564,2.1329737920107874,0.8294840451520017,0.9188569825108338,0.710991264003596,0.7396097636244567,0.7688921853291073,0.8183785762268797,1.421982528007192,0.7627082731637713,0.78427534010989,1.4538192025145489,0.7266221306243865,0.7238380990081603,1.421982528007192,0.7325945206040827,0.7354141545750863,0.7204559317745443,0.7187477417284811,1.0227863968814397,0.8754300401658357,0.710991264003596,0.8242586020205542,0.734808252786924,1.0168488026015778,0.7768041588098207,1.1206687071742871,1.5178218057065394,0.746210703465263,1.013085196367801,0.8364733073795363,0.8453937826952874,1.4441090041266929,0.7742403662576167,1.0239520164617164,0.735001130997347,0.7272422737211357,0.710991264003596,0.710991264003596,1.3,0.7382918051647894,0.7506444654549871,0.8782201054927667,0.7648964039848769,1.056076088469742,0.7661464966631587,0.9690099346151715,1.6106245323574564,0.8663355939957162,1.4340361962593229,0.7570716585756281,0.710991264003596,0.7244513013422915,0.8647142947037785,1.4416678800307134,1.1145785261051668,0.7397564750722663,0.7181814986286441,0.7654591891983904,1.2447332031781548,1.4438363164725225,1.0708938467057385,0.7706301726156222,0.7552358763764017,0.7132179796983138,0.7358878764317976,0.710991264003596,1.216857753824144,1.421982528007192,0.7226051283013932,0.8210400906351835,0.7138814163789449,0.8538599089860217,0.7453616501456817,0.710991264003596,0.7242426624826612,0.8803821230134722
4,15,0.8528591552826672,0.7519602140072876,0.7754587708741263,0.7910073433756477,0.7237079285877928,1.1729343434113186,0.8029152712258716,0.710991264003596,0.7284948456868829,1.2892575228859584,0.7292644797170471,0.7472054003366577,0.7484729407802093,0.7460311089187506,0.7157973945215995,1.3,1.3,0.8132700079336418,1.421982528007192,0.710991264003596,0.8951966564736398,0.7921909394011701,1.00517224827988,0.8882889540987564,2.1329737920107874,0.8294840451520017,0.9188569825108338,0.710991264003596,0.7396097636244567,0.7688921853291073,0.8183785762268797,1.421982528007192,0.7627082731637713,0.78427534010989,1.4538192025145489,0.7266221306243865,0.7238380990081603,1.421982528007192,0.7325945206040827,0.7354141545750863,0.7204559317745443,0.7187477417284811,1.0227863968814397,0.8754300401658357,0.710991264003596,0.8242586020205542,0.734808252786924,1.0168488026015778,0.7768041588098207,1.1206687071742871,1.5178218057065394,0.746210703465263,1.013085196367801,0.8364733073795363,0.8453937826952874,1.4441090041266929,0.7742403662576167,1.0239520164617164,0.735001130997347,0.7272422737211357,0.710991264003596,0.710991264003596,1.3,0.7382918051647894,0.7506444654549871,0.8782201054927667,0.7648964039848769,1.056076088469742,0.7661464966631587,0.9690099346151715,1.6106245323574564,0.8663355939957162,1.4340361962593229,0.7570716585756281,0.710991264003596,0.7244513013422915,0.8647142947037785,1.4416678800307134,1.1145785261051668,0.7397564750722663,0.7181814986286441,0.7654591891983904,1.2447332031781548,1.4438363164725225,1.0708938467057385,0.7706301726156222,0.7552358763764017,0.7132179796983138,0.7358878764317976,0.710991264003596,1.216857753824144,1.421982528007192,0.7226051283013932,0.8210400906351835,0.7138814163789449,0.8538599089860217,0.7453616501456817,0.710991264003596,0.7242426624826612,0.8803821230134722
4,16,0.8528591552826672,0.7519602140072876,0.7754587708741263,0.7910073433756477,0.7237079285877928,1.1729343434113186,0.8029152712258716,0.710991264003596,0.7284948456868829,1.2892575228859584,0.7292644797170471,0.7472054003366577,0.7484729407802093,0.7460311089187506,0.7157973945215995,1.3,1.3,0.8132700079336418,1.421982528007192,0.710991264003596,0.8951966564736398,0.7921909394011701,1.00517224827988,0.8882889540987564,2.1329737920107874,0.8294840451520017,0.9188569825108338,0.710991264003596,0.7396097636244567,0.7688921853291073,0.8183785762268797,1.421982528007192,0.7627082731637713,0.78427534010989,1.4538192025145489,0.7266221306243865,0.7238380990081603,1.421982528007192,0.7325945206040827,0.7354141545750863,0.7204559317745443,0.7187477417284811,1.0227863968814397,0.8754300401658357,0.710991264003596,0.8242586020205542,0.734808252786924,1.0168488026015778,0.7768041588098207,1.1206687071742871,1.5178218057065394,0.746210703465263,1.013085196367801,0.8364733073795363,0.8453937826952874,1.4441090041266929,0.7742403662576167,1.0239520164617164,0.735001130997347,0.7272422737211357,0.710991264003596,0.710991264003596,1.3,0.7382918051647894,0.7506444654549871,0.8782201054927667,0.7648964039848769,1.056076088469742,0.7661464966631587,0.9690099346151715,1.6106245323574564,0.8663355939957162,1.4340361962593229,0.7570716585756281,0.710991264003596,0.7244513013422915,0.8647142947037785,1.4416678800307134,1.1145785261051668,0.7397564750722663,0.7181814986286441,0.7654591891983904,1.2447332031781548,1.4438363164725225,1.0708938467057385,0.7706301726156222,0.7552358763764017,0.7132179796983138,0.7358878764317976,0.710991264003596,1.216857753824144,1.421982528007192,0.7226051283013932,0.8210400906351835,0.7138814163789449,0.8538599089860217,0.7453616501456817,0.710991264003596,0.7242426624826612,0.8803821230134722
4,17,0.8528591552826672,0.7519602140072876,0.7754587708741263,0.7910073433756477,0.7237079285877928,1.1729343434113186,0.8029152712258716,0.710991264003596,0.7284948456868829,1.2892575228859584,0.7292644797170471,0.7472054003366577,0.7484729407802093,0.7460311089187506,0.7157973945215995,1.3,1.3,0.8132700079336418,1.421982528007192,0.710991264003596,0.8951966564736398,0.7921909394011701,1.00517224827988,0.8882889540987564,2.1329737920107874,0.8294840451520017,0.9188569825108338,0.710991264003596,0.7396097636244567,0.7688921853291073,0.8183785762268797,1.421982528007192,0.7627082731637713,0.78427534010989,1.4538192025145489,0.7266221306243865,0.7238380990081603,1.421982528007192,0.7325945206040827,0.7354141545750863,0.7204559317745443,0.7187477417284811,1.0227863968814397,0.8754300401658357,0.710991264003596,0.8242586020205542,0.734808252786924,1.0168488026015778,0.7768041588098207,1.1206687071742871,1.5178218057065394,0.746210703465263,1.013085196367801,0.8364733073795363,0.8453937826952874,1.4441090041266929,0.7742403662576167,1.0239520164617164,0.735001130997347,0.7272422737211357,0.710991264003596,0.710991264003596,1.3,0.7382918051647894,0.7506444654549871,0.8782201054927667,0.7648964039848769,1.056076088469742,0.7661464966631587,0.9690099346151715,1.6106245323574564,0.8663355939957162,1.4340361962593229,0.7570716585756281,0.710991264003596,0.7244513013422915,0.8647142947037785,1.4416678800307134,1.1145785261051668,0.7397564750722663,0.7181814986286441,0.7654591891983904,1.2447332031781548,1.4438363164725225,1.0708938467057385,0.7706301726156222,0.7552358763764017,0.7132179796983138,0.7358878764317976,0.710991264003596,1.216857753824144,1.421982528007192,0.7226051283013932,0.8210400906351835,0.7138814163789449,0.8538599089860217,0.7453616501456817,0.710991264003596,0.7242426624826612,0.8803821230134722
4,18,0.8528591552826672,0.7519602140072876,0.7754587708741263,0.7910073433756477,0.7237079285877928,1.1729343434113186,0.8029152712258716,0.710991264003596,0.7284948456868829,1.2892575228859584,0.7292644797170471,0.7472054003366577,0.7484729407802093,0.7460311089187506,0.7157973945215995,1.3,1.3,0.8132700079336418,1.421982528007192,0.710991264003596,0.8951966564736398,0.7921909394011701,1.00517224827988,0.8882889540987564,2.1329737920107874,0.8294840451520017,0.9188569825108338,0.710991264003596,0.7396097636244567,0.7688921853291073,0.8183785762268797,1.421982528007192,0.7627082731637713,0.78427534010989,1.4538192025145489,0.7266221306243865,0.7238380990081603,1.421982528007192,0.7325945206040827,0.7354141545750863,0.7204559317745443,0.7187477417284811,1.0227863968814397,0.8754300401658357,0.710991264003596,0.8242586020205542,0.734808252786924,1.0168488026015778,0.7768041588098207,1.1206687071742871,1.5178218057065394,0.746210703465263,1.013085196367801,0.8364733073795363,0.8453937826952874,1.4441090041266929,0.7742403662576167,1.0239520164617164,0.735001130997347,0.7272422737211357,0.710991264003596,0.710991264003596,1.3,0.7382918051647894,0.7506444654549871,0.8782201054927667,0.7648964039848769,1.056076088469742,0.7661464966631587,0.9690099346151715,1.6106245323574564,0.8663355939957162,1.4340361962593229,0.7570716585756281,0.710991264003596,0.7244513013422915,0.8647142947037785,1.4416678800307134,1.1145785261051668,0.7397564750722663,0.7181814986286441,0.7654591891983904,1.2447332031781548,1.4438363164725225,1.0708938467057385,0.7706301726156222,0.7552358763764017,0.7132179796983138,0.7358878764317976,0.710991264003596,1.216857753824144,1.421982528007192,0.7226051283013932,0.8210400906351835,0.7138814163789449,0.8538599089860217,0.7453616501456817,0.710991264003596,0.7242426624826612,0.8803821230134722
4,19,0.8528591552826672,0.7519602140072876,0.7754587708741263,0.7910073433756477,0.7237079285877928,1.1729343434113186,0.8029152712258716,0.710991264003596,0.7284948456868829,1.2892575228859584,0.7292644797170471,0.7472054003366577,0.7484729407802093,0.7460311089187506,0.7157973945215995,1.3,1.3,0.8132700079336418,1.421982528007192,0.710991264003596,0.8951966564736398,0.7921909394011701,1.00517224827988,0.8882889540987564,2.1329737920107874,0.8294840451520017,0.9188569825108338,0.710991264003596,0.7396097636244567,0.7688921853291073,0.8183785762268797,1.421982528007192,0.7627082731637713,0.78427534010989,1.4538192025145489,0.7266221306243865,0.7238380990081603,1.421982528007192,0.7325945206040827,0.7354141545750863,0.7204559317745443,0.7187477417284811,1.0227863968814397,0.8754300401658357,0.710991264003596,0.8242586020205542,0.734808252786924,1.0168488026015778,0.7768041588098207,1.1206687071742871,1.5178218057065394,0.746210703465263,1.013085196367801,0.8364733073795363,0.8453937826952874,1.4441090041266929,0.7742403662576167,1.0239520164617164,0.735001130997347,0.7272422737211357,0.710991264003596,0.710991264003596,1.3,0.7382918051647894,0.7506444654549871,0.8782201054927667,0.7648964039848769,1.056076088469742,0.7661464966631587,0.9690099346151715,1.6106245323574564,0.8663355939957162,1.4340361962593229,0.7570716585756281,0.710991264003596,0.7244513013422915,0.8647142947037785,1.4416678800307134,1.1145785261051668,0.7397564750722663,0.7181814986286441,0.7654591891983904,1.2447332031781548,1.4438363164725225,1.0708938467057385,0.7706301726156222,0.7552358763764017,0.7132179796983138,0.7358878764317976,0.710991264003596,1.216857753824144,1.421982528007192,0.7226051283013932,0.8210400906351835,0.7138814163789449,0.8538599089860217,0.7453616501456817,0.710991264003596,0.7242426624826612,0.8803821230134722
4,20,0.8528591552826672,0.7519602140072876,0.7754587708741263,0.7910073433756477,0.7237079285877928,1.1729343434113186,0.8029152712258716,0.710991264003596,0.7284948456868829,1.2892575228859584,0.7292644797170471,0.7472054003366577,0.7484729407802093,0.7460311089187506,0.7157973945215995,1.3,1.3,0.8132700079336418,1.421982528007192,0.710991264003596,0.8951966564736398,0.7921909394011701,1.00517224827988,0.8882889540987564,2.1329737920107874,0.8294840451520017,0.9188569825108338,0.710991264003596,0.7396097636244567,0.7688921853291073,0.8183785762268797,1.421982528007192,0.7627082731637713,0.78427534010989,1.4538192025145489,0.7266221306243865,0.7238380990081603,1.421982528007192,0.7325945206040827,0.7354141545750863,0.7204559317745443,0.7187477417284811,1.0227863968814397,0.8754300401658357,0.710991264003596,0.8242586020205542,0.734808252786924,1.0168488026015778,0.7768041588098207,1.1206687071742871,1.5178218057065394,0.746210703465263,1.013085196367801,0.8364733073795363,0.8453937826952874,1.4441090041266929,0.7742403662576167,1.0239520164617164,0.735001130997347,0.7272422737211357,0.710991264003596,0.710991264003596,1.3,0.7382918051647894,0.7506444654549871,0.8782201054927667,0.7648964039848769,1.056076088469742,0.7661464966631587,0.9690099346151715,1.6106245323574564,0.8663355939957162,1.4340361962593229,0.7570716585756281,0.710991264003596,0.7244513013422915,0.8647142947037785,1.4416678800307134,1.1145785261051668,0.7397564750722663,0.7181814986286441,0.7654591891983904,1.2447332031781548,1.4438363164725225,1.0708938467057385,0.7706301726156222,0.7552358763764017,0.7132179796983138,0.7358878764317976,0.710991264003596,1.216857753824144,1.421982528007192,0.7226051283013932,0.8210400906351835,0.7138814163789449,0.8538599089860217,0.7453616501456817,0.710991264003596,0.7242426624826612,0.8803821230134722
4,21,0.8528591552826672,0.7519602140072876,0.7754587708741263,0.7910073433756477,0.7237079285877928,1.1729343434113186,0.8029152712258716,0.710991264003596,0.7284948456868829,1.2892575228859584,0.7292644797170471,0.7472054003366577,0.7484729407802093,0.7460311089187506,0.7157973945215995,1.3,1.3,0.8132700079336418,1.421982528007192,0.710991264003596,0.8951966564736398,0.7921909394011701,1.00517224827988,0.8882889540987564,2.1329737920107874,0.8294840451520017,0.9188569825108338,0.710991264003596,0.7396097636244567,0.7688921853291073,0.8183785762268797,1.421982528007192,0.7627082731637713,0.78427534010989,1.4538192025145489,0.7266221306243865,0.7238380990081603,1.421982528007192,0.7325945206040827,0.7354141545750863,0.7204559317745443,0.7187477417284811,1.0227863968814397,0.8754300401658357,0.710991264003596,0.8242586020205542,0.734808252786924,1.0168488026015778,0.7768041588098207,1.1206687071742871,1.5178218057065394,0.746210703465263,1.013085196367801,0.8364733073795363,0.8453937826952874,1.4441090041266929,0.7742403662576167,1.0239520164617164,0.735001130997347,0.7272422737211357,0.710991264003596,0.710991264003596,1.3,0.7382918051647894,0.7506444654549871,0.8782201054927667,0.7648964039848769,1.056076088469742,0.7661464966631587,0.9690099346151715,1.6106245323574564,0.8663355939957162,1.4340361962593229,0.7570716585756281,0.710991264003596,0.7244513013422915,0.8647142947037785,1.4416678800307134,1.1145785261051668,0.7397564750722663,0.7181814986286441,0.7654591891983904,1.2447332031781548,1.4438363164725225,1.0708938467057385,0.7706301726156222,0.7552358763764017,0.7132179796983138,0.7358878764317976,0.710991264003596,1.216857753824144,1.421982528007192,0.7226051283013932,0.8210400906351835,0.7138814163789449,0.8538599089860217,0.7453616501456817,0.710991264003596,0.7242426624826612,0.8803821230134722
4,22,0.8528591552826672,0.7519602140072876,0.7754587708741263,0.7910073433756477,0.7237079285877928,1.1729343434113186,0.8029152712258716,0.710991264003596,0.7284948456868829,1.2892575228859584,0.7292644797170471,0.7472054003366577,0.7484729407802093,0.7460311089187506,0.7157973945215995,1.3,1.3,0.8132700079336418,1.421982528007192,0.710991264003596,0.8951966564736398,0.7921909394011701,1.00517224827988,0.8882889540987564,2.1329737920107874,0.8294840451520017,0.9188569825108338,0.710991264003596,0.7396097636244567,0.7688921853291073,0.8183785762268797,1.421982528007192,0.7627082731637713,0.78427534010989,1.4538192025145489,0.7266221306243865,0.7238380990081603,1.421982528007192,0.7325945206040827,0.7354141545750863,0.7204559317745443,0.7187477417284811,1.0227863968814397,0.8754300401658357,0.710991264003596,0.8242586020205542,0.734808252786924,1.0168488026015778,0.7768041588098207,1.1206687071742871,1.5178218057065394,0.746210703465263,1.013085196367801,0.8364733073795363,0.8453937826952874,1.4441090041266929,0.7742403662576167,1.0239520164617164,0.735001130997347,0.7272422737211357,0.710991264003596,0.710991264003596,1.3,0.7382918051647894,0.7506444654549871,0.8782201054927667,0.7648964039848769,1.056076088469742,0.7661464966631587,0.9690099346151715,1.6106245323574564,0.8663355939957162,1.4340361962593229,0.7570716585756281,0.710991264003596,0.7244513013422915,0.8647142947037785,1.4416678800307134,1.1145785261051668,0.7397564750722663,0.7181814986286441,0.7654591891983904,1.2447332031781548,1.4438363164725225,1.0708938467057385,0.7706301726156222,0.7552358763764017,0.7132179796983138,0.7358878764317976,0.710991264003596,1.216857753824144,1.421982528007192,0.7226051283013932,0.8210400906351835,0.7138814163789449,0.8538599089860217,0.7453616501456817,0.710991264003596,0.7242426624826612,0.8803821230134722
4,23,0.8528591552826672,0.7519602140072876,0.7754587708741263,0.7910073433756477,0.7237079285877928,1.1729343434113186,0.8029152712258716,0.710991264003596,0.7284948456868829,1.2892575228859584,0.7292644797170471,0.7472054003366577,0.7484729407802093,0.7460311089187506,0.7157973945215995,1.3,1.3,0.8132700079336418,1.421982528007192,0.710991264003596,0.8951966564736398,0.7921909394011701,1.00517224827988,0.8882889540987564,2.1329737920107874,0.8294840451520017,0.9188569825108338,0.710991264003596,0.7396097636244567,0.7688921853291073,0.8183785762268797,1.421982528007192,0.7627082731637713,0.78427534010989,1.4538192025145489,0.7266221306243865,0.7238380990081603,1.421982528007192,0.7325945206040827,0.7354141545750863,0.7204559317745443,0.7187477417284811,1.0227863968814397,0.8754300401658357,0.710991264003596,0.8242586020205542,0.734808252786924,1.0168488026015778,0.7768041588098207,1.1206687071742871,1.5178218057065394,0.746210703465263,1.013085196367801,0.8364733073795363,0.8453937826952874,1.4441090041266929,0.7742403662576167,1.0239520164617164,0.735001130997347,0.7272422737211357,0.710991264003596,0.710991264003596,1.3,0.7382918051647894,0.7506444654549871,0.8782201054927667,0.7648964039848769,1.056076088469742,0.7661464966631587,0.9690099346151715,1.6106245323574564,0.8663355939957162,1.4340361962593229,0.7570716585756281,0.710991264003596,0.7244513013422915,0.8647142947037785,1.4416678800307134,1.1145785261051668,0.7397564750722663,0.7181814986286441,0.7654591891983904,1.2447332031781548,1.4438363164725225,1.0708938467057385,0.7706301726156222,0.7552358763764017,0.7132179796983138,0.7358878764317976,0.710991264003596,1.216857753824144,1.421982528007192,0.7226051283013932,0.8210400906351835,0.7138814163789449,0.8538599089860217,0.7453616501456817,0.710991264003596,0.7242426624826612,0.8803821230134722
4,24,0.8528591552826672,0.7519602140072876,0.7754587708741263,0.7910073433756477,0.7237079285877928,1.1729343434113186,0.8029152712258716,0.710991264003596,0.7284948456868829,1.2892575228859584,0.7292644797170471,0.7472054003366577,0.7484729407802093,0.7460311089187506,0.7157973945215995,1.3,1.3,0.8132700079336418,1.421982528007192,0.710991264003596,0.8951966564736398,0.7921909394011701,1.00517224827988,0.8882889540987564,2.1329737920107874,0.8294840451520017,0.9188569825108338,0.710991264003596,0.7396097636244567,0.7688921853291073,0.8183785762268797,1.421982528007192,0.7627082731637713,0.78427534010989,1.4538192025145489,0.7266221306243865,0.7238380990081603,1.421982528007192,0.7325945206040827,0.7354141545750863,0.7204559317745443,0.7187477417284811,1.0227863968814397,0.8754300401658357,0.710991264003596,0.8242586020205542,0.734808252786924,1.0168488026015778,0.7768041588098207,1.1206687071742871,1.5178218057065394,0.746210703465263,1.013085196367801,0.8364733073795363,0.8453937826952874,1.4441090041266929,0.7742403662576167,1.0239520164617164,0.735001130997347,0.7272422737211357,0.710991264003596,0.710991264003596,1.3,0.7382918051647894,0.7506444654549871,0.8782201054927667,0.7648964039848769,1.056076088469742,0.7661464966631587,0.9690099346151715,1.6106245323574564,0.8663355939957162,1.4340361962593229,0.7570716585756281,0.710991264003596,0.7244513013422915,0.8647142947037785,1.4416678800307134,1.1145785261051668,0.7397564750722663,0.7181814986286441,0.7654591891983904,1.2447332031781548,1.4438363164725225,1.0708938467057385,0.7706301726156222,0.7552358763764017,0.7132179796983138,0.7358878764317976,0.710991264003596,1.216857753824144,1.421982528007192,0.7226051283013932,0.8210400906351835,0.7138814163789449,0.8538599089860217,0.7453616501456817,0.710991264003596,0.7242426624826612,0.8803821230134722
4,25,0.8528591552826672,0.7519602140072876,0.7754587708741263,0.7910073433756477,0.7237079285877928,1.1729343434113186,0.8029152712258716,0.710991264003596,0.7284948456868829,1.2892575228859584,0.7292644797170471,0.7472054003366577,0.7484729407802093,0.7460311089187506,0.7157973945215995,1.3,1.3,0.8132700079336418,1.421982528007192,0.710991264003596,0.8951966564736398,0.7921909394011701,1.00517224827988,0.8882889540987564,2.1329737920107874,0.8294840451520017,0.9188569825108338,0.710991264003596,0.7396097636244567,0.7688921853291073,0.8183785762268797,1.421982528007192,0.7627082731637713,0.78427534010989,1.4538192025145489,0.7266221306243865,0.7238380990081603,1.421982528007192,0.7325945206040827,0.7354141545750863,0.7204559317745443,0.7187477417284811,1.0227863968814397,0.8754300401658357,0.710991264003596,0.8242586020205542,0.734808252786924,1.0168488026015778,0.7768041588098207,1.1206687071742871,1.5178218057065394,0.746210703465263,1.013085196367801,0.8364733073795363,0.8453937826952874,1.4441090041266929,0.7742403662576167,1.0239520164617164,0.735001130997347,0.7272422737211357,0.710991264003596,0.710991264003596,1.3,0.7382918051647894,0.7506444654549871,0.8782201054927667,0.7648964039848769,1.056076088469742,0.7661464966631587,0.9690099346151715,1.6106245323574564,0.8663355939957162,1.4340361962593229,0.7570716585756281,0.710991264003596,0.7244513013422915,0.8647142947037785,1.4416678800307134,1.1145785261051668,0.7397564750722663,0.7181814986286441,0.7654591891983904,1.2447332031781548,1.4438363164725225,1.0708938467057385,0.7706301726156222,0.7552358763764017,0.7132179796983138,0.7358878764317976,0.710991264003596,1.216857753824144,1.421982528007192,0.7226051283013932,0.8210400906351835,0.7138814163789449,0.8538599089860217,0.7453616501456817,0.710991264003596,0.7242426624826612,0.8803821230134722
4,26,0.8528591552826672,0.7519602140072876,0.7754587708741263,0.7910073433756477,0.7237079285877928,1.1729343434113186,0.8029152712258716,0.710991264003596,0.7284948456868829,1.2892575228859584,0.7292644797170471,0.7472054003366577,0.7484729407802093,0.7460311089187506,0.7157973945215995,1.3,1.3,0.8132700079336418,1.421982528007192,0.710991264003596,0.8951966564736398,0.7921909394011701,1.00517224827988,0.8882889540987564,2.1329737920107874,0.8294840451520017,0.9188569825108338,0.710991264003596,0.7396097636244567,0.7688921853291073,0.8183785762268797,1.421982528007192,0.7627082731637713,0.78427534010989,1.4538192025145489,0.7266221306243865,0.7238380990081603,1.421982528007192,0.7325945206040827,0.7354141545750863,0.7204559317745443,0.7187477417284811,1.0227863968814397,0.8754300401658357,0.710991264003596,0.8242586020205542,0.734808252786924,1.0168488026015778,0.7768041588098207,1.1206687071742871,1.5178218057065394,0.746210703465263,1.013085196367801,0.8364733073795363,0.8453937826952874,1.4441090041266929,0.7742403662576167,1.0239520164617164,0.735001130997347,0.7272422737211357,0.710991264003596,0.710991264003596,1.3,0.7382918051647894,0.7506444654549871,0.8782201054927667,0.7648964039848769,1.056076088469742,0.7661464966631587,0.9690099346151715,1.6106245323574564,0.8663355939957162,1.4340361962593229,0.7570716585756281,0.710991264003596,0.7244513013422915,0.8647142947037785,1.4416678800307134,1.1145785261051668,0.7397564750722663,0.7181814986286441,0.7654591891983904,1.2447332031781548,1.4438363164725225,1.0708938467057385,0.7706301726156222,0.7552358763764017,0.7132179796983138,0.7358878764317976,0.710991264003596,1.216857753824144,1.421982528007192,0.7226051283013932,0.8210400906351835,0.7138814163789449,0.8538599089860217,0.7453616501456817,0.710991264003596,0.7242426624826612,0.8803821230134722
4,27,0.8528591552826672,0.7519602140072876,0.7754587708741263,0.7910073433756477,0.7237079285877928,1.1729343434113186,0.8029152712258716,0.710991264003596,0.7284948456868829,1.2892575228859584,0.7292644797170471,0.7472054003366577,0.7484729407802093,0.7460311089187506,0.7157973945215995,1.3,1.3,0.8132700079336418,1.421982528007192,0.710991264003596,0.8951966564736398,0.7921909394011701,1.00517224827988,0.8882889540987564,2.1329737920107874,0.8294840451520017,0.9188569825108338,0.710991264003596,0.7396097636244567,0.7688921853291073,0.8183785762268797,1.421982528007192,0.7627082731637713,0.78427534010989,1.4538192025145489,0.7266221306243865,0.7238380990081603,1.421982528007192,0.7325945206040827,0.7354141545750863,0.7204559317745443,0.7187477417284811,1.0227863968814397,0.8754300401658357,0.710991264003596,0.8242586020205542,0.734808252786924,1.0168488026015778,0.7768041588098207,1.1206687071742871,1.5178218057065394,0.746210703465263,1.013085196367801,0.8364733073795363,0.8453937826952874,1.4441090041266929,0.7742403662576167,1.0239520164617164,0.735001130997347,0.7272422737211357,0.710991264003596,0.710991264003596,1.3,0.7382918051647894,0.7506444654549871,0.8782201054927667,0.7648964039848769,1.056076088469742,0.7661464966631587,0.9690099346151715,1.6106245323574564,0.8663355939957162,1.4340361962593229,0.7570716585756281,0.710991264003596,0.7244513013422915,0.8647142947037785,1.4416678800307134,1.1145785261051668,0.7397564750722663,0.7181814986286441,0.7654591891983904,1.2447332031781548,1.4438363164725225,1.0708938467057385,0.7706301726156222,0.7552358763764017,0.7132179796983138,0.7358878764317976,0.710991264003596,1.216857753824144,1.421982528007192,0.7226051283013932,0.8210400906351835,0.7138814163789449,0.8538599089860217,0.7453616501456817,0.710991264003596,0.7242426624826612,0.8803821230134722
4,28,0.8528591552826672,0.7519602140072876,0.7754587708741263,0.7910073433756477,0.7237079285877928,1.1729343434113186,0.8029152712258716,0.710991264003596,0.7284948456868829,1.2892575228859584,0.7292644797170471,0.7472054003366577,0.7484729407802093,0.7460311089187506,0.7157973945215995,1.3,1.3,0.8132700079336418,1.421982528007192,0.710991264003596,0.8951966564736398,0.7921909394011701,1.00517224827988,0.8882889540987564,2.1329737920107874,0.8294840451520017,0.9188569825108338,0.710991264003596,0.7396097636244567,0.7688921853291073,0.8183785762268797,1.421982528007192,0.7627082731637713,0.78427534010989,1.4538192025145489,0.7266221306243865,0.7238380990081603,1.421982528007192,0.7325945206040827,0.7354141545750863,0.7204559317745443,0.7187477417284811,1.0227863968814397,0.8754300401658357,0.710991264003596,0.8242586020205542,0.734808252786924,1.0168488026015778,0.7768041588098207,1.1206687071742871,1.5178218057065394,0.746210703465263,1.013085196367801,0.8364733073795363,0.8453937826952874,1.4441090041266929,0.7742403662576167,1.0239520164617164,0.735001130997347,0.7272422737211357,0.710991264003596,0.710991264003596,1.3,0.7382918051647894,0.7506444654549871,0.8782201054927667,0.7648964039848769,1.056076088469742,0.7661464966631587,0.9690099346151715,1.6106245323574564,0.8663355939957162,1.4340361962593229,0.7570716585756281,0.710991264003596,0.7244513013422915,0.8647142947037785,1.4416678800307134,1.1145785261051668,0.7397564750722663,0.7181814986286441,0.7654591891983904,1.2447332031781548,1.4438363164725225,1.0708938467057385,0.7706301726156222,0.7552358763764017,0.7132179796983138,0.7358878764317976,0.710991264003596,1.216857753824144,1.421982528007192,0.7226051283013932,0.8210400906351835,0.7138814163789449,0.8538599089860217,0.7453616501456817,0.710991264003596,0.7242426624826612,0.8803821230134722
4,29,0.8528591552826672,0.7519602140072876,0.7754587708741263,0.7910073433756477,0.7237079285877928,1.1729343434113186,0.8029152712258716,0.710991264003596,0.7284948456868829,1.2892575228859584,0.7292644797170471,0.7472054003366577,0.7484729407802093,0.7460311089187506,0.7157973945215995,1.3,1.3,0.8132700079336418,1.421982528007192,0.710991264003596,0.8951966564736398,0.7921909394011701,1.00517224827988,0.8882889540987564,2.1329737920107874,0.8294840451520017,0.9188569825108338,0.710991264003596,0.7396097636244567,0.7688921853291073,0.8183785762268797,1.421982528007192,0.7627082731637713,0.78427534010989,1.4538192025145489,0.7266221306243865,0.7238380990081603,1.421982528007192,0.7325945206040827,0.7354141545750863,0.7204559317745443,0.7187477417284811,1.0227863968814397,0.8754300401658357,0.710991264003596,0.8242586020205542,0.734808252786924,1.0168488026015778,0.7768041588098207,1.1206687071742871,1.5178218057065394,0.746210703465263,1.013085196367801,0.8364733073795363,0.8453937826952874,1.4441090041266929,0.7742403662576167,1.0239520164617164,0.735001130997347,0.7272422737211357,0.710991264003596,0.710991264003596,1.3,0.7382918051647894,0.7506444654549871,0.8782201054927667,0.7648964039848769,1.056076088469742,0.7661464966631587,0.9690099346151715,1.6106245323574564,0.8663355939957162,1.4340361962593229,0.7570716585756281,0.710991264003596,0.7244513013422915,0.8647142947037785,1.4416678800307134,1.1145785261051668,0.7397564750722663,0.7181814986286441,0.7654591891983904,1.2447332031781548,1.4438363164725225,1.0708938467057385,0.7706301726156222,0.7552358763764017,0.7132179796983138,0.7358878764317976,0.710991264003596,1.216857753824144,1.421982528007192,0.7226051283013932,0.8210400906351835,0.7138814163789449,0.8538599089860217,0.7453616501456817,0.710991264003596,0.7242426624826612,0.8803821230134722
4,30,0.8528591552826672,0.7519602140072876,0.7754587708741263,0.7910073433756477,0.7237079285877928,1.1729343434113186,0.8029152712258716,0.710991264003596,0.7284948456868829,1.2892575228859584,0.7292644797170471,0.7472054003366577,0.7484729407802093,0.7460311089187506,0.7157973945215995,1.3,1.3,0.8132700079336418,1.421982528007192,0.710991264003596,0.8951966564736398,0.7921909394011701,1.00517224827988,0.8882889540987564,2.1329737920107874,0.8294840451520017,0.9188569825108338,0.710991264003596,0.7396097636244567,0.7688921853291073,0.8183785762268797,1.421982528007192,0.7627082731637713,0.78427534010989,1.4538192025145489,0.7266221306243865,0.7238380990081603,1.421982528007192,0.7325945206040827,0.7354141545750863,0.7204559317745443,0.7187477417284811,1.0227863968814397,0.8754300401658357,0.710991264003596,0.8242586020205542,0.734808252786924,1.0168488026015778,0.7768041588098207,1.1206687071742871,1.5178218057065394,0.746210703465263,1.013085196367801,0.8364733073795363,0.8453937826952874,1.4441090041266929,0.7742403662576167,1.0239520164617164,0.735001130997347,0.7272422737211357,0.710991264003596,0.710991264003596,1.3,0.7382918051647894,0.7506444654549871,0.8782201054927667,0.7648964039848769,1.056076088469742,0.7661464966631587,0.9690099346151715,1.6106245323574564,0.8663355939957162,1.4340361962593229,0.7570716585756281,0.710991264003596,0.7244513013422915,0.8647142947037785,1.4416678800307134,1.1145785261051668,0.7397564750722663,0.7181814986286441,0.7654591891983904,1.2447332031781548,1.4438363164725225,1.0708938467057385,0.7706301726156222,0.7552358763764017,0.7132179796983138,0.7358878764317976,0.710991264003596,1.216857753824144,1.421982528007192,0.7226051283013932,0.8210400906351835,0.7138814163789449,0.8538599089860217,0.7453616501456817,0.710991264003596,0.7242426624826612,0.8803821230134722
4,31,0.8528591552826672,0.7519602140072876,0.7754587708741263,0.7910073433756477,0.7237079285877928,1.1729343434113186,0.8029152712258716,0.710991264003596,0.7284948456868829,1.2892575228859584,0.7292644797170471,0.7472054003366577,0.7484729407802093,0.7460311089187506,0.7157973945215995,1.3,1.3,0.8132700079336418,1.421982528007192,0.710991264003596,0.8951966564736398,0.7921909394011701,1.00517224827988,0.8882889540987564,2.1329737920107874,0.8294840451520017,0.9188569825108338,0.710991264003596,0.7396097636244567,0.7688921853291073,0.8183785762268797,1.421982528007192,0.7627082731637713,0.78427534010989,1.4538192025145489,0.7266221306243865,0.7238380990081603,1.421982528007192,0.7325945206040827,0.7354141545750863,0.7204559317745443,0.7187477417284811,1.0227863968814397,0.8754300401658357,0.710991264003596,0.8242586020205542,0.734808252786924,1.0168488026015778,0.7768041588098207,1.1206687071742871,1.5178218057065394,0.746210703465263,1.013085196367801,0.8364733073795363,0.8453937826952874,1.4441090041266929,0.7742403662576167,1.0239520164617164,0.735001130997347,0.7272422737211357,0.710991264003596,0.710991264003596,1.3,0.7382918051647894,0.7506444654549871,0.8782201054927667,0.7648964039848769,1.056076088469742,0.7661464966631587,0.9690099346151715,1.6106245323574564,0.8663355939957162,1.4340361962593229,0.7570716585756281,0.710991264003596,0.7244513013422915,0.8647142947037785,1.4416678800307134,1.1145785261051668,0.7397564750722663,0.7181814986286441,0.7654591891983904,1.2447332031781548,1.4438363164725225,1.0708938467057385,0.7706301726156222,0.7552358763764017,0.7132179796983138,0.7358878764317976,0.710991264003596,1.216857753824144,1.421982528007192,0.7226051283013932,0.8210400906351835,0.7138814163789449,0.8538599089860217,0.7453616501456817,0.710991264003596,0.7242426624826612,0.8803821230134722
4,32,0.8528591552826672,0.7519602140072876,0.7754587708741263,0.7910073433756477,0.7237079285877928,1.1729343434113186,0.8029152712258716,0.710991264003596,0.7284948456868829,1.2892575228859584,0.7292644797170471,0.7472054003366577,0.7484729407802093,0.7460311089187506,0.7157973945215995,1.3,1.3,0.8132700079336418,1.421982528007192,0.710991264003596,0.8951966564736398,0.7921909394011701,1.00517224827988,0.8882889540987564,2.1329737920107874,0.8294840451520017,0.9188569825108338,0.710991264003596,0.7396097636244567,0.7688921853291073,0.8183785762268797,1.421982528007192,0.7627082731637713,0.78427534010989,1.4538192025145489,0.7266221306243865,0.7238380990081603,1.421982528007192,0.7325945206040827,0.7354141545750863,0.7204559317745443,0.7187477417284811,1.0227863968814397,0.8754300401658357,0.710991264003596,0.8242586020205542,0.734808252786924,1.0168488026015778,0.7768041588098207,1.1206687071742871,1.5178218057065394,0.746210703465263,1.013085196367801,0.8364733073795363,0.8453937826952874,1.4441090041266929,0.7742403662576167,1.0239520164617164,0.735001130997347,0.7272422737211357,0.710991264003596,0.710991264003596,1.3,0.7382918051647894,0.7506444654549871,0.8782201054927667,0.7648964039848769,1.056076088469742,0.7661464966631587,0.9690099346151715,1.6106245323574564,0.8663355939957162,1.4340361962593229,0.7570716585756281,0.710991264003596,0.7244513013422915,0.8647142947037785,1.4416678800307134,1.1145785261051668,0.7397564750722663,0.7181814986286441,0.7654591891983904,1.2447332031781548,1.4438363164725225,1.0708938467057385,0.7706301726156222,0.7552358763764017,0.7132179796983138,0.7358878764317976,0.710991264003596,1.216857753824144,1.421982528007192,0.7226051283013932,0.8210400906351835,0.7138814163789449,0.8538599089860217,0.7453616501456817,0.710991264003596,0.7242426624826612,0.8803821230134722
4,33,0.8528591552826672,0.7519602140072876,0.7754587708741263,0.7910073433756477,0.7237079285877928,1.1729343434113186,0.8029152712258716,0.710991264003596,0.7284948456868829,1.2892575228859584,0.7292644797170471,0.7472054003366577,0.7484729407802093,0.7460311089187506,0.7157973945215995,1.3,1.3,0.8132700079336418,1.421982528007192,0.710991264003596,0.8951966564736398,0.7921909394011701,1.00517224827988,0.8882889540987564,2.1329737920107874,0.8294840451520017,0.9188569825108338,0.710991264003596,0.7396097636244567,0.7688921853291073,0.8183785762268797,1.421982528007192,0.7627082731637713,0.78427534010989,1.4538192025145489,0.7266221306243865,0.7238380990081603,1.421982528007192,0.7325945206040827,0.7354141545750863,0.7204559317745443,0.7187477417284811,1.0227863968814397,0.8754300401658357,0.710991264003596,0.8242586020205542,0.734808252786924,1.0168488026015778,0.7768041588098207,1.1206687071742871,1.5178218057065394,0.746210703465263,1.013085196367801,0.8364733073795363,0.8453937826952874,1.4441090041266929,0.7742403662576167,1.0239520164617164,0.735001130997347,0.7272422737211357,0.710991264003596,0.710991264003596,1.3,0.7382918051647894,0.7506444654549871,0.8782201054927667,0.7648964039848769,1.056076088469742,0.7661464966631587,0.9690099346151715,1.6106245323574564,0.8663355939957162,1.4340361962593229,0.7570716585756281,0.710991264003596,0.7244513013422915,0.8647142947037785,1.4416678800307134,1.1145785261051668,0.7397564750722663,0.7181814986286441,0.7654591891983904,1.2447332031781548,1.4438363164725225,1.0708938467057385,0.7706301726156222,0.7552358763764017,0.7132179796983138,0.7358878764317976,0.710991264003596,1.216857753824144,1.421982528007192,0.7226051283013932,0.8210400906351835,0.7138814163789449,0.8538599089860217,0.7453616501456817,0.710991264003596,0.7242426624826612,0.8803821230134722
4,34,0.8528591552826672,0.7519602140072876,0.7754587708741263,0.7910073433756477,0.7237079285877928,1.1729343434113186,0.8029152712258716,0.710991264003596,0.7284948456868829,1.2892575228859584,0.7292644797170471,0.7472054003366577,0.7484729407802093,0.7460311089187506,0.7157973945215995,1.3,1.3,0.8132700079336418,1.421982528007192,0.710991264003596,0.8951966564736398,0.7921909394011701,1.00517224827988,0.8882889540987564,2.1329737920107874,0.8294840451520017,0.9188569825108338,0.710991264003596,0.7396097636244567,0.7688921853291073,0.8183785762268797,1.421982528007192,0.7627082731637713,0.78427534010989,1.4538192025145489,0.7266221306243865,0.7238380990081603,1.421982528007192,0.7325945206040827,0.7354141545750863,0.7204559317745443,0.7187477417284811,1.0227863968814397,0.8754300401658357,0.710991264003596,0.8242586020205542,0.734808252786924,1.0168488026015778,0.7768041588098207,1.1206687071742871,1.5178218057065394,0.746210703465263,1.013085196367801,0.8364733073795363,0.8453937826952874,1.4441090041266929,0.7742403662576167,1.0239520164617164,0.735001130997347,0.7272422737211357,0.710991264003596,0.710991264003596,1.3,0.7382918051647894,0.7506444654549871,0.8782201054927667,0.7648964039848769,1.056076088469742,0.7661464966631587,0.9690099346151715,1.6106245323574564,0.8663355939957162,1.4340361962593229,0.7570716585756281,0.710991264003596,0.7244513013422915,0.8647142947037785,1.4416678800307134,1.1145785261051668,0.7397564750722663,0.7181814986286441,0.7654591891983904,1.2447332031781548,1.4438363164725225,1.0708938467057385,0.7706301726156222,0.7552358763764017,0.7132179796983138,0.7358878764317976,0.710991264003596,1.216857753824144,1.421982528007192,0.7226051283013932,0.8210400906351835,0.7138814163789449,0.8538599089860217,0.7453616501456817,0.710991264003596,0.7242426624826612,0.8803821230134722
4,35,0.8528591552826672,0.7519602140072876,0.7754587708741263,0.7910073433756477,0.7237079285877928,1.1729343434113186,0.8029152712258716,0.710991264003596,0.7284948456868829,1.2892575228859584,0.7292644797170471,0.7472054003366577,0.7484729407802093,0.7460311089187506,0.7157973945215995,1.3,1.3,0.8132700079336418,1.421982528007192,0.710991264003596,0.8951966564736398,0.7921909394011701,1.00517224827988,0.8882889540987564,2.1329737920107874,0.8294840451520017,0.9188569825108338,0.710991264003596,0.7396097636244567,0.7688921853291073,0.8183785762268797,1.421982528007192,0.7627082731637713,0.78427534010989,1.4538192025145489,0.7266221306243865,0.7238380990081603,1.421982528007192,0.7325945206040827,0.7354141545750863,0.7204559317745443,0.7187477417284811,1.0227863968814397,0.8754300401658357,0.710991264003596,0.8242586020205542,0.734808252786924,1.0168488026015778,0.7768041588098207,1.1206687071742871,1.5178218057065394,0.746210703465263,1.013085196367801,0.8364733073795363,0.8453937826952874,1.4441090041266929,0.7742403662576167,1.0239520164617164,0.735001130997347,0.7272422737211357,0.710991264003596,0.710991264003596,1.3,0.7382918051647894,0.7506444654549871,0.8782201054927667,0.7648964039848769,1.056076088469742,0.7661464966631587,0.9690099346151715,1.6106245323574564,0.8663355939957162,1.4340361962593229,0.7570716585756281,0.710991264003596,0.7244513013422915,0.8647142947037785,1.4416678800307134,1.1145785261051668,0.7397564750722663,0.7181814986286441,0.7654591891983904,1.2447332031781548,1.4438363164725225,1.0708938467057385,0.7706301726156222,0.7552358763764017,0.7132179796983138,0.7358878764317976,0.710991264003596,1.216857753824144,1.421982528007192,0.7226051283013932,0.8210400906351835,0.7138814163789449,0.8538599089860217,0.7453616501456817,0.710991264003596,0.7242426624826612,0.8803821230134722
4,36,0.8528591552826672,0.7519602140072876,0.7754587708741263,0.7910073433756477,0.7237079285877928,1.1729343434113186,0.8029152712258716,0.710991264003596,0.7284948456868829,1.2892575228859584,0.7292644797170471,0.7472054003366577,0.7484729407802093,0.7460311089187506,0.7157973945215995,1.3,1.3,0.8132700079336418,1.421982528007192,0.710991264003596,0.8951966564736398,0.7921909394011701,1.00517224827988,0.8882889540987564,2.1329737920107874,0.8294840451520017,0.9188569825108338,0.710991264003596,0.7396097636244567,0.7688921853291073,0.8183785762268797,1.421982528007192,0.7627082731637713,0.78427534010989,1.4538192025145489,0.7266221306243865,0.7238380990081603,1.421982528007192,0.7325945206040827,0.7354141545750863,0.7204559317745443,0.7187477417284811,1.0227863968814397,0.8754300401658357,0.710991264003596,0.8242586020205542,0.734808252786924,1.0168488026015778,0.7768041588098207,1.1206687071742871,1.5178218057065394,0.746210703465263,1.013085196367801,0.8364733073795363,0.8453937826952874,1.4441090041266929,0.7742403662576167,1.0239520164617164,0.735001130997347,0.7272422737211357,0.710991264003596,0.710991264003596,1.3,0.7382918051647894,0.7506444654549871,0.8782201054927667,0.7648964039848769,1.056076088469742,0.7661464966631587,0.9690099346151715,1.6106245323574564,0.8663355939957162,1.4340361962593229,0.7570716585756281,0.710991264003596,0.7244513013422915,0.8647142947037785,1.4416678800307134,1.1145785261051668,0.7397564750722663,0.7181814986286441,0.7654591891983904,1.2447332031781548,1.4438363164725225,1.0708938467057385,0.7706301726156222,0.7552358763764017,0.7132179796983138,0.7358878764317976,0.710991264003596,1.216857753824144,1.421982528007192,0.7226051283013932,0.8210400906351835,0.7138814163789449,0.8538599089860217,0.7453616501456817,0.710991264003596,0.7242426624826612,0.8803821230134722
4,37,0.8528591552826672,0.7519602140072876,0.7754587708741263,0.7910073433756477,0.7237079285877928,1.1729343434113186,0.8029152712258716,0.710991264003596,0.7284948456868829,1.2892575228859584,0.7292644797170471,0.7472054003366577,0.7484729407802093,0.7460311089187506,0.7157973945215995,1.3,1.3,0.8132700079336418,1.421982528007192,0.710991264003596,0.8951966564736398,0.7921909394011701,1.00517224827988,0.8882889540987564,2.1329737920107874,0.8294840451520017,0.9188569825108338,0.710991264003596,0.7396097636244567,0.7688921853291073,0.8183785762268797,1.421982528007192,0.7627082731637713,0.78427534010989,1.4538192025145489,0.7266221306243865,0.7238380990081603,1.421982528007192,0.7325945206040827,0.7354141545750863,0.7204559317745443,0.7187477417284811,1.0227863968814397,0.8754300401658357,0.710991264003596,0.8242586020205542,0.734808252786924,1.0168488026015778,0.7768041588098207,1.1206687071742871,1.5178218057065394,0.746210703465263,1.013085196367801,0.8364733073795363,0.8453937826952874,1.4441090041266929,0.7742403662576167,1.0239520164617164,0.735001130997347,0.7272422737211357,0.710991264003596,0.710991264003596,1.3,0.7382918051647894,0.7506444654549871,0.8782201054927667,0.7648964039848769,1.056076088469742,0.7661464966631587,0.9690099346151715,1.6106245323574564,0.8663355939957162,1.4340361962593229,0.7570716585756281,0.710991264003596,0.7244513013422915,0.8647142947037785,1.4416678800307134,1.1145785261051668,0.7397564750722663,0.7181814986286441,0.7654591891983904,1.2447332031781548,1.4438363164725225,1.0708938467057385,0.7706301726156222,0.7552358763764017,0.7132179796983138,0.7358878764317976,0.710991264003596,1.216857753824144,1.421982528007192,0.7226051283013932,0.8210400906351835,0.7138814163789449,0.8538599089860217,0.7453616501456817,0.710991264003596,0.7242426624826612,0.8803821230134722
4,38,0.8528591552826672,0.7519602140072876,0.7754587708741263,0.7910073433756477,0.7237079285877928,1.1729343434113186,0.8029152712258716,0.710991264003596,0.7284948456868829,1.2892575228859584,0.7292644797170471,0.7472054003366577,0.7484729407802093,0.7460311089187506,0.7157973945215995,1.3,1.3,0.8132700079336418,1.421982528007192,0.710991264003596,0.8951966564736398,0.7921909394011701,1.00517224827988,0.8882889540987564,2.1329737920107874,0.8294840451520017,0.9188569825108338,0.710991264003596,0.7396097636244567,0.7688921853291073,0.8183785762268797,1.421982528007192,0.7627082731637713,0.78427534010989,1.4538192025145489,0.7266221306243865,0.7238380990081603,1.421982528007192,0.7325945206040827,0.7354141545750863,0.7204559317745443,0.7187477417284811,1.0227863968814397,0.8754300401658357,0.710991264003596,0.8242586020205542,0.734808252786924,1.0168488026015778,0.7768041588098207,1.1206687071742871,1.5178218057065394,0.746210703465263,1.013085196367801,0.8364733073795363,0.8453937826952874,1.4441090041266929,0.7742403662576167,1.0239520164617164,0.735001130997347,0.7272422737211357,0.710991264003596,0.710991264003596,1.3,0.7382918051647894,0.7506444654549871,0.8782201054927667,0.7648964039848769,1.056076088469742,0.7661464966631587,0.9690099346151715,1.6106245323574564,0.8663355939957162,1.4340361962593229,0.7570716585756281,0.710991264003596,0.7244513013422915,0.8647142947037785,1.4416678800307134,1.1145785261051668,0.7397564750722663,0.7181814986286441,0.7654591891983904,1.2447332031781548,1.4438363164725225,1.0708938467057385,0.7706301726156222,0.7552358763764017,0.7132179796983138,0.7358878764317976,0.710991264003596,1.216857753824144,1.421982528007192,0.7226051283013932,0.8210400906351835,0.7138814163789449,0.8538599089860217,0.7453616501456817,0.710991264003596,0.7242426624826612,0.8803821230134722
4,39,0.8528591552826672,0.7519602140072876,0.7754587708741263,0.7910073433756477,0.7237079285877928,1.1729343434113186,0.8029152712258716,0.710991264003596,0.7284948456868829,1.2892575228859584,0.7292644797170471,0.7472054003366577,0.7484729407802093,0.7460311089187506,0.7157973945215995,1.3,1.3,0.8132700079336418,1.421982528007192,0.710991264003596,0.8951966564736398,0.7921909394011701,1.00517224827988,0.8882889540987564,2.1329737920107874,0.8294840451520017,0.9188569825108338,0.710991264003596,0.7396097636244567,0.7688921853291073,0.8183785762268797,1.421982528007192,0.7627082731637713,0.78427534010989,1.4538192025145489,0.7266221306243865,0.7238380990081603,1.421982528007192,0.7325945206040827,0.7354141545750863,0.7204559317745443,0.7187477417284811,1.0227863968814397,0.8754300401658357,0.710991264003596,0.8242586020205542,0.734808252786924,1.0168488026015778,0.7768041588098207,1.1206687071742871,1.5178218057065394,0.746210703465263,1.013085196367801,0.8364733073795363,0.8453937826952874,1.4441090041266929,0.7742403662576167,1.0239520164617164,0.735001130997347,0.7272422737211357,0.710991264003596,0.710991264003596,1.3,0.7382918051647894,0.7506444654549871,0.8782201054927667,0.7648964039848769,1.056076088469742,0.7661464966631587,0.9690099346151715,1.6106245323574564,0.8663355939957162,1.4340361962593229,0.7570716585756281,0.710991264003596,0.7244513013422915,0.8647142947037785,1.4416678800307134,1.1145785261051668,0.7397564750722663,0.7181814986286441,0.7654591891983904,1.2447332031781548,1.4438363164725225,1.0708938467057385,0.7706301726156222,0.7552358763764017,0.7132179796983138,0.7358878764317976,0.710991264003596,1.216857753824144,1.421982528007192,0.7226051283013932,0.8210400906351835,0.7138814163789449,0.8538599089860217,0.7453616501456817,0.710991264003596,0.7242426624826612,0.8803821230134722
5,0,0.7157973945215995,1.0168488026015778,1.3,0.755154019594141,0.710991264003596,0.7364893069385405,0.710991264003596,0.713878745908916,0.9188569825108338,0.7292644797170471,0.8951966564736398,1.421982528007192,0.7717865951503811,0.8528591552826672,0.7238380990081603,0.805419762454434,0.8029152712258716,0.8799450806867001,0.7396097636244567,0.710991264003596,0.7344472822276941,0.8500456873833169,0.7921909394011701,0.7178865356202236,0.8816422353928179,0.710991264003596,1.0030332487795226,0.9173617918114169,0.8344446937056109,0.7354141545750863,0.8730793923527911,0.7572452426352019,0.7284948456868829,0.8242586020205542,1.0206713109158585,1.4538192025145489,1.109944899606653,0.7688921853291073,0.710991264003596,0.8754300401658357,0.7754587708741263,0.78427534010989,0.7566599479587888,0.710991264003596,0.710991264003596,1.3,0.7768041588098207,0.8291116899659319,0.7187477417284811,0.8294840451520017,0.7293052161954712,0.7841539067673438,0.7153971904275653,0.7250744347445313,0.9102844421896897,0.8781350653972434,0.7269666160090276,0.7448798952229778,0.9438452857385801,0.9148579503872968,0.710991264003596,0.745605530743489,0.723217131279049,0.7361375724146605,0.7451835222799201,1.4300221309381458,0.7359228235660995,0.7134317385851925,0.8538999123018727,0.8941997283542013,0.7127505756114364,0.7549164457135994,0.8111615367429849,0.8184599452119907,0.7789804426653308,0.8500917358409881,0.791282207852531,0.740197041740702,0.9792901783498247,0.7552034498351905,1.1168992975944811,1.0296295726298845,0.7826259224246137,0.7809525866294925,0.9015922236046433,0.7215534318058283,1.5542790382900815,0.7189740923188437,1.3,0.710991264003596,0.7390130032415563,1.4309029258371568,0.9364921448015152,0.7491188260124598,1.3,0.7622939524928307,1.0029557415036738,0.786613215119921,0.9012010847524835,0.8244021825171761
5,1,0.7157973945215995,1.0168488026015778,1.3,0.755154019594141,0.710991264003596,0.7364893069385405,0.710991264003596,0.713878745908916,0.9188569825108338,0.7292644797170471,0.8951966564736398,1.421982528007192,0.7717865951503811,0.8528591552826672,0.7238380990081603,0.805419762454434,0.8029152712258716,1.4913910471562724,0.7396097636244567,0.710991264003596,0.7344472822276941,0.8500456873833169,0.7921909394011701,0.7178865356202236,0.8816422353928179,0.710991264003596,1.0030332487795226,0.9173617918114169,0.8344446937056109,0.7354141545750863,0.8730793923527911,0.7572452426352019,0.7284948456868829,0.8242586020205542,1.0206713109158585,1.4538192025145489,1.109944899606653,0.7688921853291073,0.710991264003596,0.8754300401658357,0.7754587708741263,0.78427534010989,0.7566599479587888,0.710991264003596,0.710991264003596,1.3,0.7768041588098207,0.8291116899659319,0.7187477417284811,0.8294840451520017,1.4482748487424497,0.7841539067673438,0.7153971904275653,0.7250744347445313,0.9102844421896897,0.8781350653972434,0.7269666160090276,1.421982528007192,0.9438452857385801,1.2924335122885036,0.7476673397278759,0.745605530743489,0.723217131279049,0.7361375724146605,0.7451835222799201,1.4300221309381458,0.7359228235660995,0.7134317385851925,0.8538999123018727,0.8941997283542013,0.7127505756114364,0.7549164457135994,0.8111615367429849,0.8184599452119907,0.7789804426653308,0.8736983107624723,0.788072346919795,0.740197041740702,0.9792901783498247,0.7344208523798295,0.9420161768849961,1.0296295726298845,0.7826259224246137,0.7809525866294925,0.9015922236046433,0.7215534318058283,1.5542790382900815,0.7309453042976757,0.7259165353121722,0.710991264003596,0.710991264003596,1.4309029258371568,0.9364921448015152,0.7491188260124598,0.9874493661950245,0.8291171287789474,0.741687058036324,0.7874511305585508,1.0053885379976297,0.7794546359895105
5,2,0.7157973945215995,1.0168488026015778,1.3,0.755154019594141,0.710991264003596,0.7364893069385405,0.710991264003596,1.421982528007192,0.8599302287347637,0.7292644797170471,0.8951966564736398,1.421982528007192,0.7717865951503811,0.8528591552826672,0.7238380990081603,0.805419762454434,0.8029152712258716,1.4913910471562724,0.7396097636244567,0.710991264003596,0.7344472822276941,0.8500456873833169,0.7921909394011701,0.7178865356202236,0.8816422353928179,0.710991264003596,1.0030332487795226,0.9173617918114169,0.8344446937056109,0.7354141545750863,0.8730793923527911,0.7572452426352019,0.7284948456868829,0.8242586020205542,1.0206713109158585,1.4538192025145489,1.109944899606653,0.7688921853291073,0.710991264003596,0.8754300401658357,0.7754587708741263,0.78427534010989,0.7566599479587888,0.710991264003596,0.710991264003596,1.4949565865917718,0.7219630185804893,0.8291116899659319,0.7187477417284811,0.8294840451520017,1.4482748487424497,0.7841539067673438,0.7153971904275653,0.794008493028074,0.7865623164687326,0.8781350653972434,0.7269666160090276,1.421982528007192,0.9438452857385801,1.2924335122885036,0.7476673397278759,0.745605530743489,0.723217131279049,0.7361375724146605,1.4755055268255082,1.4300221309381458,0.8190142131622306,0.7134317385851925,0.8538999123018727,0.8941997283542013,0.7127505756114364,0.7549164457135994,0.8111615367429849,1.190687387344574,0.7789804426653308,0.8736983107624723,0.788072346919795,1.1793054360372017,0.9792901783498247,0.7344208523798295,0.9420161768849961,0.8185688553259403,0.7289446777286672,1.536284457544863,0.9015922236046433,0.722519902738233,1.5542790382900815,0.7351073314129265,0.7277779729978031,0.710991264003596,0.711124668017299,0.9264615799603528,0.9102744578318698,0.7567232966278803,0.8773464741472142,0.8016638521980093,0.7777251107195959,0.8101467624770818,0.9446890359115597,0.787352359533205
5,3,0.7157973945215995,1.0168488026015778,1.3,0.755154019594141,0.710991264003596,0.7364893069385405,0.710991264003596,1.421982528007192,0.8599302287347637,0.7292644797170471,0.8951966564736398,1.421982528007192,0.7717865951503811,0.8528591552826672,0.7238380990081603,0.805419762454434,0.8029152712258716,1.4913910471562724,0.7396097636244567,0.710991264003596,0.7344472822276941,0.8500456873833169,0.7921909394011701,1.559359978841357,0.794145937445541,0.710991264003596,1.0030332487795226,0.9173617918114169,0.8344446937056109,0.7354141545750863,0.8730793923527911,0.7572452426352019,0.7284948456868829,0.8242586020205542,1.0206713109158585,1.4538192025145489,1.109944899606653,0.7688921853291073,0.710991264003596,0.8754300401658357,0.7754587708741263,0.78427534010989,0.7566599479587888,0.710991264003596,0.710991264003596,1.4949565865917718,0.7219630185804893,0.8291116899659319,0.7187477417284811,0.8294840451520017,1.4482748487424497,0.7841539067673438,0.7153971904275653,0.794008493028074,0.7865623164687326,0.8781350653972434,0.7269666160090276,1.421982528007192,0.9438452857385801,1.2924335122885036,0.7476673397278759,0.7557222997312683,0.9228548378372267,0.7361375724146605,1.4755055268255082,1.4300221309381458,0.8190142131622306,0.7134317385851925,0.8538999123018727,0.8941997283542013,0.7127505756114364,0.7549164457135994,0.8111615367429849,1.190687387344574,0.7789804426653308,0.8736983107624723,0.788072346919795,1.1793054360372017,0.9792901783498247,0.7344208523798295,0.9420161768849961,0.8587261682026418,0.7716211208715364,1.536284457544863,0.7435639323602571,0.722519902738233,1.5542790382900815,0.7351073314129265,0.7277779729978031,0.710991264003596,0.711124668017299,0.9557256185996977,0.9369257272317935,0.7567232966278803,0.8773464741472142,0.8016638521980093,0.7878645993161666,0.7868547728622717,0.9542528194921819,0.7830518531142238
5,4,0.7157973945215995,1.0168488026015778,1.3,0.755154019594141,0.710991264003596,0.7364893069385405,0.710991264003596,1.421982528007192,0.8599302287347637,0.7292644797170471,0.8951966564736398,1.421982528007192,0.7717865951503811,0.8528591552826672,0.7238380990081603,0.805419762454434,0.8029152712258716,1.4913910471562724,0.7396097636244567,0.710991264003596,0.7344472822276941,0.8500456873833169,0.7921909394011701,1.559359978841357,0.794145937445541,0.710991264003596,1.0030332487795226,0.9173617918114169,0.8344446937056109,0.7354141545750863,0.8730793923527911,0.7572452426352019,0.7284948456868829,0.8242586020205542,1.0206713109158585,1.4538192025145489,1.109944899606653,0.7688921853291073,0.710991264003596,0.8754300401658357,0.7754587708741263,0.78427534010989,0.7566599479587888,0.710991264003596,0.710991264003596,1.4949565865917718,0.7219630185804893,0.8291116899659319,0.7187477417284811,0.8294840451520017,1.4482748487424497,0.7841539067673438,0.7153971904275653,0.794008493028074,0.7865623164687326,0.8781350653972434,0.7269666160090276,1.421982528007192,0.9438452857385801,1.2924335122885036,0.7476673397278759,0.7557222997312683,0.9228548378372267,0.7361375724146605,1.4755055268255082,1.4300221309381458,0.8190142131622306,0.7134317385851925,0.8538999123018727,0.8941997283542013,0.7127505756114364,0.7549164457135994,0.8111615367429849,1.190687387344574,0.7789804426653308,0.8736983107624723,0.788072346919795,1.1793054360372017,0.9792901783498247,0.7344208523798295,0.9420161768849961,0.8587261682026418,0.7716211208715364,1.536284457544863,0.7435639323602571,0.722519902738233,1.5542790382900815,0.7351073314129265,0.7277779729978031,0.710991264003596,0.711124668017299,0.9557256185996977,0.9369257272317935,0.7567232966278803,0.8773464741472142,0.8016638521980093,0.7878645993161666,0.7868547728622717,0.9542528194921819,0.7830518531142238
5,5,0.7157973945215995,1.0168488026015778,1.3,0.755154019594141,0.710991264003596,0.7364893069385405,0.710991264003596,1.421982528007192,0.8599302287347637,0.7292644797170471,0.8951966564736398,1.421982528007192,0.7717865951503811,0.8528591552826672,0.7238380990081603,0.805419762454434,0.8029152712258716,1.4913910471562724,0.7396097636244567,0.710991264003596,0.7344472822276941,0.8500456873833169,0.7921909394011701,1.559359978841357,0.794145937445541,0.710991264003596,1.0030332487795226,0.9173617918114169,0.8344446937056109,0.7354141545750863,0.8730793923527911,0.7572452426352019,0.7284948456868829,0.8242586020205542,1.0206713109158585,1.4538192025145489,1.109944899606653,0.7688921853291073,0.710991264003596,0.8754300401658357,0.7754587708741263,0.78427534010989,0.7566599479587888,0.710991264003596,0.710991264003596,1.4949565865917718,0.7219630185804893,0.8291116899659319,0.7187477417284811,0.8294840451520017,1.4482748487424497,0.7841539067673438,0.7153971904275653,0.794008493028074,0.7865623164687326,0.8781350653972434,0.7269666160090276,1.421982528007192,0.9438452857385801,1.2924335122885036,0.7476673397278759,0.7557222997312683,0.9228548378372267,0.7361375724146605,1.4755055268255082,1.4300221309381458,0.8190142131622306,0.7134317385851925,0.8538999123018727,0.8941997283542013,0.7127505756114364,0.7549164457135994,0.8111615367429849,1.190687387344574,0.7789804426653308,0.8736983107624723,0.788072346919795,1.1793054360372017,0.9792901783498247,0.7344208523798295,0.9420161768849961,0.8587261682026418,0.7716211208715364,1.536284457544863,0.7435639323602571,0.722519902738233,1.5542790382900815,0.7351073314129265,0.7277779729978031,0.710991264003596,0.711124668017299,0.9557256185996977,0.9369257272317935,0.7567232966278803,0.8773464741472142,0.8016638521980093,0.7878645993161666,0.7868547728622717,0.9542528194921819,0.7830518531142238
5,6,0.7157973945215995,1.0168488026015778,1.3,0.755154019594141,0.710991264003596,0.7364893069385405,0.710991264003596,1.421982528007192,0.8599302287347637,0.7292644797170471,0.8951966564736398,1.421982528007192,0.7717865951503811,0.8528591552826672,0.7238380990081603,0.805419762454434,0.8029152712258716,1.4913910471562724,0.7396097636244567,0.710991264003596,0.7344472822276941,0.8500456873833169,0.7921909394011701,1.559359978841357,0.794145937445541,0.710991264003596,1.0030332487795226,0.9173617918114169,0.8344446937056109,0.7354141545750863,0.8730793923527911,0.7572452426352019,0.7284948456868829,0.8242586020205542,1.0206713109158585,1.4538192025145489,1.109944899606653,0.7688921853291073,0.710991264003596,0.8754300401658357,0.7754587708741263,0.78427534010989,0.7566599479587888,0.710991264003596,0.710991264003596,1.4949565865917718,0.7219630185804893,0.8291116899659319,0.7187477417284811,0.8294840451520017,1.4482748487424497,0.7841539067673438,0.7153971904275653,0.794008493028074,0.7865623164687326,0.8781350653972434,0.7269666160090276,1.421982528007192,0.9438452857385801,1.2924335122885036,0.7476673397278759,0.7557222997312683,0.9228548378372267,0.7361375724146605,1.4755055268255082,1.4300221309381458,0.8190142131622306,0.7134317385851925,0.8538999123018727,0.8941997283542013,0.7127505756114364,0.7549164457135994,0.8111615367429849,1.190687387344574,0.7789804426653308,0.8736983107624723,0.788072346919795,1.1793054360372017,0.9792901783498247,0.7344208523798295,0.9420161768849961,0.8587261682026418,0.7716211208715364,1.536284457544863,0.7435639323602571,0.722519902738233,1.5542790382900815,0.7351073314129265,0.7277779729978031,0.710991264003596,0.711124668017299,0.9557256185996977,0.9369257272317935,0.7567232966278803,0.8773464741472142,0.8016638521980093,0.7878645993161666,0.7868547728622717,0.9542528194921819,0.7830518531142238
5,7,0.7157973945215995,1.0168488026015778,1.3,0.755154019594141,0.710991264003596,0.7364893069385405,0.710991264003596,1.421982528007192,0.8599302287347637,0.7292644797170471,0.8951966564736398,1.421982528007192,0.7717865951503811,0.8528591552826672,0.7238380990081603,0.805419762454434,0.8029152712258716,1.4913910471562724,0.7396097636244567,0.710991264003596,0.7344472822276941,0.8500456873833169,0.7921909394011701,1.559359978841357,0.794145937445541,0.710991264003596,1.0030332487795226,0.9173617918114169,0.8344446937056109,0.7354141545750863,0.8730793923527911,0.7572452426352019,0.7284948456868829,0.8242586020205542,1.0206713109158585,1.4538192025145489,1.109944899606653,0.7688921853291073,0.710991264003596,0.8754300401658357,0.7754587708741263,0.78427534010989,0.7566599479587888,0.710991264003596,0.710991264003596,1.4949565865917718,0.7219630185804893,0.8291116899659319,0.7187477417284811,0.8294840451520017,1.4482748487424497,0.7841539067673438,0.7153971904275653,0.794008493028074,0.7865623164687326,0.8781350653972434,0.7269666160090276,1.421982528007192,0.9438452857385801,1.2924335122885036,0.7476673397278759,0.7557222997312683,0.9228548378372267,0.7361375724146605,1.4755055268255082,1.4300221309381458,0.8190142131622306,0.7134317385851925,0.8538999123018727,0.8941997283542013,0.7127505756114364,0.7549164457135994,0.8111615367429849,1.190687387344574,0.7789804426653308,0.8736983107624723,0.788072346919795,1.1793054360372017,0.9792901783498247,0.7344208523798295,0.9420161768849961,0.8587261682026418,0.7716211208715364,1.536284457544863,0.7435639323602571,0.722519902738233,1.5542790382900815,0.7351073314129265,0.7277779729978031,0.710991264003596,0.711124668017299,0.9557256185996977,0.9369257272317935,0.7567232966278803,0.8773464741472142,0.8016638521980093,0.7878645993161666,0.7868547728622717,0.9542528194921819,0.7830518531142238
5,8,0.7157973945215995,1.0168488026015778,1.3,0.755154019594141,0.710991264003596,0.7364893069385405,0.710991264003596,1.421982528007192,0.8599302287347637,0.7292644797170471,0.8951966564736398,1.421982528007192,0.7717865951503811,0.8528591552826672,0.7238380990081603,0.805419762454434,0.8029152712258716,1.4913910471562724,0.7396097636244567,0.710991264003596,0.7344472822276941,0.8500456873833169,0.7921909394011701,1.559359978841357,0.794145937445541,0.710991264003596,1.0030332487795226,0.9173617918114169,0.8344446937056109,0.7354141545750863,0.8730793923527911,0.7572452426352019,0.7284948456868829,0.8242586020205542,1.0206713109158585,1.4538192025145489,1.109944899606653,0.7688921853291073,0.710991264003596,0.8754300401658357,0.7754587708741263,0.78427534010989,0.7566599479587888,0.710991264003596,0.710991264003596,1.4949565865917718,0.7219630185804893,0.8291116899659319,0.7187477417284811,0.8294840451520017,1.4482748487424497,0.7841539067673438,0.7153971904275653,0.794008493028074,0.7865623164687326,0.8781350653972434,0.7269666160090276,1.421982528007192,0.9438452857385801,1.2924335122885036,0.7476673397278759,0.7557222997312683,0.9228548378372267,0.7361375724146605,1.4755055268255082,1.4300221309381458,0.8190142131622306,0.7134317385851925,0.8538999123018727,0.8941997283542013,0.7127505756114364,0.7549164457135994,0.8111615367429849,1.190687387344574,0.7789804426653308,0.8736983107624723,0.788072346919795,1.1793054360372017,0.9792901783498247,0.7344208523798295,0.9420161768849961,0.8587261682026418,0.7716211208715364,1.536284457544863,0.7435639323602571,0.722519902738233,1.5542790382900815,0.7351073314129265,0.7277779729978031,0.710991264003596,0.711124668017299,0.9557256185996977,0.9369257272317935,0.7567232966278803,0.8773464741472142,0.8016638521980093,0.7878645993161666,0.7868547728622717,0.9542528194921819,0.7830518531142238
5,9,0.7157973945215995,1.0168488026015778,1.3,0.755154019594141,0.710991264003596,0.7364893069385405,0.710991264003596,1.421982528007192,0.8599302287347637,0.7292644797170471,0.8951966564736398,1.421982528007192,0.7717865951503811,0.8528591552826672,0.7238380990081603,0.805419762454434,0.8029152712258716,1.4913910471562724,0.7396097636244567,0.710991264003596,0.7344472822276941,0.8500456873833169,0.7921909394011701,1.559359978841357,0.794145937445541,0.710991264003596,1.0030332487795226,0.9173617918114169,0.8344446937056109,0.7354141545750863,0.8730793923527911,0.7572452426352019,0.7284948456868829,0.8242586020205542,1.0206713109158585,1.4538192025145489,1.109944899606653,0.7688921853291073,0.710991264003596,0.8754300401658357,0.7754587708741263,0.78427534010989,0.7566599479587888,0.710991264003596,0.710991264003596,1.4949565865917718,0.7219630185804893,0.8291116899659319,0.7187477417284811,0.8294840451520017,1.4482748487424497,0.7841539067673438,0.7153971904275653,0.794008493028074,0.7865623164687326,0.8781350653972434,0.7269666160090276,1.421982528007192,0.9438452857385801,1.2924335122885036,0.7476673397278759,0.7557222997312683,0.9228548378372267,0.7361375724146605,1.4755055268255082,1.4300221309381458,0.8190142131622306,0.7134317385851925,0.8538999123018727,0.8941997283542013,0.7127505756114364,0.7549164457135994,0.8111615367429849,1.190687387344574,0.7789804426653308,0.8736983107624723,0.788072346919795,1.1793054360372017,0.9792901783498247,0.7344208523798295,0.9420161768849961,0.8587261682026418,0.7716211208715364,1.536284457544863,0.7435639323602571,0.722519902738233,1.5542790382900815,0.7351073314129265,0.7277779729978031,0.710991264003596,0.711124668017299,0.9557256185996977,0.9369257272317935,0.7567232966278803,0.8773464741472142,0.8016638521980093,0.7878645993161666,0.7868547728622717,0.9542528194921819,0.7830518531142238
5,10,0.7157973945215995,1.0168488026015778,1.3,0.755154019594141,0.710991264003596,0.7364893069385405,0.710991264003596,1.421982528007192,0.8599302287347637,0.7292644797170471,0.8951966564736398,1.421982528007192,0.7717865951503811,0.8528591552826672,0.7238380990081603,0.805419762454434,0.8029152712258716,1.4913910471562724,0.7396097636244567,0.710991264003596,0.7344472822276941,0.8500456873833169,0.7921909394011701,1.559359978841357,0.794145937445541,0.710991264003596,1.0030332487795226,0.9173617918114169,0.8344446937056109,0.7354141545750863,0.8730793923527911,0.7572452426352019,0.7284948456868829,0.8242586020205542,1.0206713109158585,1.4538192025145489,1.109944899606653,0.7688921853291073,0.710991264003596,0.8754300401658357,0.7754587708741263,0.78427534010989,0.7566599479587888,0.710991264003596,0.710991264003596,1.4949565865917718,0.7219630185804893,0.8291116899659319,0.7187477417284811,0.8294840451520017,1.4482748487424497,0.7841539067673438,0.7153971904275653,0.794008493028074,0.7865623164687326,0.8781350653972434,0.7269666160090276,1.421982528007192,0.9438452857385801,1.2924335122885036,0.7476673397278759,0.7557222997312683,0.9228548378372267,0.7361375724146605,1.4755055268255082,1.4300221309381458,0.8190142131622306,0.7134317385851925,0.8538999123018727,0.8941997283542013,0.7127505756114364,0.7549164457135994,0.8111615367429849,1.190687387344574,0.7789804426653308,0.8736983107624723,0.788072346919795,1.1793054360372017,0.9792901783498247,0.7344208523798295,0.9420161768849961,0.8587261682026418,0.7716211208715364,1.536284457544863,0.7435639323602571,0.722519902738233,1.5542790382900815,0.7351073314129265,0.7277779729978031,0.710991264003596,0.711124668017299,0.9557256185996977,0.9369257272317935,0.7567232966278803,0.8773464741472142,0.8016638521980093,0.7878645993161666,0.7868547728622717,0.9542528194921819,0.7830518531142238
5,11,0.7157973945215995,1.0168488026015778,1.3,0.755154019594141,0.710991264003596,0.7364893069385405,0.710991264003596,1.421982528007192,0.8599302287347637,0.7292644797170471,0.8951966564736398,1.421982528007192,0.7717865951503811,0.8528591552826672,0.7238380990081603,0.805419762454434,0.8029152712258716,1.4913910471562724,0.7396097636244567,0.710991264003596,0.7344472822276941,0.8500456873833169,0.7921909394011701,1.559359978841357,0.794145937445541,0.710991264003596,1.0030332487795226,0.9173617918114169,0.8344446937056109,0.7354141545750863,0.8730793923527911,0.7572452426352019,0.7284948456868829,0.8242586020205542,1.0206713109158585,1.4538192025145489,1.109944899606653,0.7688921853291073,0.710991264003596,0.8754300401658357,0.7754587708741263,0.78427534010989,0.7566599479587888,0.710991264003596,0.710991264003596,1.4949565865917718,0.7219630185804893,0.8291116899659319,0.7187477417284811,0.8294840451520017,1.4482748487424497,0.7841539067673438,0.7153971904275653,0.794008493028074,0.7865623164687326,0.8781350653972434,0.7269666160090276,1.421982528007192,0.9438452857385801,1.2924335122885036,0.7476673397278759,0.7557222997312683,0.9228548378372267,0.7361375724146605,1.4755055268255082,1.4300221309381458,0.8190142131622306,0.7134317385851925,0.8538999123018727,0.8941997283542013,0.7127505756114364,0.7549164457135994,0.8111615367429849,1.190687387344574,0.7789804426653308,0.8736983107624723,0.788072346919795,1.1793054360372017,0.9792901783498247,0.7344208523798295,0.9420161768849961,0.8587261682026418,0.7716211208715364,1.536284457544863,0.7435639323602571,0.722519902738233,1.5542790382900815,0.7351073314129265,0.7277779729978031,0.710991264003596,0.711124668017299,0.9557256185996977,0.9369257272317935,0.7567232966278803,0.8773464741472142,0.8016638521980093,0.7878645993161666,0.7868547728622717,0.9542528194921819,0.7830518531142238
5,12,0.7157973945215995,1.0168488026015778,1.3,0.755154019594141,0.710991264003596,0.7364893069385405,0.710991264003596,1.421982528007192,0.8599302287347637,0.7292644797170471,0.8951966564736398,1.421982528007192,0.7717865951503811,0.8528591552826672,0.7238380990081603,0.805419762454434,0.8029152712258716,1.4913910471562724,0.7396097636244567,0.710991264003596,0.7344472822276941,0.8500456873833169,0.7921909394011701,1.559359978841357,0.794145937445541,0.710991264003596,1.0030332487795226,0.9173617918114169,0.8344446937056109,0.7354141545750863,0.8730793923527911,0.7572452426352019,0.7284948456868829,0.8242586020205542,1.0206713109158585,1.4538192025145489,1.109944899606653,0.7688921853291073,0.710991264003596,0.8754300401658357,0.7754587708741263,0.78427534010989,0.7566599479587888,0.710991264003596,0.710991264003596,1.4949565865917718,0.7219630185804893,0.8291116899659319,0.7187477417284811,0.8294840451520017,1.4482748487424497,0.7841539067673438,0.7153971904275653,0.794008493028074,0.7865623164687326,0.8781350653972434,0.7269666160090276,1.421982528007192,0.9438452857385801,1.2924335122885036,0.7476673397278759,0.7557222997312683,0.9228548378372267,0.7361375724146605,1.4755055268255082,1.4300221309381458,0.8190142131622306,0.7134317385851925,0.8538999123018727,0.8941997283542013,0.7127505756114364,0.7549164457135994,0.8111615367429849,1.190687387344574,0.7789804426653308,0.8736983107624723,0.788072346919795,1.1793054360372017,0.9792901783498247,0.7344208523798295,0.9420161768849961,0.8587261682026418,0.7716211208715364,1.536284457544863,0.7435639323602571,0.722519902738233,1.5542790382900815,0.7351073314129265,0.7277779729978031,0.710991264003596,0.711124668017299,0.9557256185996977,0.9369257272317935,0.7567232966278803,0.8773464741472142,0.8016638521980093,0.7878645993161666,0.7868547728622717,0.9542528194921819,0.7830518531142238
5,13,0.7157973945215995,1.0168488026015778,1.3,0.755154019594141,0.710991264003596,0.7364893069385405,0.710991264003596,1.421982528007192,0.8599302287347637,0.7292644797170471,0.8951966564736398,1.421982528007192,0.7717865951503811,0.8528591552826672,0.7238380990081603,0.805419762454434,0.8029152712258716,1.4913910471562724,0.7396097636244567,0.710991264003596,0.7344472822276941,0.8500456873833169,0.7921909394011701,1.559359978841357,0.794145937445541,0.710991264003596,1.0030332487795226,0.9173617918114169,0.8344446937056109,0.7354141545750863,0.8730793923527911,0.7572452426352019,0.7284948456868829,0.8242586020205542,1.0206713109158585,1.4538192025145489,1.109944899606653,0.7688921853291073,0.710991264003596,0.8754300401658357,0.7754587708741263,0.78427534010989,0.7566599479587888,0.710991264003596,0.710991264003596,1.4949565865917718,0.7219630185804893,0.8291116899659319,0.7187477417284811,0.8294840451520017,1.4482748487424497,0.7841539067673438,0.7153971904275653,0.794008493028074,0.7865623164687326,0.8781350653972434,0.7269666160090276,1.421982528007192,0.9438452857385801,1.2924335122885036,0.7476673397278759,0.7557222997312683,0.9228548378372267,0.7361375724146605,1.4755055268255082,1.4300221309381458,0.8190142131622306,0.7134317385851925,0.8538999123018727,0.8941997283542013,0.7127505756114364,0.7549164457135994,0.8111615367429849,1.190687387344574,0.7789804426653308,0.8736983107624723,0.788072346919795,1.1793054360372017,0.9792901783498247,0.7344208523798295,0.9420161768849961,0.8587261682026418,0.7716211208715364,1.536284457544863,0.7435639323602571,0.722519902738233,1.5542790382900815,0.7351073314129265,0.7277779729978031,0.710991264003596,0.711124668017299,0.9557256185996977,0.9369257272317935,0.7567232966278803,0.8773464741472142,0.8016638521980093,0.7878645993161666,0.7868547728622717,0.9542528194921819,0.7830518531142238
5,14,0.7157973945215995,1.0168488026015778,1.3,0.755154019594141,0.710991264003596,0.7364893069385405,0.710991264003596,1.421982528007192,0.8599302287347637,0.7292644797170471,0.8951966564736398,1.421982528007192,0.7717865951503811,0.8528591552826672,0.7238380990081603,0.805419762454434,0.8029152712258716,1.4913910471562724,0.7396097636244567,0.710991264003596,0.7344472822276941,0.8500456873833169,0.7921909394011701,1.559359978841357,0.794145937445541,0.710991264003596,1.0030332487795226,0.9173617918114169,0.8344446937056109,0.7354141545750863,0.8730793923527911,0.7572452426352019,0.7284948456868829,0.8242586020205542,1.0206713109158585,1.4538192025145489,1.109944899606653,0.7688921853291073,0.710991264003596,0.8754300401658357,0.7754587708741263,0.78427534010989,0.7566599479587888,0.710991264003596,0.710991264003596,1.4949565865917718,0.7219630185804893,0.8291116899659319,0.7187477417284811,0.8294840451520017,1.4482748487424497,0.7841539067673438,0.7153971904275653,0.794008493028074,0.7865623164687326,0.8781350653972434,0.7269666160090276,1.421982528007192,0.9438452857385801,1.2924335122885036,0.7476673397278759,0.7557222997312683,0.9228548378372267,0.7361375724146605,1.4755055268255082,1.4300221309381458,0.8190142131622306,0.7134317385851925,0.8538999123018727,0.8941997283542013,0.7127505756114364,0.7549164457135994,0.8111615367429849,1.190687387344574,0.7789804426653308,0.8736983107624723,0.788072346919795,1.1793054360372017,0.9792901783498247,0.7344208523798295,0.9420161768849961,0.8587261682026418,0.7716211208715364,1.536284457544863,0.7435639323602571,0.722519902738233,1.5542790382900815,0.7351073314129265,0.7277779729978031,0.710991264003596,0.711124668017299,0.9557256185996977,0.9369257272317935,0.7567232966278803,0.8773464741472142,0.8016638521980093,0.7878645993161666,0.7868547728622717,0.9542528194921819,0.7830518531142238
5,15,0.7157973945215995,1.0168488026015778,1.3,0.755154019594141,0.710991264003596,0.7364893069385405,0.710991264003596,1.421982528007192,0.8599302287347637,0.7292644797170471,0.8951966564736398,1.421982528007192,0.7717865951503811,0.8528591552826672,0.7238380990081603,0.805419762454434,0.8029152712258716,1.4913910471562724,0.7396097636244567,0.710991264003596,0.7344472822276941,0.8500456873833169,0.7921909394011701,1.559359978841357,0.794145937445541,0.710991264003596,1.0030332487795226,0.9173617918114169,0.8344446937056109,0.7354141545750863,0.8730793923527911,0.7572452426352019,0.7284948456868829,0.8242586020205542,1.0206713109158585,1.4538192025145489,1.109944899606653,0.7688921853291073,0.710991264003596,0.8754300401658357,0.7754587708741263,0.78427534010989,0.7566599479587888,0.710991264003596,0.710991264003596,1.4949565865917718,0.7219630185804893,0.8291116899659319,0.7187477417284811,0.8294840451520017,1.4482748487424497,0.7841539067673438,0.7153971904275653,0.794008493028074,0.7865623164687326,0.8781350653972434,0.7269666160090276,1.421982528007192,0.9438452857385801,1.2924335122885036,0.7476673397278759,0.7557222997312683,0.9228548378372267,0.7361375724146605,1.4755055268255082,1.4300221309381458,0.8190142131622306,0.7134317385851925,0.8538999123018727,0.8941997283542013,0.7127505756114364,0.7549164457135994,0.8111615367429849,1.190687387344574,0.7789804426653308,0.8736983107624723,0.788072346919795,1.1793054360372017,0.9792901783498247,0.7344208523798295,0.9420161768849961,0.8587261682026418,0.7716211208715364,1.536284457544863,0.7435639323602571,0.722519902738233,1.5542790382900815,0.7351073314129265,0.7277779729978031,0.710991264003596,0.711124668017299,0.9557256185996977,0.9369257272317935,0.7567232966278803,0.8773464741472142,0.8016638521980093,0.7878645993161666,0.7868547728622717,0.9542528194921819,0.7830518531142238
5,16,0.7157973945215995,1.0168488026015778,1.3,0.755154019594141,0.710991264003596,0.7364893069385405,0.710991264003596,1.421982528007192,0.8599302287347637,0.7292644797170471,0.8951966564736398,1.421982528007192,0.7717865951503811,0.8528591552826672,0.7238380990081603,0.805419762454434,0.8029152712258716,1.4913910471562724,0.7396097636244567,0.710991264003596,0.7344472822276941,0.8500456873833169,0.7921909394011701,1.559359978841357,0.794145937445541,0.710991264003596,1.0030332487795226,0.9173617918114169,0.8344446937056109,0.7354141545750863,0.8730793923527911,0.7572452426352019,0.7284948456868829,0.8242586020205542,1.0206713109158585,1.4538192025145489,1.109944899606653,0.7688921853291073,0.710991264003596,0.8754300401658357,0.7754587708741263,0.78427534010989,0.7566599479587888,0.710991264003596,0.710991264003596,1.4949565865917718,0.7219630185804893,0.8291116899659319,0.7187477417284811,0.8294840451520017,1.4482748487424497,0.7841539067673438,0.7153971904275653,0.794008493028074,0.7865623164687326,0.8781350653972434,0.7269666160090276,1.421982528007192,0.9438452857385801,1.2924335122885036,0.7476673397278759,0.7557222997312683,0.9228548378372267,0.7361375724146605,1.4755055268255082,1.4300221309381458,0.8190142131622306,0.7134317385851925,0.8538999123018727,0.8941997283542013,0.7127505756114364,0.7549164457135994,0.8111615367429849,1.190687387344574,0.7789804426653308,0.8736983107624723,0.788072346919795,1.1793054360372017,0.9792901783498247,0.7344208523798295,0.9420161768849961,0.8587261682026418,0.7716211208715364,1.536284457544863,0.7435639323602571,0.722519902738233,1.5542790382900815,0.7351073314129265,0.7277779729978031,0.710991264003596,0.711124668017299,0.9557256185996977,0.9369257272317935,0.7567232966278803,0.8773464741472142,0.8016638521980093,0.7878645993161666,0.7868547728622717,0.9542528194921819,0.7830518531142238
5,17,0.7157973945215995,1.0168488026015778,1.3,0.755154019594141,0.710991264003596,0.7364893069385405,0.710991264003596,1.421982528007192,0.8599302287347637,0.7292644797170471,0.8951966564736398,1.421982528007192,0.7717865951503811,0.8528591552826672,0.7238380990081603,0.805419762454434,0.8029152712258716,1.4913910471562724,0.7396097636244567,0.710991264003596,0.7344472822276941,0.8500456873833169,0.7921909394011701,1.559359978841357,0.794145937445541,0.710991264003596,1.0030332487795226,0.9173617918114169,0.8344446937056109,0.7354141545750863,0.8730793923527911,0.7572452426352019,0.7284948456868829,0.8242586020205542,1.0206713109158585,1.4538192025145489,1.109944899606653,0.7688921853291073,0.710991264003596,0.8754300401658357,0.7754587708741263,0.78427534010989,0.7566599479587888,0.710991264003596,0.710991264003596,1.4949565865917718,0.7219630185804893,0.8291116899659319,0.7187477417284811,0.8294840451520017,1.4482748487424497,0.7841539067673438,0.7153971904275653,0.794008493028074,0.7865623164687326,0.8781350653972434,0.7269666160090276,1.421982528007192,0.9438452857385801,1.2924335122885036,0.7476673397278759,0.7557222997312683,0.9228548378372267,0.7361375724146605,1.4755055268255082,1.4300221309381458,0.8190142131622306,0.7134317385851925,0.8538999123018727,0.8941997283542013,0.7127505756114364,0.7549164457135994,0.8111615367429849,1.190687387344574,0.7789804426653308,0.8736983107624723,0.788072346919795,1.1793054360372017,0.9792901783498247,0.7344208523798295,0.9420161768849961,0.8587261682026418,0.7716211208715364,1.536284457544863,0.7435639323602571,0.722519902738233,1.5542790382900815,0.7351073314129265,0.7277779729978031,0.710991264003596,0.711124668017299,0.9557256185996977,0.9369257272317935,0.7567232966278803,0.8773464741472142,0.8016638521980093,0.7878645993161666,0.7868547728622717,0.9542528194921819,0.7830518531142238
5,18,0.7157973945215995,1.0168488026015778,1.3,0.755154019594141,0.710991264003596,0.7364893069385405,0.710991264003596,1.421982528007192,0.8599302287347637,0.7292644797170471,0.8951966564736398,1.421982528007192,0.7717865951503811,0.8528591552826672,0.7238380990081603,0.805419762454434,0.8029152712258716,1.4913910471562724,0.7396097636244567,0.710991264003596,0.7344472822276941,0.8500456873833169,0.7921909394011701,1.559359978841357,0.794145937445541,0.710991264003596,1.0030332487795226,0.9173617918114169,0.8344446937056109,0.7354141545750863,0.8730793923527911,0.7572452426352019,0.7284948456868829,0.8242586020205542,1.0206713109158585,1.4538192025145489,1.109944899606653,0.7688921853291073,0.710991264003596,0.8754300401658357,0.7754587708741263,0.78427534010989,0.7566599479587888,0.710991264003596,0.710991264003596,1.4949565865917718,0.7219630185804893,0.8291116899659319,0.7187477417284811,0.8294840451520017,1.4482748487424497,0.7841539067673438,0.7153971904275653,0.794008493028074,0.7865623164687326,0.8781350653972434,0.7269666160090276,1.421982528007192,0.9438452857385801,1.2924335122885036,0.7476673397278759,0.7557222997312683,0.9228548378372267,0.7361375724146605,1.4755055268255082,1.4300221309381458,0.8190142131622306,0.7134317385851925,0.8538999123018727,0.8941997283542013,0.7127505756114364,0.7549164457135994,0.8111615367429849,1.190687387344574,0.7789804426653308,0.8736983107624723,0.788072346919795,1.1793054360372017,0.9792901783498247,0.7344208523798295,0.9420161768849961,0.8587261682026418,0.7716211208715364,1.536284457544863,0.7435639323602571,0.722519902738233,1.5542790382900815,0.7351073314129265,0.7277779729978031,0.710991264003596,0.711124668017299,0.9557256185996977,0.9369257272317935,0.7567232966278803,0.8773464741472142,0.8016638521980093,0.7878645993161666,0.7868547728622717,0.9542528194921819,0.7830518531142238
5,19,0.7157973945215995,1.0168488026015778,1.3,0.755154019594141,0.710991264003596,0.7364893069385405,0.710991264003596,1.421982528007192,0.8599302287347637,0.7292644797170471,0.8951966564736398,1.421982528007192,0.7717865951503811,0.8528591552826672,0.7238380990081603,0.805419762454434,0.8029152712258716,1.4913910471562724,0.7396097636244567,0.710991264003596,0.7344472822276941,0.8500456873833169,0.7921909394011701,1.559359978841357,0.794145937445541,0.710991264003596,1.0030332487795226,0.9173617918114169,0.8344446937056109,0.7354141545750863,0.8730793923527911,0.7572452426352019,0.7284948456868829,0.8242586020205542,1.0206713109158585,1.4538192025145489,1.109944899606653,0.7688921853291073,0.710991264003596,0.8754300401658357,0.7754587708741263,0.78427534010989,0.7566599479587888,0.710991264003596,0.710991264003596,1.4949565865917718,0.7219630185804893,0.8291116899659319,0.7187477417284811,0.8294840451520017,1.4482748487424497,0.7841539067673438,0.7153971904275653,0.794008493028074,0.7865623164687326,0.8781350653972434,0.7269666160090276,1.421982528007192,0.9438452857385801,1.2924335122885036,0.7476673397278759,0.7557222997312683,0.9228548378372267,0.7361375724146605,1.4755055268255082,1.4300221309381458,0.8190142131622306,0.7134317385851925,0.8538999123018727,0.8941997283542013,0.7127505756114364,0.7549164457135994,0.8111615367429849,1.190687387344574,0.7789804426653308,0.8736983107624723,0.788072346919795,1.1793054360372017,0.9792901783498247,0.7344208523798295,0.9420161768849961,0.8587261682026418,0.7716211208715364,1.536284457544863,0.7435639323602571,0.722519902738233,1.5542790382900815,0.7351073314129265,0.7277779729978031,0.710991264003596,0.711124668017299,0.9557256185996977,0.9369257272317935,0.7567232966278803,0.8773464741472142,0.8016638521980093,0.7878645993161666,0.7868547728622717,0.9542528194921819,0.7830518531142238
5,20,0.7157973945215995,1.0168488026015778,1.3,0.755154019594141,0.710991264003596,0.7364893069385405,0.710991264003596,1.421982528007192,0.8599302287347637,0.7292644797170471,0.8951966564736398,1.421982528007192,0.7717865951503811,0.8528591552826672,0.7238380990081603,0.805419762454434,0.8029152712258716,1.4913910471562724,0.7396097636244567,0.710991264003596,0.7344472822276941,0.8500456873833169,0.7921909394011701,1.559359978841357,0.794145937445541,0.710991264003596,1.0030332487795226,0.9173617918114169,0.8344446937056109,0.7354141545750863,0.8730793923527911,0.7572452426352019,0.7284948456868829,0.8242586020205542,1.0206713109158585,1.4538192025145489,1.109944899606653,0.7688921853291073,0.710991264003596,0.8754300401658357,0.7754587708741263,0.78427534010989,0.7566599479587888,0.710991264003596,0.710991264003596,1.4949565865917718,0.7219630185804893,0.8291116899659319,0.7187477417284811,0.8294840451520017,1.4482748487424497,0.7841539067673438,0.7153971904275653,0.794008493028074,0.7865623164687326,0.8781350653972434,0.7269666160090276,1.421982528007192,0.9438452857385801,1.2924335122885036,0.7476673397278759,0.7557222997312683,0.9228548378372267,0.7361375724146605,1.4755055268255082,1.4300221309381458,0.8190142131622306,0.7134317385851925,0.8538999123018727,0.8941997283542013,0.7127505756114364,0.7549164457135994,0.8111615367429849,1.190687387344574,0.7789804426653308,0.8736983107624723,0.788072346919795,1.1793054360372017,0.9792901783498247,0.7344208523798295,0.9420161768849961,0.8587261682026418,0.7716211208715364,1.536284457544863,0.7435639323602571,0.722519902738233,1.5542790382900815,0.7351073314129265,0.7277779729978031,0.710991264003596,0.711124668017299,0.9557256185996977,0.9369257272317935,0.7567232966278803,0.8773464741472142,0.8016638521980093,0.7878645993161666,0.7868547728622717,0.9542528194921819,0.7830518531142238
5,21,0.7157973945215995,1.0168488026015778,1.3,0.755154019594141,0.710991264003596,0.7364893069385405,0.710991264003596,1.421982528007192,0.8599302287347637,0.7292644797170471,0.8951966564736398,1.421982528007192,0.7717865951503811,0.8528591552826672,0.7238380990081603,0.805419762454434,0.8029152712258716,1.4913910471562724,0.7396097636244567,0.710991264003596,0.7344472822276941,0.8500456873833169,0.7921909394011701,1.559359978841357,0.794145937445541,0.710991264003596,1.0030332487795226,0.9173617918114169,0.8344446937056109,0.7354141545750863,0.8730793923527911,0.7572452426352019,0.7284948456868829,0.8242586020205542,1.0206713109158585,1.4538192025145489,1.109944899606653,0.7688921853291073,0.710991264003596,0.8754300401658357,0.7754587708741263,0.78427534010989,0.7566599479587888,0.710991264003596,0.710991264003596,1.4949565865917718,0.7219630185804893,0.8291116899659319,0.7187477417284811,0.8294840451520017,1.4482748487424497,0.7841539067673438,0.7153971904275653,0.794008493028074,0.7865623164687326,0.8781350653972434,0.7269666160090276,1.421982528007192,0.9438452857385801,1.2924335122885036,0.7476673397278759,0.7557222997312683,0.9228548378372267,0.7361375724146605,1.4755055268255082,1.4300221309381458,0.8190142131622306,0.7134317385851925,0.8538999123018727,0.8941997283542013,0.7127505756114364,0.7549164457135994,0.8111615367429849,1.190687387344574,0.7789804426653308,0.8736983107624723,0.788072346919795,1.1793054360372017,0.9792901783498247,0.7344208523798295,0.9420161768849961,0.8587261682026418,0.7716211208715364,1.536284457544863,0.7435639323602571,0.722519902738233,1.5542790382900815,0.7351073314129265,0.7277779729978031,0.710991264003596,0.711124668017299,0.9557256185996977,0.9369257272317935,0.7567232966278803,0.8773464741472142,0.8016638521980093,0.7878645993161666,0.7868547728622717,0.9542528194921819,0.7830518531142238
5,22,0.7157973945215995,1.0168488026015778,1.3,0.755154019594141,0.710991264003596,0.7364893069385405,0.710991264003596,1.421982528007192,0.8599302287347637,0.7292644797170471,0.8951966564736398,1.421982528007192,0.7717865951503811,0.8528591552826672,0.7238380990081603,0.805419762454434,0.8029152712258716,1.4913910471562724,0.7396097636244567,0.710991264003596,0.7344472822276941,0.8500456873833169,0.7921909394011701,1.559359978841357,0.794145937445541,0.710991264003596,1.0030332487795226,0.9173617918114169,0.8344446937056109,0.7354141545750863,0.8730793923527911,0.7572452426352019,0.7284948456868829,0.8242586020205542,1.0206713109158585,1.4538192025145489,1.109944899606653,0.7688921853291073,0.710991264003596,0.8754300401658357,0.7754587708741263,0.78427534010989,0.7566599479587888,0.710991264003596,0.710991264003596,1.4949565865917718,0.7219630185804893,0.8291116899659319,0.7187477417284811,0.8294840451520017,1.4482748487424497,0.7841539067673438,0.7153971904275653,0.794008493028074,0.7865623164687326,0.8781350653972434,0.7269666160090276,1.421982528007192,0.9438452857385801,1.2924335122885036,0.7476673397278759,0.7557222997312683,0.9228548378372267,0.7361375724146605,1.4755055268255082,1.4300221309381458,0.8190142131622306,0.7134317385851925,0.8538999123018727,0.8941997283542013,0.7127505756114364,0.7549164457135994,0.8111615367429849,1.190687387344574,0.7789804426653308,0.8736983107624723,0.788072346919795,1.1793054360372017,0.9792901783498247,0.7344208523798295,0.9420161768849961,0.8587261682026418,0.7716211208715364,1.536284457544863,0.7435639323602571,0.722519902738233,1.5542790382900815,0.7351073314129265,0.7277779729978031,0.710991264003596,0.711124668017299,0.9557256185996977,0.9369257272317935,0.7567232966278803,0.8773464741472142,0.8016638521980093,0.7878645993161666,0.7868547728622717,0.9542528194921819,0.7830518531142238
5,23,0.7157973945215995,1.0168488026015778,1.3,0.755154019594141,0.710991264003596,0.7364893069385405,0.710991264003596,1.421982528007192,0.8599302287347637,0.7292644797170471,0.8951966564736398,1.421982528007192,0.7717865951503811,0.8528591552826672,0.7238380990081603,0.805419762454434,0.8029152712258716,1.4913910471562724,0.7396097636244567,0.710991264003596,0.7344472822276941,0.8500456873833169,0.7921909394011701,1.559359978841357,0.794145937445541,0.710991264003596,1.0030332487795226,0.9173617918114169,0.8344446937056109,0.7354141545750863,0.8730793923527911,0.7572452426352019,0.7284948456868829,0.8242586020205542,1.0206713109158585,1.4538192025145489,1.109944899606653,0.7688921853291073,0.710991264003596,0.8754300401658357,0.7754587708741263,0.78427534010989,0.7566599479587888,0.710991264003596,0.710991264003596,1.4949565865917718,0.7219630185804893,0.8291116899659319,0.7187477417284811,0.8294840451520017,1.4482748487424497,0.7841539067673438,0.7153971904275653,0.794008493028074,0.7865623164687326,0.8781350653972434,0.7269666160090276,1.421982528007192,0.9438452857385801,1.2924335122885036,0.7476673397278759,0.7557222997312683,0.9228548378372267,0.7361375724146605,1.4755055268255082,1.4300221309381458,0.8190142131622306,0.7134317385851925,0.8538999123018727,0.8941997283542013,0.7127505756114364,0.7549164457135994,0.8111615367429849,1.190687387344574,0.7789804426653308,0.8736983107624723,0.788072346919795,1.1793054360372017,0.9792901783498247,0.7344208523798295,0.9420161768849961,0.8587261682026418,0.7716211208715364,1.536284457544863,0.7435639323602571,0.722519902738233,1.5542790382900815,0.7351073314129265,0.7277779729978031,0.710991264003596,0.711124668017299,0.9557256185996977,0.9369257272317935,0.7567232966278803,0.8773464741472142,0.8016638521980093,0.7878645993161666,0.7868547728622717,0.9542528194921819,0.7830518531142238
5,24,0.7157973945215995,1.0168488026015778,1.3,0.755154019594141,0.710991264003596,0.7364893069385405,0.710991264003596,1.421982528007192,0.8599302287347637,0.7292644797170471,0.8951966564736398,1.421982528007192,0.7717865951503811,0.8528591552826672,0.7238380990081603,0.805419762454434,0.8029152712258716,1.4913910471562724,0.7396097636244567,0.710991264003596,0.7344472822276941,0.8500456873833169,0.7921909394011701,1.559359978841357,0.794145937445541,0.710991264003596,1.0030332487795226,0.9173617918114169,0.8344446937056109,0.7354141545750863,0.8730793923527911,0.7572452426352019,0.7284948456868829,0.8242586020205542,1.0206713109158585,1.4538192025145489,1.109944899606653,0.7688921853291073,0.710991264003596,0.8754300401658357,0.7754587708741263,0.78427534010989,0.7566599479587888,0.710991264003596,0.710991264003596,1.4949565865917718,0.7219630185804893,0.8291116899659319,0.7187477417284811,0.8294840451520017,1.4482748487424497,0.7841539067673438,0.7153971904275653,0.794008493028074,0.7865623164687326,0.8781350653972434,0.7269666160090276,1.421982528007192,0.9438452857385801,1.2924335122885036,0.7476673397278759,0.7557222997312683,0.9228548378372267,0.7361375724146605,1.4755055268255082,1.4300221309381458,0.8190142131622306,0.7134317385851925,0.8538999123018727,0.8941997283542013,0.7127505756114364,0.7549164457135994,0.8111615367429849,1.190687387344574,0.7789804426653308,0.8736983107624723,0.788072346919795,1.1793054360372017,0.9792901783498247,0.7344208523798295,0.9420161768849961,0.8587261682026418,0.7716211208715364,1.536284457544863,0.7435639323602571,0.722519902738233,1.5542790382900815,0.7351073314129265,0.7277779729978031,0.710991264003596,0.711124668017299,0.9557256185996977,0.9369257272317935,0.7567232966278803,0.8773464741472142,0.8016638521980093,0.7878645993161666,0.7868547728622717,0.9542528194921819,0.7830518531142238
5,25,0.7157973945215995,1.0168488026015778,1.3,0.755154019594141,0.710991264003596,0.7364893069385405,0.710991264003596,1.421982528007192,0.8599302287347637,0.7292644797170471,0.8951966564736398,1.421982528007192,0.7717865951503811,0.8528591552826672,0.7238380990081603,0.805419762454434,0.8029152712258716,1.4913910471562724,0.7396097636244567,0.710991264003596,0.7344472822276941,0.8500456873833169,0.7921909394011701,1.559359978841357,0.794145937445541,0.710991264003596,1.0030332487795226,0.9173617918114169,0.8344446937056109,0.7354141545750863,0.8730793923527911,0.7572452426352019,0.7284948456868829,0.8242586020205542,1.0206713109158585,1.4538192025145489,1.109944899606653,0.7688921853291073,0.710991264003596,0.8754300401658357,0.7754587708741263,0.78427534010989,0.7566599479587888,0.710991264003596,0.710991264003596,1.4949565865917718,0.7219630185804893,0.8291116899659319,0.7187477417284811,0.8294840451520017,1.4482748487424497,0.7841539067673438,0.7153971904275653,0.794008493028074,0.7865623164687326,0.8781350653972434,0.7269666160090276,1.421982528007192,0.9438452857385801,1.2924335122885036,0.7476673397278759,0.7557222997312683,0.9228548378372267,0.7361375724146605,1.4755055268255082,1.4300221309381458,0.8190142131622306,0.7134317385851925,0.8538999123018727,0.8941997283542013,0.7127505756114364,0.7549164457135994,0.8111615367429849,1.190687387344574,0.7789804426653308,0.8736983107624723,0.788072346919795,1.1793054360372017,0.9792901783498247,0.7344208523798295,0.9420161768849961,0.8587261682026418,0.7716211208715364,1.536284457544863,0.7435639323602571,0.722519902738233,1.5542790382900815,0.7351073314129265,0.7277779729978031,0.710991264003596,0.711124668017299,0.9557256185996977,0.9369257272317935,0.7567232966278803,0.8773464741472142,0.8016638521980093,0.7878645993161666,0.7868547728622717,0.9542528194921819,0.7830518531142238
5,26,0.7157973945215995,1.0168488026015778,1.3,0.755154019594141,0.710991264003596,0.7364893069385405,0.710991264003596,1.421982528007192,0.8599302287347637,0.7292644797170471,0.8951966564736398,1.421982528007192,0.7717865951503811,0.8528591552826672,0.7238380990081603,0.805419762454434,0.8029152712258716,1.4913910471562724,0.7396097636244567,0.710991264003596,0.7344472822276941,0.8500456873833169,0.7921909394011701,1.559359978841357,0.794145937445541,0.710991264003596,1.0030332487795226,0.9173617918114169,0.8344446937056109,0.7354141545750863,0.8730793923527911,0.7572452426352019,0.7284948456868829,0.8242586020205542,1.0206713109158585,1.4538192025145489,1.109944899606653,0.7688921853291073,0.710991264003596,0.8754300401658357,0.7754587708741263,0.78427534010989,0.7566599479587888,0.710991264003596,0.710991264003596,1.4949565865917718,0.7219630185804893,0.8291116899659319,0.7187477417284811,0.8294840451520017,1.4482748487424497,0.7841539067673438,0.7153971904275653,0.794008493028074,0.7865623164687326,0.8781350653972434,0.7269666160090276,1.421982528007192,0.9438452857385801,1.2924335122885036,0.7476673397278759,0.7557222997312683,0.9228548378372267,0.7361375724146605,1.4755055268255082,1.4300221309381458,0.8190142131622306,0.7134317385851925,0.8538999123018727,0.8941997283542013,0.7127505756114364,0.7549164457135994,0.8111615367429849,1.190687387344574,0.7789804426653308,0.8736983107624723,0.788072346919795,1.1793054360372017,0.9792901783498247,0.7344208523798295,0.9420161768849961,0.8587261682026418,0.7716211208715364,1.536284457544863,0.7435639323602571,0.722519902738233,1.5542790382900815,0.7351073314129265,0.7277779729978031,0.710991264003596,0.711124668017299,0.9557256185996977,0.9369257272317935,0.7567232966278803,0.8773464741472142,0.8016638521980093,0.7878645993161666,0.7868547728622717,0.9542528194921819,0.7830518531142238
5,27,0.7157973945215995,1.0168488026015778,1.3,0.755154019594141,0.710991264003596,0.7364893069385405,0.710991264003596,1.421982528007192,0.8599302287347637,0.7292644797170471,0.8951966564736398,1.421982528007192,0.7717865951503811,0.8528591552826672,0.7238380990081603,0.805419762454434,0.8029152712258716,1.4913910471562724,0.7396097636244567,0.710991264003596,0.7344472822276941,0.8500456873833169,0.7921909394011701,1.559359978841357,0.794145937445541,0.710991264003596,1.0030332487795226,0.9173617918114169,0.8344446937056109,0.7354141545750863,0.8730793923527911,0.7572452426352019,0.7284948456868829,0.8242586020205542,1.0206713109158585,1.4538192025145489,1.109944899606653,0.7688921853291073,0.710991264003596,0.8754300401658357,0.7754587708741263,0.78427534010989,0.7566599479587888,0.710991264003596,0.710991264003596,1.4949565865917718,0.7219630185804893,0.8291116899659319,0.7187477417284811,0.8294840451520017,1.4482748487424497,0.7841539067673438,0.7153971904275653,0.794008493028074,0.7865623164687326,0.8781350653972434,0.7269666160090276,1.421982528007192,0.9438452857385801,1.2924335122885036,0.7476673397278759,0.7557222997312683,0.9228548378372267,0.7361375724146605,1.4755055268255082,1.4300221309381458,0.8190142131622306,0.7134317385851925,0.8538999123018727,0.8941997283542013,0.7127505756114364,0.7549164457135994,0.8111615367429849,1.190687387344574,0.7789804426653308,0.8736983107624723,0.788072346919795,1.1793054360372017,0.9792901783498247,0.7344208523798295,0.9420161768849961,0.8587261682026418,0.7716211208715364,1.536284457544863,0.7435639323602571,0.722519902738233,1.5542790382900815,0.7351073314129265,0.7277779729978031,0.710991264003596,0.711124668017299,0.9557256185996977,0.9369257272317935,0.7567232966278803,0.8773464741472142,0.8016638521980093,0.7878645993161666,0.7868547728622717,0.9542528194921819,0.7830518531142238
5,28,0.7157973945215995,1.0168488026015778,1.3,0.755154019594141,0.710991264003596,0.7364893069385405,0.710991264003596,1.421982528007192,0.8599302287347637,0.7292644797170471,0.8951966564736398,1.421982528007192,0.7717865951503811,0.8528591552826672,0.7238380990081603,0.805419762454434,0.8029152712258716,1.4913910471562724,0.7396097636244567,0.710991264003596,0.7344472822276941,0.8500456873833169,0.7921909394011701,1.559359978841357,0.794145937445541,0.710991264003596,1.0030332487795226,0.9173617918114169,0.8344446937056109,0.7354141545750863,0.8730793923527911,0.7572452426352019,0.7284948456868829,0.8242586020205542,1.0206713109158585,1.4538192025145489,1.109944899606653,0.7688921853291073,0.710991264003596,0.8754300401658357,0.7754587708741263,0.78427534010989,0.7566599479587888,0.710991264003596,0.710991264003596,1.4949565865917718,0.7219630185804893,0.8291116899659319,0.7187477417284811,0.8294840451520017,1.4482748487424497,0.7841539067673438,0.7153971904275653,0.794008493028074,0.7865623164687326,0.8781350653972434,0.7269666160090276,1.421982528007192,0.9438452857385801,1.2924335122885036,0.7476673397278759,0.7557222997312683,0.9228548378372267,0.7361375724146605,1.4755055268255082,1.4300221309381458,0.8190142131622306,0.7134317385851925,0.8538999123018727,0.8941997283542013,0.7127505756114364,0.7549164457135994,0.8111615367429849,1.190687387344574,0.7789804426653308,0.8736983107624723,0.788072346919795,1.1793054360372017,0.9792901783498247,0.7344208523798295,0.9420161768849961,0.8587261682026418,0.7716211208715364,1.536284457544863,0.7435639323602571,0.722519902738233,1.5542790382900815,0.7351073314129265,0.7277779729978031,0.710991264003596,0.711124668017299,0.9557256185996977,0.9369257272317935,0.7567232966278803,0.8773464741472142,0.8016638521980093,0.7878645993161666,0.7868547728622717,0.9542528194921819,0.7830518531142238
5,29,0.7157973945215995,1.0168488026015778,1.3,0.755154019594141,0.710991264003596,0.7364893069385405,0.710991264003596,1.421982528007192,0.8599302287347637,0.7292644797170471,0.8951966564736398,1.421982528007192,0.7717865951503811,0.8528591552826672,0.7238380990081603,0.805419762454434,0.8029152712258716,1.4913910471562724,0.7396097636244567,0.710991264003596,0.7344472822276941,0.8500456873833169,0.7921909394011701,1.559359978841357,0.794145937445541,0.710991264003596,1.0030332487795226,0.9173617918114169,0.8344446937056109,0.7354141545750863,0.8730793923527911,0.7572452426352019,0.7284948456868829,0.8242586020205542,1.0206713109158585,1.4538192025145489,1.109944899606653,0.7688921853291073,0.710991264003596,0.8754300401658357,0.7754587708741263,0.78427534010989,0.7566599479587888,0.710991264003596,0.710991264003596,1.4949565865917718,0.7219630185804893,0.8291116899659319,0.7187477417284811,0.8294840451520017,1.4482748487424497,0.7841539067673438,0.7153971904275653,0.794008493028074,0.7865623164687326,0.8781350653972434,0.7269666160090276,1.421982528007192,0.9438452857385801,1.2924335122885036,0.7476673397278759,0.7557222997312683,0.9228548378372267,0.7361375724146605,1.4755055268255082,1.4300221309381458,0.8190142131622306,0.7134317385851925,0.8538999123018727,0.8941997283542013,0.7127505756114364,0.7549164457135994,0.8111615367429849,1.190687387344574,0.7789804426653308,0.8736983107624723,0.788072346919795,1.1793054360372017,0.9792901783498247,0.7344208523798295,0.9420161768849961,0.8587261682026418,0.7716211208715364,1.536284457544863,0.7435639323602571,0.722519902738233,1.5542790382900815,0.7351073314129265,0.7277779729978031,0.710991264003596,0.711124668017299,0.9557256185996977,0.9369257272317935,0.7567232966278803,0.8773464741472142,0.8016638521980093,0.7878645993161666,0.7868547728622717,0.9542528194921819,0.7830518531142238
5,30,0.7157973945215995,1.0168488026015778,1.3,0.755154019594141,0.710991264003596,0.7364893069385405,0.710991264003596,1.421982528007192,0.8599302287347637,0.7292644797170471,0.8951966564736398,1.421982528007192,0.7717865951503811,0.8528591552826672,0.7238380990081603,0.805419762454434,0.8029152712258716,1.4913910471562724,0.7396097636244567,0.710991264003596,0.7344472822276941,0.8500456873833169,0.7921909394011701,1.559359978841357,0.794145937445541,0.710991264003596,1.0030332487795226,0.9173617918114169,0.8344446937056109,0.7354141545750863,0.8730793923527911,0.7572452426352019,0.7284948456868829,0.8242586020205542,1.0206713109158585,1.4538192025145489,1.109944899606653,0.7688921853291073,0.710991264003596,0.8754300401658357,0.7754587708741263,0.78427534010989,0.7566599479587888,0.710991264003596,0.710991264003596,1.4949565865917718,0.7219630185804893,0.8291116899659319,0.7187477417284811,0.8294840451520017,1.4482748487424497,0.7841539067673438,0.7153971904275653,0.794008493028074,0.7865623164687326,0.8781350653972434,0.7269666160090276,1.421982528007192,0.9438452857385801,1.2924335122885036,0.7476673397278759,0.7557222997312683,0.9228548378372267,0.7361375724146605,1.4755055268255082,1.4300221309381458,0.8190142131622306,0.7134317385851925,0.8538999123018727,0.8941997283542013,0.7127505756114364,0.7549164457135994,0.8111615367429849,1.190687387344574,0.7789804426653308,0.8736983107624723,0.788072346919795,1.1793054360372017,0.9792901783498247,0.7344208523798295,0.9420161768849961,0.8587261682026418,0.7716211208715364,1.536284457544863,0.7435639323602571,0.722519902738233,1.5542790382900815,0.7351073314129265,0.7277779729978031,0.710991264003596,0.711124668017299,0.9557256185996977,0.9369257272317935,0.7567232966278803,0.8773464741472142,0.8016638521980093,0.7878645993161666,0.7868547728622717,0.9542528194921819,0.7830518531142238
5,31,0.7157973945215995,1.0168488026015778,1.3,0.755154019594141,0.710991264003596,0.7364893069385405,0.710991264003596,1.421982528007192,0.8599302287347637,0.7292644797170471,0.8951966564736398,1.421982528007192,0.7717865951503811,0.8528591552826672,0.7238380990081603,0.805419762454434,0.8029152712258716,1.4913910471562724,0.7396097636244567,0.710991264003596,0.7344472822276941,0.8500456873833169,0.7921909394011701,1.559359978841357,0.794145937445541,0.710991264003596,1.0030332487795226,0.9173617918114169,0.8344446937056109,0.7354141545750863,0.8730793923527911,0.7572452426352019,0.7284948456868829,0.8242586020205542,1.0206713109158585,1.4538192025145489,1.109944899606653,0.7688921853291073,0.710991264003596,0.8754300401658357,0.7754587708741263,0.78427534010989,0.7566599479587888,0.710991264003596,0.710991264003596,1.4949565865917718,0.7219630185804893,0.8291116899659319,0.7187477417284811,0.8294840451520017,1.4482748487424497,0.7841539067673438,0.7153971904275653,0.794008493028074,0.7865623164687326,0.8781350653972434,0.7269666160090276,1.421982528007192,0.9438452857385801,1.2924335122885036,0.7476673397278759,0.7557222997312683,0.9228548378372267,0.7361375724146605,1.4755055268255082,1.4300221309381458,0.8190142131622306,0.7134317385851925,0.8538999123018727,0.8941997283542013,0.7127505756114364,0.7549164457135994,0.8111615367429849,1.190687387344574,0.7789804426653308,0.8736983107624723,0.788072346919795,1.1793054360372017,0.9792901783498247,0.7344208523798295,0.9420161768849961,0.8587261682026418,0.7716211208715364,1.536284457544863,0.7435639323602571,0.722519902738233,1.5542790382900815,0.7351073314129265,0.7277779729978031,0.710991264003596,0.711124668017299,0.9557256185996977,0.9369257272317935,0.7567232966278803,0.8773464741472142,0.8016638521980093,0.7878645993161666,0.7868547728622717,0.9542528194921819,0.7830518531142238
5,32,0.7157973945215995,1.0168488026015778,1.3,0.755154019594141,0.710991264003596,0.7364893069385405,0.710991264003596,1.421982528007192,0.8599302287347637,0.7292644797170471,0.8951966564736398,1.421982528007192,0.7717865951503811,0.8528591552826672,0.7238380990081603,0.805419762454434,0.8029152712258716,1.4913910471562724,0.7396097636244567,0.710991264003596,0.7344472822276941,0.8500456873833169,0.7921909394011701,1.559359978841357,0.794145937445541,0.710991264003596,1.0030332487795226,0.9173617918114169,0.8344446937056109,0.7354141545750863,0.8730793923527911,0.7572452426352019,0.7284948456868829,0.8242586020205542,1.0206713109158585,1.4538192025145489,1.109944899606653,0.7688921853291073,0.710991264003596,0.8754300401658357,0.7754587708741263,0.78427534010989,0.7566599479587888,0.710991264003596,0.710991264003596,1.4949565865917718,0.7219630185804893,0.8291116899659319,0.7187477417284811,0.8294840451520017,1.4482748487424497,0.7841539067673438,0.7153971904275653,0.794008493028074,0.7865623164687326,0.8781350653972434,0.7269666160090276,1.421982528007192,0.9438452857385801,1.2924335122885036,0.7476673397278759,0.7557222997312683,0.9228548378372267,0.7361375724146605,1.4755055268255082,1.4300221309381458,0.8190142131622306,0.7134317385851925,0.8538999123018727,0.8941997283542013,0.7127505756114364,0.7549164457135994,0.8111615367429849,1.190687387344574,0.7789804426653308,0.8736983107624723,0.788072346919795,1.1793054360372017,0.9792901783498247,0.7344208523798295,0.9420161768849961,0.8587261682026418,0.7716211208715364,1.536284457544863,0.7435639323602571,0.722519902738233,1.5542790382900815,0.7351073314129265,0.7277779729978031,0.710991264003596,0.711124668017299,0.9557256185996977,0.9369257272317935,0.7567232966278803,0.8773464741472142,0.8016638521980093,0.7878645993161666,0.7868547728622717,0.9542528194921819,0.7830518531142238
5,33,0.7157973945215995,1.0168488026015778,1.3,0.755154019594141,0.710991264003596,0.7364893069385405,0.710991264003596,1.421982528007192,0.8599302287347637,0.7292644797170471,0.8951966564736398,1.421982528007192,0.7717865951503811,0.8528591552826672,0.7238380990081603,0.805419762454434,0.8029152712258716,1.4913910471562724,0.7396097636244567,0.710991264003596,0.7344472822276941,0.8500456873833169,0.7921909394011701,1.559359978841357,0.794145937445541,0.710991264003596,1.0030332487795226,0.9173617918114169,0.8344446937056109,0.7354141545750863,0.8730793923527911,0.7572452426352019,0.7284948456868829,0.8242586020205542,1.0206713109158585,1.4538192025145489,1.109944899606653,0.7688921853291073,0.710991264003596,0.8754300401658357,0.7754587708741263,0.78427534010989,0.7566599479587888,0.710991264003596,0.710991264003596,1.4949565865917718,0.7219630185804893,0.8291116899659319,0.7187477417284811,0.8294840451520017,1.4482748487424497,0.7841539067673438,0.7153971904275653,0.794008493028074,0.7865623164687326,0.8781350653972434,0.7269666160090276,1.421982528007192,0.9438452857385801,1.2924335122885036,0.7476673397278759,0.7557222997312683,0.9228548378372267,0.7361375724146605,1.4755055268255082,1.4300221309381458,0.8190142131622306,0.7134317385851925,0.8538999123018727,0.8941997283542013,0.7127505756114364,0.7549164457135994,0.8111615367429849,1.190687387344574,0.7789804426653308,0.8736983107624723,0.788072346919795,1.1793054360372017,0.9792901783498247,0.7344208523798295,0.9420161768849961,0.8587261682026418,0.7716211208715364,1.536284457544863,0.7435639323602571,0.722519902738233,1.5542790382900815,0.7351073314129265,0.7277779729978031,0.710991264003596,0.711124668017299,0.9557256185996977,0.9369257272317935,0.7567232966278803,0.8773464741472142,0.8016638521980093,0.7878645993161666,0.7868547728622717,0.9542528194921819,0.7830518531142238
5,34,0.7157973945215995,1.0168488026015778,1.3,0.755154019594141,0.710991264003596,0.7364893069385405,0.710991264003596,1.421982528007192,0.8599302287347637,0.7292644797170471,0.8951966564736398,1.421982528007192,0.7717865951503811,0.8528591552826672,0.7238380990081603,0.805419762454434,0.8029152712258716,1.4913910471562724,0.7396097636244567,0.710991264003596,0.7344472822276941,0.8500456873833169,0.7921909394011701,1.559359978841357,0.794145937445541,0.710991264003596,1.0030332487795226,0.9173617918114169,0.8344446937056109,0.7354141545750863,0.8730793923527911,0.7572452426352019,0.7284948456868829,0.8242586020205542,1.0206713109158585,1.4538192025145489,1.109944899606653,0.7688921853291073,0.710991264003596,0.8754300401658357,0.7754587708741263,0.78427534010989,0.7566599479587888,0.710991264003596,0.710991264003596,1.4949565865917718,0.7219630185804893,0.8291116899659319,0.7187477417284811,0.8294840451520017,1.4482748487424497,0.7841539067673438,0.7153971904275653,0.794008493028074,0.7865623164687326,0.8781350653972434,0.7269666160090276,1.421982528007192,0.9438452857385801,1.2924335122885036,0.7476673397278759,0.7557222997312683,0.9228548378372267,0.7361375724146605,1.4755055268255082,1.4300221309381458,0.8190142131622306,0.7134317385851925,0.8538999123018727,0.8941997283542013,0.7127505756114364,0.7549164457135994,0.8111615367429849,1.190687387344574,0.7789804426653308,0.8736983107624723,0.788072346919795,1.1793054360372017,0.9792901783498247,0.7344208523798295,0.9420161768849961,0.8587261682026418,0.7716211208715364,1.536284457544863,0.7435639323602571,0.722519902738233,1.5542790382900815,0.7351073314129265,0.7277779729978031,0.710991264003596,0.711124668017299,0.9557256185996977,0.9369257272317935,0.7567232966278803,0.8773464741472142,0.8016638521980093,0.7878645993161666,0.7868547728622717,0.9542528194921819,0.7830518531142238
5,35,0.7157973945215995,1.0168488026015778,1.3,0.755154019594141,0.710991264003596,0.7364893069385405,0.710991264003596,1.421982528007192,0.8599302287347637,0.7292644797170471,0.8951966564736398,1.421982528007192,0.7717865951503811,0.8528591552826672,0.7238380990081603,0.805419762454434,0.8029152712258716,1.4913910471562724,0.7396097636244567,0.710991264003596,0.7344472822276941,0.8500456873833169,0.7921909394011701,1.559359978841357,0.794145937445541,0.710991264003596,1.0030332487795226,0.9173617918114169,0.8344446937056109,0.7354141545750863,0.8730793923527911,0.7572452426352019,0.7284948456868829,0.8242586020205542,1.0206713109158585,1.4538192025145489,1.109944899606653,0.7688921853291073,0.710991264003596,0.8754300401658357,0.7754587708741263,0.78427534010989,0.7566599479587888,0.710991264003596,0.710991264003596,1.4949565865917718,0.7219630185804893,0.8291116899659319,0.7187477417284811,0.8294840451520017,1.4482748487424497,0.7841539067673438,0.7153971904275653,0.794008493028074,0.7865623164687326,0.8781350653972434,0.7269666160090276,1.421982528007192,0.9438452857385801,1.2924335122885036,0.7476673397278759,0.7557222997312683,0.9228548378372267,0.7361375724146605,1.4755055268255082,1.4300221309381458,0.8190142131622306,0.7134317385851925,0.8538999123018727,0.8941997283542013,0.7127505756114364,0.7549164457135994,0.8111615367429849,1.190687387344574,0.7789804426653308,0.8736983107624723,0.788072346919795,1.1793054360372017,0.9792901783498247,0.7344208523798295,0.9420161768849961,0.8587261682026418,0.7716211208715364,1.536284457544863,0.7435639323602571,0.722519902738233,1.5542790382900815,0.7351073314129265,0.7277779729978031,0.710991264003596,0.711124668017299,0.9557256185996977,0.9369257272317935,0.7567232966278803,0.8773464741472142,0.8016638521980093,0.7878645993161666,0.7868547728622717,0.9542528194921819,0.7830518531142238
5,36,0.7157973945215995,1.0168488026015778,1.3,0.755154019594141,0.710991264003596,0.7364893069385405,0.710991264003596,1.421982528007192,0.8599302287347637,0.7292644797170471,0.8951966564736398,1.421982528007192,0.7717865951503811,0.8528591552826672,0.7238380990081603,0.805419762454434,0.8029152712258716,1.4913910471562724,0.7396097636244567,0.710991264003596,0.7344472822276941,0.8500456873833169,0.7921909394011701,1.559359978841357,0.794145937445541,0.710991264003596,1.0030332487795226,0.9173617918114169,0.8344446937056109,0.7354141545750863,0.8730793923527911,0.7572452426352019,0.7284948456868829,0.8242586020205542,1.0206713109158585,1.4538192025145489,1.109944899606653,0.7688921853291073,0.710991264003596,0.8754300401658357,0.7754587708741263,0.78427534010989,0.7566599479587888,0.710991264003596,0.710991264003596,1.4949565865917718,0.7219630185804893,0.8291116899659319,0.7187477417284811,0.8294840451520017,1.4482748487424497,0.7841539067673438,0.7153971904275653,0.794008493028074,0.7865623164687326,0.8781350653972434,0.7269666160090276,1.421982528007192,0.9438452857385801,1.2924335122885036,0.7476673397278759,0.7557222997312683,0.9228548378372267,0.7361375724146605,1.4755055268255082,1.4300221309381458,0.8190142131622306,0.7134317385851925,0.8538999123018727,0.8941997283542013,0.7127505756114364,0.7549164457135994,0.8111615367429849,1.190687387344574,0.7789804426653308,0.8736983107624723,0.788072346919795,1.1793054360372017,0.9792901783498247,0.7344208523798295,0.9420161768849961,0.8587261682026418,0.7716211208715364,1.536284457544863,0.7435639323602571,0.722519902738233,1.5542790382900815,0.7351073314129265,0.7277779729978031,0.710991264003596,0.711124668017299,0.9557256185996977,0.9369257272317935,0.7567232966278803,0.8773464741472142,0.8016638521980093,0.7878645993161666,0.7868547728622717,0.9542528194921819,0.7830518531142238
5,37,0.7157973945215995,1.0168488026015778,1.3,0.755154019594141,0.710991264003596,0.7364893069385405,0.710991264003596,1.421982528007192,0.8599302287347637,0.7292644797170471,0.8951966564736398,1.421982528007192,0.7717865951503811,0.8528591552826672,0.7238380990081603,0.805419762454434,0.8029152712258716,1.4913910471562724,0.7396097636244567,0.710991264003596,0.7344472822276941,0.8500456873833169,0.7921909394011701,1.559359978841357,0.794145937445541,0.710991264003596,1.0030332487795226,0.9173617918114169,0.8344446937056109,0.7354141545750863,0.8730793923527911,0.7572452426352019,0.7284948456868829,0.8242586020205542,1.0206713109158585,1.4538192025145489,1.109944899606653,0.7688921853291073,0.710991264003596,0.8754300401658357,0.7754587708741263,0.78427534010989,0.7566599479587888,0.710991264003596,0.710991264003596,1.4949565865917718,0.7219630185804893,0.8291116899659319,0.7187477417284811,0.8294840451520017,1.4482748487424497,0.7841539067673438,0.7153971904275653,0.794008493028074,0.7865623164687326,0.8781350653972434,0.7269666160090276,1.421982528007192,0.9438452857385801,1.2924335122885036,0.7476673397278759,0.7557222997312683,0.9228548378372267,0.7361375724146605,1.4755055268255082,1.4300221309381458,0.8190142131622306,0.7134317385851925,0.8538999123018727,0.8941997283542013,0.7127505756114364,0.7549164457135994,0.8111615367429849,1.190687387344574,0.7789804426653308,0.8736983107624723,0.788072346919795,1.1793054360372017,0.9792901783498247,0.7344208523798295,0.9420161768849961,0.8587261682026418,0.7716211208715364,1.536284457544863,0.7435639323602571,0.722519902738233,1.5542790382900815,0.7351073314129265,0.7277779729978031,0.710991264003596,0.711124668017299,0.9557256185996977,0.9369257272317935,0.7567232966278803,0.8773464741472142,0.8016638521980093,0.7878645993161666,0.7868547728622717,0.9542528194921819,0.7830518531142238
5,38,0.7157973945215995,1.0168488026015778,1.3,0.755154019594141,0.710991264003596,0.7364893069385405,0.710991264003596,1.421982528007192,0.8599302287347637,0.7292644797170471,0.8951966564736398,1.421982528007192,0.7717865951503811,0.8528591552826672,0.7238380990081603,0.805419762454434,0.8029152712258716,1.4913910471562724,0.7396097636244567,0.710991264003596,0.7344472822276941,0.8500456873833169,0.7921909394011701,1.559359978841357,0.794145937445541,0.710991264003596,1.0030332487795226,0.9173617918114169,0.8344446937056109,0.7354141545750863,0.8730793923527911,0.7572452426352019,0.7284948456868829,0.8242586020205542,1.0206713109158585,1.4538192025145489,1.109944899606653,0.7688921853291073,0.710991264003596,0.8754300401658357,0.7754587708741263,0.78427534010989,0.7566599479587888,0.710991264003596,0.710991264003596,1.4949565865917718,0.7219630185804893,0.8291116899659319,0.7187477417284811,0.8294840451520017,1.4482748487424497,0.7841539067673438,0.7153971904275653,0.794008493028074,0.7865623164687326,0.8781350653972434,0.7269666160090276,1.421982528007192,0.9438452857385801,1.2924335122885036,0.7476673397278759,0.7557222997312683,0.9228548378372267,0.7361375724146605,1.4755055268255082,1.4300221309381458,0.8190142131622306,0.7134317385851925,0.8538999123018727,0.8941997283542013,0.7127505756114364,0.7549164457135994,0.8111615367429849,1.190687387344574,0.7789804426653308,0.8736983107624723,0.788072346919795,1.1793054360372017,0.9792901783498247,0.7344208523798295,0.9420161768849961,0.8587261682026418,0.7716211208715364,1.536284457544863,0.7435639323602571,0.722519902738233,1.5542790382900815,0.7351073314129265,0.7277779729978031,0.710991264003596,0.711124668017299,0.9557256185996977,0.9369257272317935,0.7567232966278803,0.8773464741472142,0.8016638521980093,0.7878645993161666,0.7868547728622717,0.9542528194921819,0.7830518531142238
5,39,0.7157973945215995,1.0168488026015778,1.3,0.755154019594141,0.710991264003596,0.7364893069385405,0.710991264003596,1.421982528007192,0.8599302287347637,0.7292644797170471,0.8951966564736398,1.421982528007192,0.7717865951503811,0.8528591552826672,0.7238380990081603,0.805419762454434,0.8029152712258716,1.4913910471562724,0.7396097636244567,0.710991264003596,0.7344472822276941,0.8500456873833169,0.7921909394011701,1.559359978841357,0.794145937445541,0.710991264003596,1.0030332487795226,0.9173617918114169,0.8344446937056109,0.7354141545750863,0.8730793923527911,0.7572452426352019,0.7284948456868829,0.8242586020205542,1.0206713109158585,1.4538192025145489,1.109944899606653,0.7688921853291073,0.710991264003596,0.8754300401658357,0.7754587708741263,0.78427534010989,0.7566599479587888,0.710991264003596,0.710991264003596,1.4949565865917718,0.7219630185804893,0.8291116899659319,0.7187477417284811,0.8294840451520017,1.4482748487424497,0.7841539067673438,0.7153971904275653,0.794008493028074,0.7865623164687326,0.8781350653972434,0.7269666160090276,1.421982528007192,0.9438452857385801,1.2924335122885036,0.7476673397278759,0.7557222997312683,0.9228548378372267,0.7361375724146605,1.4755055268255082,1.4300221309381458,0.8190142131622306,0.7134317385851925,0.8538999123018727,0.8941997283542013,0.7127505756114364,0.7549164457135994,0.8111615367429849,1.190687387344574,0.7789804426653308,0.8736983107624723,0.788072346919795,1.1793054360372017,0.9792901783498247,0.7344208523798295,0.9420161768849961,0.8587261682026418,0.7716211208715364,1.536284457544863,0.7435639323602571,0.722519902738233,1.5542790382900815,0.7351073314129265,0.7277779729978031,0.710991264003596,0.711124668017299,0.9557256185996977,0.9369257272317935,0.7567232966278803,0.8773464741472142,0.8016638521980093,0.7878645993161666,0.7868547728622717,0.9542528194921819,0.7830518531142238
6,0,1.0094567868236004,1.5713564472066657,0.8882889540987564,0.7537419896894765,0.7464600061181239,0.7325945206040827,0.8294840451520017,1.0227863968814397,1.3,0.7754587708741263,0.7344472822276941,0.710991264003596,0.7768041588098207,0.8183785762268797,0.710991264003596,1.3,0.7238380990081603,0.7472054003366577,0.7688921853291073,0.7524702465291315,0.7187477417284811,0.734808252786924,0.7851107141983619,0.710991264003596,0.734824740275009,0.710991264003596,0.9188569825108338,1.0030332487795226,0.78427534010989,0.7178865356202236,0.7204559317745443,0.7266221306243865,0.7354141545750863,0.7294024152519538,0.744647992282889,0.755154019594141,0.7237079285877928,1.421982528007192,0.7627082731637713,0.7566599479587888,0.8997034952094471,0.710991264003596,0.8528591552826672,0.7294613508010614,0.7460311089187506,0.710991264003596,0.881623642008571,0.713878745908916,1.4587018795321947,0.7284948456868829,0.7701815528341711,0.710991264003596,0.71922592252548,0.7712045323316534,0.8628667954210455,0.7415794216388376,0.7768983232067896,0.7557282259613267,0.7461712881988924,1.448755422739016,0.7287536646083854,0.7659071248784001,0.7151657176776745,0.8142767973021203,0.7519046465734409,1.43074381901208,1.1733612709129781,0.9108524291863451,0.710991264003596,0.710991264003596,1.3,1.3,0.7435297139852922,1.0186321192955947,0.8097723957121393,0.7331412690169534,0.7627363175069082,0.7138524009061223,0.7331060875658357,0.7223109550090179,1.009960325306832,1.0478502222349095,0.7680565179881059,1.0500444832632518,0.8264777933129102,0.8936405144625413,0.8289860553752095,1.095189189973206,1.4544650158115888,0.7560331605158743,1.3,0.7715628103615424,0.7634196065380896,0.7833269602661975,0.7337525386816617,0.8976458969228124,0.74924745066687,0.744517118967623,0.748250709902982,0.9768285756223435
6,1,1.0094567868236004,1.010350142128868,0.8882889540987564,0.7537419896894765,0.7464600061181239,0.7325945206040827,0.8294840451520017,1.0227863968814397,1.3,0.7754587708741263,0.7344472822276941,0.710991264003596,0.7768041588098207,0.8183785762268797,0.710991264003596,1.3,0.7238380990081603,0.7472054003366577,0.7688921853291073,0.7524702465291315,0.7187477417284811,0.734808252786924,0.7851107141983619,0.710991264003596,0.734824740275009,0.710991264003596,0.9188569825108338,1.0030332487795226,0.78427534010989,1.4631901834874474,0.8159916441761956,0.7489996044290932,1.499890086221225,0.7294024152519538,0.744647992282889,0.755154019594141,0.7237079285877928,1.421982528007192,0.7627082731637713,0.7566599479587888,0.8997034952094471,0.710991264003596,0.8528591552826672,1.421982528007192,0.7460311089187506,0.710991264003596,0.881623642008571,0.713878745908916,1.4587018795321947,0.7284948456868829,0.7701815528341711,0.7166781371527009,0.71922592252548,0.7712045323316534,0.8628667954210455,0.7415794216388376,0.7768983232067896,0.8034902121564741,1.4389882579494118,1.448755422739016,0.7287536646083854,0.7659071248784001,0.7151657176776745,0.8142767973021203,0.7519046465734409,1.3,0.8151739648702946,0.9108524291863451,0.710991264003596,0.710991264003596,1.3,1.3,0.7155457941140138,1.0186321192955947,0.8097723957121393,0.7331412690169534,0.8843577617766648,0.7138524009061223,0.7331060875658357,0.7813135975023078,1.009960325306832,1.0478502222349095,0.7680565179881059,0.8089629462687172,0.7853025533447153,0.8936405144625413,0.7228795613826342,1.095189189973206,1.218609450556379,0.7807498358569176,0.9941121106701096,0.8305412266097061,0.7289399303050352,1.273641362506506,0.8003376182112772,0.7538112000570658,0.8598581355807979,0.9983177839570254,0.7251644609653285,0.8520927955228788
6,2,1.0094567868236004,1.010350142128868,0.8882889540987564,0.7537419896894765,0.7464600061181239,0.7325945206040827,0.8294840451520017,1.0227863968814397,1.3,0.7754587708741263,0.7344472822276941,0.710991264003596,0.7768041588098207,0.8183785762268797,0.710991264003596,1.3,0.7238380990081603,0.7472054003366577,0.7688921853291073,0.7524702465291315,0.7187477417284811,0.734808252786924,0.7851107141983619,0.710991264003596,0.734824740275009,0.710991264003596,0.9188569825108338,1.0030332487795226,0.78427534010989,1.4631901834874474,0.8159916441761956,0.7489996044290932,1.499890086221225,0.7294024152519538,0.744647992282889,0.755154019594141,0.7237079285877928,1.421982528007192,0.7627082731637713,0.7566599479587888,0.8997034952094471,0.710991264003596,0.8528591552826672,1.421982528007192,0.7460311089187506,0.710991264003596,0.881623642008571,0.713878745908916,1.4587018795321947,0.7284948456868829,0.7701815528341711,0.7166781371527009,0.71922592252548,0.7712045323316534,0.8628667954210455,0.7415794216388376,0.7768983232067896,0.8034902121564741,1.4389882579494118,1.448755422739016,0.7287536646083854,0.7659071248784001,0.7151657176776745,0.8142767973021203,0.7519046465734409,1.3,0.8151739648702946,0.9108524291863451,0.710991264003596,0.710991264003596,1.3,1.3,0.7155457941140138,1.0186321192955947,0.8097723957121393,0.7331412690169534,0.8843577617766648,0.7138524009061223,0.7331060875658357,0.7813135975023078,1.009960325306832,1.0478502222349095,0.7680565179881059,0.8089629462687172,0.7853025533447153,0.8936405144625413,0.7228795613826342,1.095189189973206,1.218609450556379,0.7807498358569176,0.9941121106701096,0.8305412266097061,0.7289399303050352,1.273641362506506,0.8003376182112772,0.7538112000570658,0.8598581355807979,0.9983177839570254,0.7251644609653285,0.8520927955228803
6,3,1.0094567868236004,1.010350142128868,0.8882889540987564,0.7537419896894765,0.7464600061181239,0.7325945206040827,0.8294840451520017,1.0227863968814397,1.3,0.7754587708741263,0.7344472822276941,0.710991264003596,0.7768041588098207,0.8183785762268797,0.710991264003596,1.3,0.7238380990081603,0.7472054003366577,0.7688921853291073,0.7524702465291315,0.7187477417284811,0.734808252786924,0.7851107141983619,0.710991264003596,0.734824740275009,0.710991264003596,0.9188569825108338,1.0030332487795226,0.78427534010989,1.4631901834874474,0.8159916441761956,0.7489996044290932,1.499890086221225,0.7294024152519538,0.744647992282889,0.755154019594141,0.7237079285877928,1.421982528007192,0.7627082731637713,0.7566599479587888,0.8997034952094471,0.710991264003596,0.8528591552826672,1.421982528007192,0.7460311089187506,0.710991264003596,0.881623642008571,0.713878745908916,1.4587018795321947,0.7284948456868829,0.7701815528341711,0.7166781371527009,0.71922592252548,0.7712045323316534,0.8628667954210455,0.7415794216388376,0.7768983232067896,0.8034902121564741,1.4389882579494118,1.448755422739016,0.7287536646083854,0.7659071248784001,0.7151657176776745,0.8142767973021203,0.7519046465734409,1.3,0.8151739648702946,0.9108524291863451,0.710991264003596,0.710991264003596,1.3,1.3,0.7155457941140138,1.0186321192955947,0.8097723957121393,0.7331412690169534,0.8843577617766648,0.7138524009061223,0.7331060875658357,0.7813135975023078,1.009960325306832,1.0478502222349095,0.7680565179881059,0.8089629462687172,0.7853025533447153,0.8936405144625413,0.7228795613826342,1.095189189973206,1.218609450556379,0.7807498358569176,0.9941121106701096,0.8305412266097061,0.7289399303050352,1.273641362506506,0.8003376182112772,0.7538112000570658,0.8598581355807979,0.9983177839570254,0.7251644609653285,0.8520927955228803
6,4,1.0094567868236004,1.010350142128868,0.8882889540987564,0.7537419896894765,0.7464600061181239,0.7325945206040827,0.8294840451520017,1.0227863968814397,1.3,0.7754587708741263,0.7344472822276941,0.710991264003596,0.7768041588098207,0.8183785762268797,0.710991264003596,1.3,0.7238380990081603,0.7472054003366577,0.7688921853291073,0.7524702465291315,0.7187477417284811,0.734808252786924,0.7851107141983619,0.710991264003596,0.734824740275009,0.710991264003596,0.9188569825108338,1.0030332487795226,0.78427534010989,1.4631901834874474,0.8159916441761956,0.7489996044290932,1.499890086221225,0.7294024152519538,0.744647992282889,0.755154019594141,0.7237079285877928,1.421982528007192,0.7627082731637713,0.7566599479587888,0.8997034952094471,0.710991264003596,0.8528591552826672,1.421982528007192,0.7460311089187506,0.710991264003596,0.881623642008571,0.713878745908916,1.4587018795321947,0.7284948456868829,0.7701815528341711,0.7166781371527009,0.71922592252548,0.7712045323316534,0.8628667954210455,0.7415794216388376,0.7768983232067896,0.8034902121564741,1.4389882579494118,1.448755422739016,0.7287536646083854,0.7659071248784001,0.7151657176776745,0.8142767973021203,0.7519046465734409,1.3,0.8151739648702946,0.9108524291863451,0.710991264003596,0.710991264003596,1.3,1.3,0.7155457941140138,1.0186321192955947,0.8097723957121393,0.7331412690169534,0.8843577617766648,0.7138524009061223,0.7331060875658357,0.7813135975023078,1.009960325306832,1.0478502222349095,0.7680565179881059,0.8089629462687172,0.7853025533447153,0.8936405144625413,0.7228795613826342,1.095189189973206,1.218609450556379,0.7807498358569176,0.9941121106701096,0.8305412266097061,0.7289399303050352,1.273641362506506,0.8003376182112772,0.7538112000570658,0.8598581355807979,0.9983177839570254,0.7251644609653285,0.8520927955228803
6,5,1.0094567868236004,1.010350142128868,0.8882889540987564,0.7537419896894765,0.7464600061181239,0.7325945206040827,0.8294840451520017,1.0227863968814397,1.3,0.7754587708741263,0.7344472822276941,0.710991264003596,0.7768041588098207,0.8183785762268797,0.710991264003596,1.3,0.7238380990081603,0.7472054003366577,0.7688921853291073,0.7524702465291315,0.7187477417284811,0.734808252786924,0.7851107141983619,0.710991264003596,0.734824740275009,0.710991264003596,0.9188569825108338,1.0030332487795226,0.78427534010989,1.4631901834874474,0.8159916441761956,0.7489996044290932,1.499890086221225,0.7294024152519538,0.744647992282889,0.755154019594141,0.7237079285877928,1.421982528007192,0.7627082731637713,0.7566599479587888,0.8997034952094471,0.710991264003596,0.8528591552826672,1.421982528007192,0.7460311089187506,0.710991264003596,0.881623642008571,0.713878745908916,1.4587018795321947,0.7284948456868829,0.7701815528341711,0.7166781371527009,0.71922592252548,0.7712045323316534,0.8628667954210455,0.7415794216388376,0.7768983232067896,0.8034902121564741,1.4389882579494118,1.448755422739016,0.7287536646083854,0.7659071248784001,0.7151657176776745,0.8142767973021203,0.7519046465734409,1.3,0.8151739648702946,0.9108524291863451,0.710991264003596,0.710991264003596,1.3,1.3,0.7155457941140138,1.0186321192955947,0.8097723957121393,0.7331412690169534,0.8843577617766648,0.7138524009061223,0.7331060875658357,0.7813135975023078,1.009960325306832,1.0478502222349095,0.7680565179881059,0.8089629462687172,0.7853025533447153,0.8936405144625413,0.7228795613826342,1.095189189973206,1.218609450556379,0.7807498358569176,0.9941121106701096,0.8305412266097061,0.7289399303050352,1.273641362506506,0.8003376182112772,0.7538112000570658,0.8598581355807979,0.9983177839570254,0.7251644609653285,0.8520927955228803
6,6,1.0094567868236004,1.010350142128868,0.8882889540987564,0.7537419896894765,0.7464600061181239,0.7325945206040827,0.8294840451520017,1.0227863968814397,1.3,0.7754587708741263,0.7344472822276941,0.710991264003596,0.7768041588098207,0.8183785762268797,0.710991264003596,1.3,0.7238380990081603,0.7472054003366577,0.7688921853291073,0.7524702465291315,0.7187477417284811,0.734808252786924,0.7851107141983619,0.710991264003596,0.734824740275009,0.710991264003596,0.9188569825108338,1.0030332487795226,0.78427534010989,1.4631901834874474,0.8159916441761956,0.7489996044290932,1.499890086221225,0.7294024152519538,0.744647992282889,0.755154019594141,0.7237079285877928,1.421982528007192,0.7627082731637713,0.7566599479587888,0.8997034952094471,0.710991264003596,0.8528591552826672,1.421982528007192,0.7460311089187506,0.710991264003596,0.881623642008571,0.713878745908916,1.4587018795321947,0.7284948456868829,0.7701815528341711,0.7166781371527009,0.71922592252548,0.7712045323316534,0.8628667954210455,0.7415794216388376,0.7768983232067896,0.8034902121564741,1.4389882579494118,1.448755422739016,0.7287536646083854,0.7659071248784001,0.7151657176776745,0.8142767973021203,0.7519046465734409,1.3,0.8151739648702946,0.9108524291863451,0.710991264003596,0.710991264003596,1.3,1.3,0.7155457941140138,1.0186321192955947,0.8097723957121393,0.7331412690169534,0.8843577617766648,0.7138524009061223,0.7331060875658357,0.7813135975023078,1.009960325306832,1.0478502222349095,0.7680565179881059,0.8089629462687172,0.7853025533447153,0.8936405144625413,0.7228795613826342,1.095189189973206,1.218609450556379,0.7807498358569176,0.9941121106701096,0.8305412266097061,0.7289399303050352,1.273641362506506,0.8003376182112772,0.7538112000570658,0.8598581355807979,0.9983177839570254,0.7251644609653285,0.8520927955228803
6,7,1.0094567868236004,1.010350142128868,0.8882889540987564,0.7537419896894765,0.7464600061181239,0.7325945206040827,0.8294840451520017,1.0227863968814397,1.3,0.7754587708741263,0.7344472822276941,0.710991264003596,0.7768041588098207,0.8183785762268797,0.710991264003596,1.3,0.7238380990081603,0.7472054003366577,0.7688921853291073,0.7524702465291315,0.7187477417284811,0.734808252786924,0.7851107141983619,0.710991264003596,0.734824740275009,0.710991264003596,0.9188569825108338,1.0030332487795226,0.78427534010989,1.4631901834874474,0.8159916441761956,0.7489996044290932,1.499890086221225,0.7294024152519538,0.744647992282889,0.755154019594141,0.7237079285877928,1.421982528007192,0.7627082731637713,0.7566599479587888,0.8997034952094471,0.710991264003596,0.8528591552826672,1.421982528007192,0.7460311089187506,0.710991264003596,0.881623642008571,0.713878745908916,1.4587018795321947,0.7284948456868829,0.7701815528341711,0.7166781371527009,0.71922592252548,0.7712045323316534,0.8628667954210455,0.7415794216388376,0.7768983232067896,0.8034902121564741,1.4389882579494118,1.448755422739016,0.7287536646083854,0.7659071248784001,0.7151657176776745,0.8142767973021203,0.7519046465734409,1.3,0.8151739648702946,0.9108524291863451,0.710991264003596,0.710991264003596,1.3,1.3,0.7155457941140138,1.0186321192955947,0.8097723957121393,0.7331412690169534,0.8843577617766648,0.7138524009061223,0.7331060875658357,0.7813135975023078,1.009960325306832,1.0478502222349095,0.7680565179881059,0.8089629462687172,0.7853025533447153,0.8936405144625413,0.7228795613826342,1.095189189973206,1.218609450556379,0.7807498358569176,0.9941121106701096,0.8305412266097061,0.7289399303050352,1.273641362506506,0.8003376182112772,0.7538112000570658,0.8598581355807979,0.9983177839570254,0.7251644609653285,0.8520927955228803
6,8,1.0094567868236004,1.010350142128868,0.8882889540987564,0.7537419896894765,0.7464600061181239,0.7325945206040827,0.8294840451520017,1.0227863968814397,1.3,0.7754587708741263,0.7344472822276941,0.710991264003596,0.7768041588098207,0.8183785762268797,0.710991264003596,1.3,0.7238380990081603,0.7472054003366577,0.7688921853291073,0.7524702465291315,0.7187477417284811,0.734808252786924,0.7851107141983619,0.710991264003596,0.734824740275009,0.710991264003596,0.9188569825108338,1.0030332487795226,0.78427534010989,1.4631901834874474,0.8159916441761956,0.7489996044290932,1.499890086221225,0.7294024152519538,0.744647992282889,0.755154019594141,0.7237079285877928,1.421982528007192,0.7627082731637713,0.7566599479587888,0.8997034952094471,0.710991264003596,0.8528591552826672,1.421982528007192,0.7460311089187506,0.710991264003596,0.881623642008571,0.713878745908916,1.4587018795321947,0.7284948456868829,0.7701815528341711,0.7166781371527009,0.71922592252548,0.7712045323316534,0.8628667954210455,0.7415794216388376,0.7768983232067896,0.8034902121564741,1.4389882579494118,1.448755422739016,0.7287536646083854,0.7659071248784001,0.7151657176776745,0.8142767973021203,0.7519046465734409,1.3,0.8151739648702946,0.9108524291863451,0.710991264003596,0.710991264003596,1.3,1.3,0.7155457941140138,1.0186321192955947,0.8097723957121393,0.7331412690169534,0.8843577617766648,0.7138524009061223,0.7331060875658357,0.7813135975023078,1.009960325306832,1.0478502222349095,0.7680565179881059,0.8089629462687172,0.7853025533447153,0.8936405144625413,0.7228795613826342,1.095189189973206,1.218609450556379,0.7807498358569176,0.9941121106701096,0.8305412266097061,0.7289399303050352,1.273641362506506,0.8003376182112772,0.7538112000570658,0.8598581355807979,0.9983177839570254,0.7251644609653285,0.8520927955228803
6,9,1.0094567868236004,1.010350142128868,0.8882889540987564,0.7537419896894765,0.7464600061181239,0.7325945206040827,0.8294840451520017,1.0227863968814397,1.3,0.7754587708741263,0.7344472822276941,0.710991264003596,0.7768041588098207,0.8183785762268797,0.710991264003596,1.3,0.7238380990081603,0.7472054003366577,0.7688921853291073,0.7524702465291315,0.7187477417284811,0.734808252786924,0.7851107141983619,0.710991264003596,0.734824740275009,0.710991264003596,0.9188569825108338,1.0030332487795226,0.78427534010989,1.4631901834874474,0.8159916441761956,0.7489996044290932,1.499890086221225,0.7294024152519538,0.744647992282889,0.755154019594141,0.7237079285877928,1.421982528007192,0.7627082731637713,0.7566599479587888,0.8997034952094471,0.710991264003596,0.8528591552826672,1.421982528007192,0.7460311089187506,0.710991264003596,0.881623642008571,0.713878745908916,1.4587018795321947,0.7284948456868829,0.7701815528341711,0.7166781371527009,0.71922592252548,0.7712045323316534,0.8628667954210455,0.7415794216388376,0.7768983232067896,0.8034902121564741,1.4389882579494118,1.448755422739016,0.7287536646083854,0.7659071248784001,0.7151657176776745,0.8142767973021203,0.7519046465734409,1.3,0.8151739648702946,0.9108524291863451,0.710991264003596,0.710991264003596,1.3,1.3,0.7155457941140138,1.0186321192955947,0.8097723957121393,0.7331412690169534,0.8843577617766648,0.7138524009061223,0.7331060875658357,0.7813135975023078,1.009960325306832,1.0478502222349095,0.7680565179881059,0.8089629462687172,0.7853025533447153,0.8936405144625413,0.7228795613826342,1.095189189973206,1.218609450556379,0.7807498358569176,0.9941121106701096,0.8305412266097061,0.7289399303050352,1.273641362506506,0.8003376182112772,0.7538112000570658,0.8598581355807979,0.9983177839570254,0.7251644609653285,0.8520927955228803
6,10,1.0094567868236004,1.010350142128868,0.8882889540987564,0.7537419896894765,0.7464600061181239,0.7325945206040827,0.8294840451520017,1.0227863968814397,1.3,0.7754587708741263,0.7344472822276941,0.710991264003596,0.7768041588098207,0.8183785762268797,0.710991264003596,1.3,0.7238380990081603,0.7472054003366577,0.7688921853291073,0.7524702465291315,0.7187477417284811,0.734808252786924,0.7851107141983619,0.710991264003596,0.734824740275009,0.710991264003596,0.9188569825108338,1.0030332487795226,0.78427534010989,1.4631901834874474,0.8159916441761956,0.7489996044290932,1.499890086221225,0.7294024152519538,0.744647992282889,0.755154019594141,0.7237079285877928,1.421982528007192,0.7627082731637713,0.7566599479587888,0.8997034952094471,0.710991264003596,0.8528591552826672,1.421982528007192,0.7460311089187506,0.710991264003596,0.881623642008571,0.713878745908916,1.4587018795321947,0.7284948456868829,0.7701815528341711,0.7166781371527009,0.71922592252548,0.7712045323316534,0.8628667954210455,0.7415794216388376,0.7768983232067896,0.8034902121564741,1.4389882579494118,1.448755422739016,0.7287536646083854,0.7659071248784001,0.7151657176776745,0.8142767973021203,0.7519046465734409,1.3,0.8151739648702946,0.9108524291863451,0.710991264003596,0.710991264003596,1.3,1.3,0.7155457941140138,1.0186321192955947,0.8097723957121393,0.7331412690169534,0.8843577617766648,0.7138524009061223,0.7331060875658357,0.7813135975023078,1.009960325306832,1.0478502222349095,0.7680565179881059,0.8089629462687172,0.7853025533447153,0.8936405144625413,0.7228795613826342,1.095189189973206,1.218609450556379,0.7807498358569176,0.9941121106701096,0.8305412266097061,0.7289399303050352,1.273641362506506,0.8003376182112772,0.7538112000570658,0.8598581355807979,0.9983177839570254,0.7251644609653285,0.8520927955228803
6,11,1.0094567868236004,1.010350142128868,0.8882889540987564,0.7537419896894765,0.7464600061181239,0.7325945206040827,0.8294840451520017,1.0227863968814397,1.3,0.7754587708741263,0.7344472822276941,0.710991264003596,0.7768041588098207,0.8183785762268797,0.710991264003596,1.3,0.7238380990081603,0.7472054003366577,0.7688921853291073,0.7524702465291315,0.7187477417284811,0.734808252786924,0.7851107141983619,0.710991264003596,0.734824740275009,0.710991264003596,0.9188569825108338,1.0030332487795226,0.78427534010989,1.4631901834874474,0.8159916441761956,0.7489996044290932,1.499890086221225,0.7294024152519538,0.744647992282889,0.755154019594141,0.7237079285877928,1.421982528007192,0.7627082731637713,0.7566599479587888,0.8997034952094471,0.710991264003596,0.8528591552826672,1.421982528007192,0.7460311089187506,0.710991264003596,0.881623642008571,0.713878745908916,1.4587018795321947,0.7284948456868829,0.7701815528341711,0.7166781371527009,0.71922592252548,0.7712045323316534,0.8628667954210455,0.7415794216388376,0.7768983232067896,0.8034902121564741,1.4389882579494118,1.448755422739016,0.7287536646083854,0.7659071248784001,0.7151657176776745,0.8142767973021203,0.7519046465734409,1.3,0.8151739648702946,0.9108524291863451,0.710991264003596,0.710991264003596,1.3,1.3,0.7155457941140138,1.0186321192955947,0.8097723957121393,0.7331412690169534,0.8843577617766648,0.7138524009061223,0.7331060875658357,0.7813135975023078,1.009960325306832,1.0478502222349095,0.7680565179881059,0.8089629462687172,0.7853025533447153,0.8936405144625413,0.7228795613826342,1.095189189973206,1.218609450556379,0.7807498358569176,0.9941121106701096,0.8305412266097061,0.7289399303050352,1.273641362506506,0.8003376182112772,0.7538112000570658,0.8598581355807979,0.9983177839570254,0.7251644609653285,0.8520927955228803
6,12,1.0094567868236004,1.010350142128868,0.8882889540987564,0.7537419896894765,0.7464600061181239,0.7325945206040827,0.8294840451520017,1.0227863968814397,1.3,0.7754587708741263,0.7344472822276941,0.710991264003596,0.7768041588098207,0.8183785762268797,0.710991264003596,1.3,0.7238380990081603,0.7472054003366577,0.7688921853291073,0.7524702465291315,0.7187477417284811,0.734808252786924,0.7851107141983619,0.710991264003596,0.734824740275009,0.710991264003596,0.9188569825108338,1.0030332487795226,0.78427534010989,1.4631901834874474,0.8159916441761956,0.7489996044290932,1.499890086221225,0.7294024152519538,0.744647992282889,0.755154019594141,0.7237079285877928,1.421982528007192,0.7627082731637713,0.7566599479587888,0.8997034952094471,0.710991264003596,0.8528591552826672,1.421982528007192,0.7460311089187506,0.710991264003596,0.881623642008571,0.713878745908916,1.4587018795321947,0.7284948456868829,0.7701815528341711,0.7166781371527009,0.71922592252548,0.7712045323316534,0.8628667954210455,0.7415794216388376,0.7768983232067896,0.8034902121564741,1.4389882579494118,1.448755422739016,0.7287536646083854,0.7659071248784001,0.7151657176776745,0.8142767973021203,0.7519046465734409,1.3,0.8151739648702946,0.9108524291863451,0.710991264003596,0.710991264003596,1.3,1.3,0.7155457941140138,1.0186321192955947,0.8097723957121393,0.7331412690169534,0.8843577617766648,0.7138524009061223,0.7331060875658357,0.7813135975023078,1.009960325306832,1.0478502222349095,0.7680565179881059,0.8089629462687172,0.7853025533447153,0.8936405144625413,0.7228795613826342,1.095189189973206,1.218609450556379,0.7807498358569176,0.9941121106701096,0.8305412266097061,0.7289399303050352,1.273641362506506,0.8003376182112772,0.7538112000570658,0.8598581355807979,0.9983177839570254,0.7251644609653285,0.8520927955228803
6,13,1.0094567868236004,1.010350142128868,0.8882889540987564,0.7537419896894765,0.7464600061181239,0.7325945206040827,0.8294840451520017,1.0227863968814397,1.3,0.7754587708741263,0.7344472822276941,0.710991264003596,0.7768041588098207,0.8183785762268797,0.710991264003596,1.3,0.7238380990081603,0.7472054003366577,0.7688921853291073,0.7524702465291315,0.7187477417284811,0.734808252786924,0.7851107141983619,0.710991264003596,0.734824740275009,0.710991264003596,0.9188569825108338,1.0030332487795226,0.78427534010989,1.4631901834874474,0.8159916441761956,0.7489996044290932,1.499890086221225,0.7294024152519538,0.744647992282889,0.755154019594141,0.7237079285877928,1.421982528007192,0.7627082731637713,0.7566599479587888,0.8997034952094471,0.710991264003596,0.8528591552826672,1.421982528007192,0.7460311089187506,0.710991264003596,0.881623642008571,0.713878745908916,1.4587018795321947,0.7284948456868829,0.7701815528341711,0.7166781371527009,0.71922592252548,0.7712045323316534,0.8628667954210455,0.7415794216388376,0.7768983232067896,0.8034902121564741,1.4389882579494118,1.448755422739016,0.7287536646083854,0.7659071248784001,0.7151657176776745,0.8142767973021203,0.7519046465734409,1.3,0.8151739648702946,0.9108524291863451,0.710991264003596,0.710991264003596,1.3,1.3,0.7155457941140138,1.0186321192955947,0.8097723957121393,0.7331412690169534,0.8843577617766648,0.7138524009061223,0.7331060875658357,0.7813135975023078,1.009960325306832,1.0478502222349095,0.7680565179881059,0.8089629462687172,0.7853025533447153,0.8936405144625413,0.7228795613826342,1.095189189973206,1.218609450556379,0.7807498358569176,0.9941121106701096,0.8305412266097061,0.7289399303050352,1.273641362506506,0.8003376182112772,0.7538112000570658,0.8598581355807979,0.9983177839570254,0.7251644609653285,0.8520927955228803
6,14,1.0094567868236004,1.010350142128868,0.8882889540987564,0.7537419896894765,0.7464600061181239,0.7325945206040827,0.8294840451520017,1.0227863968814397,1.3,0.7754587708741263,0.7344472822276941,0.710991264003596,0.7768041588098207,0.8183785762268797,0.710991264003596,1.3,0.7238380990081603,0.7472054003366577,0.7688921853291073,0.7524702465291315,0.7187477417284811,0.734808252786924,0.7851107141983619,0.710991264003596,0.734824740275009,0.710991264003596,0.9188569825108338,1.0030332487795226,0.78427534010989,1.4631901834874474,0.8159916441761956,0.7489996044290932,1.499890086221225,0.7294024152519538,0.744647992282889,0.755154019594141,0.7237079285877928,1.421982528007192,0.7627082731637713,0.7566599479587888,0.8997034952094471,0.710991264003596,0.8528591552826672,1.421982528007192,0.7460311089187506,0.710991264003596,0.881623642008571,0.713878745908916,1.4587018795321947,0.7284948456868829,0.7701815528341711,0.7166781371527009,0.71922592252548,0.7712045323316534,0.8628667954210455,0.7415794216388376,0.7768983232067896,0.8034902121564741,1.4389882579494118,1.448755422739016,0.7287536646083854,0.7659071248784001,0.7151657176776745,0.8142767973021203,0.7519046465734409,1.3,0.8151739648702946,0.9108524291863451,0.710991264003596,0.710991264003596,1.3,1.3,0.7155457941140138,1.0186321192955947,0.8097723957121393,0.7331412690169534,0.8843577617766648,0.7138524009061223,0.7331060875658357,0.7813135975023078,1.009960325306832,1.0478502222349095,0.7680565179881059,0.8089629462687172,0.7853025533447153,0.8936405144625413,0.7228795613826342,1.095189189973206,1.218609450556379,0.7807498358569176,0.9941121106701096,0.8305412266097061,0.7289399303050352,1.273641362506506,0.8003376182112772,0.7538112000570658,0.8598581355807979,0.9983177839570254,0.7251644609653285,0.8520927955228803
6,15,1.0094567868236004,1.010350142128868,0.8882889540987564,0.7537419896894765,0.7464600061181239,0.7325945206040827,0.8294840451520017,1.0227863968814397,1.3,0.7754587708741263,0.7344472822276941,0.710991264003596,0.7768041588098207,0.8183785762268797,0.710991264003596,1.3,0.7238380990081603,0.7472054003366577,0.7688921853291073,0.7524702465291315,0.7187477417284811,0.734808252786924,0.7851107141983619,0.710991264003596,0.734824740275009,0.710991264003596,0.9188569825108338,1.0030332487795226,0.78427534010989,1.4631901834874474,0.8159916441761956,0.7489996044290932,1.499890086221225,0.7294024152519538,0.744647992282889,0.755154019594141,0.7237079285877928,1.421982528007192,0.7627082731637713,0.7566599479587888,0.8997034952094471,0.710991264003596,0.8528591552826672,1.421982528007192,0.7460311089187506,0.710991264003596,0.881623642008571,0.713878745908916,1.4587018795321947,0.7284948456868829,0.7701815528341711,0.7166781371527009,0.71922592252548,0.7712045323316534,0.8628667954210455,0.7415794216388376,0.7768983232067896,0.8034902121564741,1.4389882579494118,1.448755422739016,0.7287536646083854,0.7659071248784001,0.7151657176776745,0.8142767973021203,0.7519046465734409,1.3,0.8151739648702946,0.9108524291863451,0.710991264003596,0.710991264003596,1.3,1.3,0.7155457941140138,1.0186321192955947,0.8097723957121393,0.7331412690169534,0.8843577617766648,0.7138524009061223,0.7331060875658357,0.7813135975023078,1.009960325306832,1.0478502222349095,0.7680565179881059,0.8089629462687172,0.7853025533447153,0.8936405144625413,0.7228795613826342,1.095189189973206,1.218609450556379,0.7807498358569176,0.9941121106701096,0.8305412266097061,0.7289399303050352,1.273641362506506,0.8003376182112772,0.7538112000570658,0.8598581355807979,0.9983177839570254,0.7251644609653285,0.8520927955228803
6,16,1.0094567868236004,1.010350142128868,0.8882889540987564,0.7537419896894765,0.7464600061181239,0.7325945206040827,0.8294840451520017,1.0227863968814397,1.3,0.7754587708741263,0.7344472822276941,0.710991264003596,0.7768041588098207,0.8183785762268797,0.710991264003596,1.3,0.7238380990081603,0.7472054003366577,0.7688921853291073,0.7524702465291315,0.7187477417284811,0.734808252786924,0.7851107141983619,0.710991264003596,0.734824740275009,0.710991264003596,0.9188569825108338,1.0030332487795226,0.78427534010989,1.4631901834874474,0.8159916441761956,0.7489996044290932,1.499890086221225,0.7294024152519538,0.744647992282889,0.755154019594141,0.7237079285877928,1.421982528007192,0.7627082731637713,0.7566599479587888,0.8997034952094471,0.710991264003596,0.8528591552826672,1.421982528007192,0.7460311089187506,0.710991264003596,0.881623642008571,0.713878745908916,1.4587018795321947,0.7284948456868829,0.7701815528341711,0.7166781371527009,0.71922592252548,0.7712045323316534,0.8628667954210455,0.7415794216388376,0.7768983232067896,0.8034902121564741,1.4389882579494118,1.448755422739016,0.7287536646083854,0.7659071248784001,0.7151657176776745,0.8142767973021203,0.7519046465734409,1.3,0.8151739648702946,0.9108524291863451,0.710991264003596,0.710991264003596,1.3,1.3,0.7155457941140138,1.0186321192955947,0.8097723957121393,0.7331412690169534,0.8843577617766648,0.7138524009061223,0.7331060875658357,0.7813135975023078,1.009960325306832,1.0478502222349095,0.7680565179881059,0.8089629462687172,0.7853025533447153,0.8936405144625413,0.7228795613826342,1.095189189973206,1.218609450556379,0.7807498358569176,0.9941121106701096,0.8305412266097061,0.7289399303050352,1.273641362506506,0.8003376182112772,0.7538112000570658,0.8598581355807979,0.9983177839570254,0.7251644609653285,0.8520927955228803
6,17,1.0094567868236004,1.010350142128868,0.8882889540987564,0.7537419896894765,0.7464600061181239,0.7325945206040827,0.8294840451520017,1.0227863968814397,1.3,0.7754587708741263,0.7344472822276941,0.710991264003596,0.7768041588098207,0.8183785762268797,0.710991264003596,1.3,0.7238380990081603,0.7472054003366577,0.7688921853291073,0.7524702465291315,0.7187477417284811,0.734808252786924,0.7851107141983619,0.710991264003596,0.734824740275009,0.710991264003596,0.9188569825108338,1.0030332487795226,0.78427534010989,1.4631901834874474,0.8159916441761956,0.7489996044290932,1.499890086221225,0.7294024152519538,0.744647992282889,0.755154019594141,0.7237079285877928,1.421982528007192,0.7627082731637713,0.7566599479587888,0.8997034952094471,0.710991264003596,0.8528591552826672,1.421982528007192,0.7460311089187506,0.710991264003596,0.881623642008571,0.713878745908916,1.4587018795321947,0.7284948456868829,0.7701815528341711,0.7166781371527009,0.71922592252548,0.7712045323316534,0.8628667954210455,0.7415794216388376,0.7768983232067896,0.8034902121564741,1.4389882579494118,1.448755422739016,0.7287536646083854,0.7659071248784001,0.7151657176776745,0.8142767973021203,0.7519046465734409,1.3,0.8151739648702946,0.9108524291863451,0.710991264003596,0.710991264003596,1.3,1.3,0.7155457941140138,1.0186321192955947,0.8097723957121393,0.7331412690169534,0.8843577617766648,0.7138524009061223,0.7331060875658357,0.7813135975023078,1.009960325306832,1.0478502222349095,0.7680565179881059,0.8089629462687172,0.7853025533447153,0.8936405144625413,0.7228795613826342,1.095189189973206,1.218609450556379,0.7807498358569176,0.9941121106701096,0.8305412266097061,0.7289399303050352,1.273641362506506,0.8003376182112772,0.7538112000570658,0.8598581355807979,0.9983177839570254,0.7251644609653285,0.8520927955228803
6,18,1.0094567868236004,1.010350142128868,0.8882889540987564,0.7537419896894765,0.7464600061181239,0.7325945206040827,0.8294840451520017,1.0227863968814397,1.3,0.7754587708741263,0.7344472822276941,0.710991264003596,0.7768041588098207,0.8183785762268797,0.710991264003596,1.3,0.7238380990081603,0.7472054003366577,0.7688921853291073,0.7524702465291315,0.7187477417284811,0.734808252786924,0.7851107141983619,0.710991264003596,0.734824740275009,0.710991264003596,0.9188569825108338,1.0030332487795226,0.78427534010989,1.4631901834874474,0.8159916441761956,0.7489996044290932,1.499890086221225,0.7294024152519538,0.744647992282889,0.755154019594141,0.7237079285877928,1.421982528007192,0.7627082731637713,0.7566599479587888,0.8997034952094471,0.710991264003596,0.8528591552826672,1.421982528007192,0.7460311089187506,0.710991264003596,0.881623642008571,0.713878745908916,1.4587018795321947,0.7284948456868829,0.7701815528341711,0.7166781371527009,0.71922592252548,0.7712045323316534,0.8628667954210455,0.7415794216388376,0.7768983232067896,0.8034902121564741,1.4389882579494118,1.448755422739016,0.7287536646083854,0.7659071248784001,0.7151657176776745,0.8142767973021203,0.7519046465734409,1.3,0.8151739648702946,0.9108524291863451,0.710991264003596,0.710991264003596,1.3,1.3,0.7155457941140138,1.0186321192955947,0.8097723957121393,0.7331412690169534,0.8843577617766648,0.7138524009061223,0.7331060875658357,0.7813135975023078,1.009960325306832,1.0478502222349095,0.7680565179881059,0.8089629462687172,0.7853025533447153,0.8936405144625413,0.7228795613826342,1.095189189973206,1.218609450556379,0.7807498358569176,0.9941121106701096,0.8305412266097061,0.7289399303050352,1.273641362506506,0.8003376182112772,0.7538112000570658,0.8598581355807979,0.9983177839570254,0.7251644609653285,0.8520927955228803
6,19,1.0094567868236004,1.010350142128868,0.8882889540987564,0.7537419896894765,0.7464600061181239,0.7325945206040827,0.8294840451520017,1.0227863968814397,1.3,0.7754587708741263,0.7344472822276941,0.710991264003596,0.7768041588098207,0.8183785762268797,0.710991264003596,1.3,0.7238380990081603,0.7472054003366577,0.7688921853291073,0.7524702465291315,0.7187477417284811,0.734808252786924,0.7851107141983619,0.710991264003596,0.734824740275009,0.710991264003596,0.9188569825108338,1.0030332487795226,0.78427534010989,1.4631901834874474,0.8159916441761956,0.7489996044290932,1.499890086221225,0.7294024152519538,0.744647992282889,0.755154019594141,0.7237079285877928,1.421982528007192,0.7627082731637713,0.7566599479587888,0.8997034952094471,0.710991264003596,0.8528591552826672,1.421982528007192,0.7460311089187506,0.710991264003596,0.881623642008571,0.713878745908916,1.4587018795321947,0.7284948456868829,0.7701815528341711,0.7166781371527009,0.71922592252548,0.7712045323316534,0.8628667954210455,0.7415794216388376,0.7768983232067896,0.8034902121564741,1.4389882579494118,1.448755422739016,0.7287536646083854,0.7659071248784001,0.7151657176776745,0.8142767973021203,0.7519046465734409,1.3,0.8151739648702946,0.9108524291863451,0.710991264003596,0.710991264003596,1.3,1.3,0.7155457941140138,1.0186321192955947,0.8097723957121393,0.7331412690169534,0.8843577617766648,0.7138524009061223,0.7331060875658357,0.7813135975023078,1.009960325306832,1.0478502222349095,0.7680565179881059,0.8089629462687172,0.7853025533447153,0.8936405144625413,0.7228795613826342,1.095189189973206,1.218609450556379,0.7807498358569176,0.9941121106701096,0.8305412266097061,0.7289399303050352,1.273641362506506,0.8003376182112772,0.7538112000570658,0.8598581355807979,0.9983177839570254,0.7251644609653285,0.8520927955228803
6,20,1.0094567868236004,1.010350142128868,0.8882889540987564,0.7537419896894765,0.7464600061181239,0.7325945206040827,0.8294840451520017,1.0227863968814397,1.3,0.7754587708741263,0.7344472822276941,0.710991264003596,0.7768041588098207,0.8183785762268797,0.710991264003596,1.3,0.7238380990081603,0.7472054003366577,0.7688921853291073,0.7524702465291315,0.7187477417284811,0.734808252786924,0.7851107141983619,0.710991264003596,0.734824740275009,0.710991264003596,0.9188569825108338,1.0030332487795226,0.78427534010989,1.4631901834874474,0.8159916441761956,0.7489996044290932,1.499890086221225,0.7294024152519538,0.744647992282889,0.755154019594141,0.7237079285877928,1.421982528007192,0.7627082731637713,0.7566599479587888,0.8997034952094471,0.710991264003596,0.8528591552826672,1.421982528007192,0.7460311089187506,0.710991264003596,0.881623642008571,0.713878745908916,1.4587018795321947,0.7284948456868829,0.7701815528341711,0.7166781371527009,0.71922592252548,0.7712045323316534,0.8628667954210455,0.7415794216388376,0.7768983232067896,0.8034902121564741,1.4389882579494118,1.448755422739016,0.7287536646083854,0.7659071248784001,0.7151657176776745,0.8142767973021203,0.7519046465734409,1.3,0.8151739648702946,0.9108524291863451,0.710991264003596,0.710991264003596,1.3,1.3,0.7155457941140138,1.0186321192955947,0.8097723957121393,0.7331412690169534,0.8843577617766648,0.7138524009061223,0.7331060875658357,0.7813135975023078,1.009960325306832,1.0478502222349095,0.7680565179881059,0.8089629462687172,0.7853025533447153,0.8936405144625413,0.7228795613826342,1.095189189973206,1.218609450556379,0.7807498358569176,0.9941121106701096,0.8305412266097061,0.7289399303050352,1.273641362506506,0.8003376182112772,0.7538112000570658,0.8598581355807979,0.9983177839570254,0.7251644609653285,0.8520927955228803
6,21,1.0094567868236004,1.010350142128868,0.8882889540987564,0.7537419896894765,0.7464600061181239,0.7325945206040827,0.8294840451520017,1.0227863968814397,1.3,0.7754587708741263,0.7344472822276941,0.710991264003596,0.7768041588098207,0.8183785762268797,0.710991264003596,1.3,0.7238380990081603,0.7472054003366577,0.7688921853291073,0.7524702465291315,0.7187477417284811,0.734808252786924,0.7851107141983619,0.710991264003596,0.734824740275009,0.710991264003596,0.9188569825108338,1.0030332487795226,0.78427534010989,1.4631901834874474,0.8159916441761956,0.7489996044290932,1.499890086221225,0.7294024152519538,0.744647992282889,0.755154019594141,0.7237079285877928,1.421982528007192,0.7627082731637713,0.7566599479587888,0.8997034952094471,0.710991264003596,0.8528591552826672,1.421982528007192,0.7460311089187506,0.710991264003596,0.881623642008571,0.713878745908916,1.4587018795321947,0.7284948456868829,0.7701815528341711,0.7166781371527009,0.71922592252548,0.7712045323316534,0.8628667954210455,0.7415794216388376,0.7768983232067896,0.8034902121564741,1.4389882579494118,1.448755422739016,0.7287536646083854,0.7659071248784001,0.7151657176776745,0.8142767973021203,0.7519046465734409,1.3,0.8151739648702946,0.9108524291863451,0.710991264003596,0.710991264003596,1.3,1.3,0.7155457941140138,1.0186321192955947,0.8097723957121393,0.7331412690169534,0.8843577617766648,0.7138524009061223,0.7331060875658357,0.7813135975023078,1.009960325306832,1.0478502222349095,0.7680565179881059,0.8089629462687172,0.7853025533447153,0.8936405144625413,0.7228795613826342,1.095189189973206,1.218609450556379,0.7807498358569176,0.9941121106701096,0.8305412266097061,0.7289399303050352,1.273641362506506,0.8003376182112772,0.7538112000570658,0.8598581355807979,0.9983177839570254,0.7251644609653285,0.8520927955228803
6,22,1.0094567868236004,1.010350142128868,0.8882889540987564,0.7537419896894765,0.7464600061181239,0.7325945206040827,0.8294840451520017,1.0227863968814397,1.3,0.7754587708741263,0.7344472822276941,0.710991264003596,0.7768041588098207,0.8183785762268797,0.710991264003596,1.3,0.7238380990081603,0.7472054003366577,0.7688921853291073,0.7524702465291315,0.7187477417284811,0.734808252786924,0.7851107141983619,0.710991264003596,0.734824740275009,0.710991264003596,0.9188569825108338,1.0030332487795226,0.78427534010989,1.4631901834874474,0.8159916441761956,0.7489996044290932,1.499890086221225,0.7294024152519538,0.744647992282889,0.755154019594141,0.7237079285877928,1.421982528007192,0.7627082731637713,0.7566599479587888,0.8997034952094471,0.710991264003596,0.8528591552826672,1.421982528007192,0.7460311089187506,0.710991264003596,0.881623642008571,0.713878745908916,1.4587018795321947,0.7284948456868829,0.7701815528341711,0.7166781371527009,0.71922592252548,0.7712045323316534,0.8628667954210455,0.7415794216388376,0.7768983232067896,0.8034902121564741,1.4389882579494118,1.448755422739016,0.7287536646083854,0.7659071248784001,0.7151657176776745,0.8142767973021203,0.7519046465734409,1.3,0.8151739648702946,0.9108524291863451,0.710991264003596,0.710991264003596,1.3,1.3,0.7155457941140138,1.0186321192955947,0.8097723957121393,0.7331412690169534,0.8843577617766648,0.7138524009061223,0.7331060875658357,0.7813135975023078,1.009960325306832,1.0478502222349095,0.7680565179881059,0.8089629462687172,0.7853025533447153,0.8936405144625413,0.7228795613826342,1.095189189973206,1.218609450556379,0.7807498358569176,0.9941121106701096,0.8305412266097061,0.7289399303050352,1.273641362506506,0.8003376182112772,0.7538112000570658,0.8598581355807979,0.9983177839570254,0.7251644609653285,0.8520927955228803
6,23,1.0094567868236004,1.010350142128868,0.8882889540987564,0.7537419896894765,0.7464600061181239,0.7325945206040827,0.8294840451520017,1.0227863968814397,1.3,0.7754587708741263,0.7344472822276941,0.710991264003596,0.7768041588098207,0.8183785762268797,0.710991264003596,1.3,0.7238380990081603,0.7472054003366577,0.7688921853291073,0.7524702465291315,0.7187477417284811,0.734808252786924,0.7851107141983619,0.710991264003596,0.734824740275009,0.710991264003596,0.9188569825108338,1.0030332487795226,0.78427534010989,1.4631901834874474,0.8159916441761956,0.7489996044290932,1.499890086221225,0.7294024152519538,0.744647992282889,0.755154019594141,0.7237079285877928,1.421982528007192,0.7627082731637713,0.7566599479587888,0.8997034952094471,0.710991264003596,0.8528591552826672,1.421982528007192,0.7460311089187506,0.710991264003596,0.881623642008571,0.713878745908916,1.4587018795321947,0.7284948456868829,0.7701815528341711,0.7166781371527009,0.71922592252548,0.7712045323316534,0.8628667954210455,0.7415794216388376,0.7768983232067896,0.8034902121564741,1.4389882579494118,1.448755422739016,0.7287536646083854,0.7659071248784001,0.7151657176776745,0.8142767973021203,0.7519046465734409,1.3,0.8151739648702946,0.9108524291863451,0.710991264003596,0.710991264003596,1.3,1.3,0.7155457941140138,1.0186321192955947,0.8097723957121393,0.7331412690169534,0.8843577617766648,0.7138524009061223,0.7331060875658357,0.7813135975023078,1.009960325306832,1.0478502222349095,0.7680565179881059,0.8089629462687172,0.7853025533447153,0.8936405144625413,0.7228795613826342,1.095189189973206,1.218609450556379,0.7807498358569176,0.9941121106701096,0.8305412266097061,0.7289399303050352,1.273641362506506,0.8003376182112772,0.7538112000570658,0.8598581355807979,0.9983177839570254,0.7251644609653285,0.8520927955228803
6,24,1.0094567868236004,1.010350142128868,0.8882889540987564,0.7537419896894765,0.7464600061181239,0.7325945206040827,0.8294840451520017,1.0227863968814397,1.3,0.7754587708741263,0.7344472822276941,0.710991264003596,0.7768041588098207,0.8183785762268797,0.710991264003596,1.3,0.7238380990081603,0.7472054003366577,0.7688921853291073,0.7524702465291315,0.7187477417284811,0.734808252786924,0.7851107141983619,0.710991264003596,0.734824740275009,0.710991264003596,0.9188569825108338,1.0030332487795226,0.78427534010989,1.4631901834874474,0.8159916441761956,0.7489996044290932,1.499890086221225,0.7294024152519538,0.744647992282889,0.755154019594141,0.7237079285877928,1.421982528007192,0.7627082731637713,0.7566599479587888,0.8997034952094471,0.710991264003596,0.8528591552826672,1.421982528007192,0.7460311089187506,0.710991264003596,0.881623642008571,0.713878745908916,1.4587018795321947,0.7284948456868829,0.7701815528341711,0.7166781371527009,0.71922592252548,0.7712045323316534,0.8628667954210455,0.7415794216388376,0.7768983232067896,0.8034902121564741,1.4389882579494118,1.448755422739016,0.7287536646083854,0.7659071248784001,0.7151657176776745,0.8142767973021203,0.7519046465734409,1.3,0.8151739648702946,0.9108524291863451,0.710991264003596,0.710991264003596,1.3,1.3,0.7155457941140138,1.0186321192955947,0.8097723957121393,0.7331412690169534,0.8843577617766648,0.7138524009061223,0.7331060875658357,0.7813135975023078,1.009960325306832,1.0478502222349095,0.7680565179881059,0.8089629462687172,0.7853025533447153,0.8936405144625413,0.7228795613826342,1.095189189973206,1.218609450556379,0.7807498358569176,0.9941121106701096,0.8305412266097061,0.7289399303050352,1.273641362506506,0.8003376182112772,0.7538112000570658,0.8598581355807979,0.9983177839570254,0.7251644609653285,0.8520927955228803
6,25,1.0094567868236004,1.010350142128868,0.8882889540987564,0.7537419896894765,0.7464600061181239,0.7325945206040827,0.8294840451520017,1.0227863968814397,1.3,0.7754587708741263,0.7344472822276941,0.710991264003596,0.7768041588098207,0.8183785762268797,0.710991264003596,1.3,0.7238380990081603,0.7472054003366577,0.7688921853291073,0.7524702465291315,0.7187477417284811,0.734808252786924,0.7851107141983619,0.710991264003596,0.734824740275009,0.710991264003596,0.9188569825108338,1.0030332487795226,0.78427534010989,1.4631901834874474,0.8159916441761956,0.7489996044290932,1.499890086221225,0.7294024152519538,0.744647992282889,0.755154019594141,0.7237079285877928,1.421982528007192,0.7627082731637713,0.7566599479587888,0.8997034952094471,0.710991264003596,0.8528591552826672,1.421982528007192,0.7460311089187506,0.710991264003596,0.881623642008571,0.713878745908916,1.4587018795321947,0.7284948456868829,0.7701815528341711,0.7166781371527009,0.71922592252548,0.7712045323316534,0.8628667954210455,0.7415794216388376,0.7768983232067896,0.8034902121564741,1.4389882579494118,1.448755422739016,0.7287536646083854,0.7659071248784001,0.7151657176776745,0.8142767973021203,0.7519046465734409,1.3,0.8151739648702946,0.9108524291863451,0.710991264003596,0.710991264003596,1.3,1.3,0.7155457941140138,1.0186321192955947,0.8097723957121393,0.7331412690169534,0.8843577617766648,0.7138524009061223,0.7331060875658357,0.7813135975023078,1.009960325306832,1.0478502222349095,0.7680565179881059,0.8089629462687172,0.7853025533447153,0.8936405144625413,0.7228795613826342,1.095189189973206,1.218609450556379,0.7807498358569176,0.9941121106701096,0.8305412266097061,0.7289399303050352,1.273641362506506,0.8003376182112772,0.7538112000570658,0.8598581355807979,0.9983177839570254,0.7251644609653285,0.8520927955228803
6,26,1.0094567868236004,1.010350142128868,0.8882889540987564,0.7537419896894765,0.7464600061181239,0.7325945206040827,0.8294840451520017,1.0227863968814397,1.3,0.7754587708741263,0.7344472822276941,0.710991264003596,0.7768041588098207,0.8183785762268797,0.710991264003596,1.3,0.7238380990081603,0.7472054003366577,0.7688921853291073,0.7524702465291315,0.7187477417284811,0.734808252786924,0.7851107141983619,0.710991264003596,0.734824740275009,0.710991264003596,0.9188569825108338,1.0030332487795226,0.78427534010989,1.4631901834874474,0.8159916441761956,0.7489996044290932,1.499890086221225,0.7294024152519538,0.744647992282889,0.755154019594141,0.7237079285877928,1.421982528007192,0.7627082731637713,0.7566599479587888,0.8997034952094471,0.710991264003596,0.8528591552826672,1.421982528007192,0.7460311089187506,0.710991264003596,0.881623642008571,0.713878745908916,1.4587018795321947,0.7284948456868829,0.7701815528341711,0.7166781371527009,0.71922592252548,0.7712045323316534,0.8628667954210455,0.7415794216388376,0.7768983232067896,0.8034902121564741,1.4389882579494118,1.448755422739016,0.7287536646083854,0.7659071248784001,0.7151657176776745,0.8142767973021203,0.7519046465734409,1.3,0.8151739648702946,0.9108524291863451,0.710991264003596,0.710991264003596,1.3,1.3,0.7155457941140138,1.0186321192955947,0.8097723957121393,0.7331412690169534,0.8843577617766648,0.7138524009061223,0.7331060875658357,0.7813135975023078,1.009960325306832,1.0478502222349095,0.7680565179881059,0.8089629462687172,0.7853025533447153,0.8936405144625413,0.7228795613826342,1.095189189973206,1.218609450556379,0.7807498358569176,0.9941121106701096,0.8305412266097061,0.7289399303050352,1.273641362506506,0.8003376182112772,0.7538112000570658,0.8598581355807979,0.9983177839570254,0.7251644609653285,0.8520927955228803
6,27,1.0094567868236004,1.010350142128868,0.8882889540987564,0.7537419896894765,0.7464600061181239,0.7325945206040827,0.8294840451520017,1.0227863968814397,1.3,0.7754587708741263,0.7344472822276941,0.710991264003596,0.7768041588098207,0.8183785762268797,0.710991264003596,1.3,0.7238380990081603,0.7472054003366577,0.7688921853291073,0.7524702465291315,0.7187477417284811,0.734808252786924,0.7851107141983619,0.710991264003596,0.734824740275009,0.710991264003596,0.9188569825108338,1.0030332487795226,0.78427534010989,1.4631901834874474,0.8159916441761956,0.7489996044290932,1.499890086221225,0.7294024152519538,0.744647992282889,0.755154019594141,0.7237079285877928,1.421982528007192,0.7627082731637713,0.7566599479587888,0.8997034952094471,0.710991264003596,0.8528591552826672,1.421982528007192,0.7460311089187506,0.710991264003596,0.881623642008571,0.713878745908916,1.4587018795321947,0.7284948456868829,0.7701815528341711,0.7166781371527009,0.71922592252548,0.7712045323316534,0.8628667954210455,0.7415794216388376,0.7768983232067896,0.8034902121564741,1.4389882579494118,1.448755422739016,0.7287536646083854,0.7659071248784001,0.7151657176776745,0.8142767973021203,0.7519046465734409,1.3,0.8151739648702946,0.9108524291863451,0.710991264003596,0.710991264003596,1.3,1.3,0.7155457941140138,1.0186321192955947,0.8097723957121393,0.7331412690169534,0.8843577617766648,0.7138524009061223,0.7331060875658357,0.7813135975023078,1.009960325306832,1.0478502222349095,0.7680565179881059,0.8089629462687172,0.7853025533447153,0.8936405144625413,0.7228795613826342,1.095189189973206,1.218609450556379,0.7807498358569176,0.9941121106701096,0.8305412266097061,0.7289399303050352,1.273641362506506,0.8003376182112772,0.7538112000570658,0.8598581355807979,0.9983177839570254,0.7251644609653285,0.8520927955228803
6,28,1.0094567868236004,1.010350142128868,0.8882889540987564,0.7537419896894765,0.7464600061181239,0.7325945206040827,0.8294840451520017,1.0227863968814397,1.3,0.7754587708741263,0.7344472822276941,0.710991264003596,0.7768041588098207,0.8183785762268797,0.710991264003596,1.3,0.7238380990081603,0.7472054003366577,0.7688921853291073,0.7524702465291315,0.7187477417284811,0.734808252786924,0.7851107141983619,0.710991264003596,0.734824740275009,0.710991264003596,0.9188569825108338,1.0030332487795226,0.78427534010989,1.4631901834874474,0.8159916441761956,0.7489996044290932,1.499890086221225,0.7294024152519538,0.744647992282889,0.755154019594141,0.7237079285877928,1.421982528007192,0.7627082731637713,0.7566599479587888,0.8997034952094471,0.710991264003596,0.8528591552826672,1.421982528007192,0.7460311089187506,0.710991264003596,0.881623642008571,0.713878745908916,1.4587018795321947,0.7284948456868829,0.7701815528341711,0.7166781371527009,0.71922592252548,0.7712045323316534,0.8628667954210455,0.7415794216388376,0.7768983232067896,0.8034902121564741,1.4389882579494118,1.448755422739016,0.7287536646083854,0.7659071248784001,0.7151657176776745,0.8142767973021203,0.7519046465734409,1.3,0.8151739648702946,0.9108524291863451,0.710991264003596,0.710991264003596,1.3,1.3,0.7155457941140138,1.0186321192955947,0.8097723957121393,0.7331412690169534,0.8843577617766648,0.7138524009061223,0.7331060875658357,0.7813135975023078,1.009960325306832,1.0478502222349095,0.7680565179881059,0.8089629462687172,0.7853025533447153,0.8936405144625413,0.7228795613826342,1.095189189973206,1.218609450556379,0.7807498358569176,0.9941121106701096,0.8305412266097061,0.7289399303050352,1.273641362506506,0.8003376182112772,0.7538112000570658,0.8598581355807979,0.9983177839570254,0.7251644609653285,0.8520927955228803
6,29,1.0094567868236004,1.010350142128868,0.8882889540987564,0.7537419896894765,0.7464600061181239,0.7325945206040827,0.8294840451520017,1.0227863968814397,1.3,0.7754587708741263,0.7344472822276941,0.710991264003596,0.7768041588098207,0.8183785762268797,0.710991264003596,1.3,0.7238380990081603,0.7472054003366577,0.7688921853291073,0.7524702465291315,0.7187477417284811,0.734808252786924,0.7851107141983619,0.710991264003596,0.734824740275009,0.710991264003596,0.9188569825108338,1.0030332487795226,0.78427534010989,1.4631901834874474,0.8159916441761956,0.7489996044290932,1.499890086221225,0.7294024152519538,0.744647992282889,0.755154019594141,0.7237079285877928,1.421982528007192,0.7627082731637713,0.7566599479587888,0.8997034952094471,0.710991264003596,0.8528591552826672,1.421982528007192,0.7460311089187506,0.710991264003596,0.881623642008571,0.713878745908916,1.4587018795321947,0.7284948456868829,0.7701815528341711,0.7166781371527009,0.71922592252548,0.7712045323316534,0.8628667954210455,0.7415794216388376,0.7768983232067896,0.8034902121564741,1.4389882579494118,1.448755422739016,0.7287536646083854,0.7659071248784001,0.7151657176776745,0.8142767973021203,0.7519046465734409,1.3,0.8151739648702946,0.9108524291863451,0.710991264003596,0.710991264003596,1.3,1.3,0.7155457941140138,1.0186321192955947,0.8097723957121393,0.7331412690169534,0.8843577617766648,0.7138524009061223,0.7331060875658357,0.7813135975023078,1.009960325306832,1.0478502222349095,0.7680565179881059,0.8089629462687172,0.7853025533447153,0.8936405144625413,0.7228795613826342,1.095189189973206,1.218609450556379,0.7807498358569176,0.9941121106701096,0.8305412266097061,0.7289399303050352,1.273641362506506,0.8003376182112772,0.7538112000570658,0.8598581355807979,0.9983177839570254,0.7251644609653285,0.8520927955228803
6,30,1.0094567868236004,1.010350142128868,0.8882889540987564,0.7537419896894765,0.7464600061181239,0.7325945206040827,0.8294840451520017,1.0227863968814397,1.3,0.7754587708741263,0.7344472822276941,0.710991264003596,0.7768041588098207,0.8183785762268797,0.710991264003596,1.3,0.7238380990081603,0.7472054003366577,0.7688921853291073,0.7524702465291315,0.7187477417284811,0.734808252786924,0.7851107141983619,0.710991264003596,0.734824740275009,0.710991264003596,0.9188569825108338,1.0030332487795226,0.78427534010989,1.4631901834874474,0.8159916441761956,0.7489996044290932,1.499890086221225,0.7294024152519538,0.744647992282889,0.755154019594141,0.7237079285877928,1.421982528007192,0.7627082731637713,0.7566599479587888,0.8997034952094471,0.710991264003596,0.8528591552826672,1.421982528007192,0.7460311089187506,0.710991264003596,0.881623642008571,0.713878745908916,1.4587018795321947,0.7284948456868829,0.7701815528341711,0.7166781371527009,0.71922592252548,0.7712045323316534,0.8628667954210455,0.7415794216388376,0.7768983232067896,0.8034902121564741,1.4389882579494118,1.448755422739016,0.7287536646083854,0.7659071248784001,0.7151657176776745,0.8142767973021203,0.7519046465734409,1.3,0.8151739648702946,0.9108524291863451,0.710991264003596,0.710991264003596,1.3,1.3,0.7155457941140138,1.0186321192955947,0.8097723957121393,0.7331412690169534,0.8843577617766648,0.7138524009061223,0.7331060875658357,0.7813135975023078,1.009960325306832,1.0478502222349095,0.7680565179881059,0.8089629462687172,0.7853025533447153,0.8936405144625413,0.7228795613826342,1.095189189973206,1.218609450556379,0.7807498358569176,0.9941121106701096,0.8305412266097061,0.7289399303050352,1.273641362506506,0.8003376182112772,0.7538112000570658,0.8598581355807979,0.9983177839570254,0.7251644609653285,0.8520927955228803
6,31,1.0094567868236004,1.010350142128868,0.8882889540987564,0.7537419896894765,0.7464600061181239,0.7325945206040827,0.8294840451520017,1.0227863968814397,1.3,0.7754587708741263,0.7344472822276941,0.710991264003596,0.7768041588098207,0.8183785762268797,0.710991264003596,1.3,0.7238380990081603,0.7472054003366577,0.7688921853291073,0.7524702465291315,0.7187477417284811,0.734808252786924,0.7851107141983619,0.710991264003596,0.734824740275009,0.710991264003596,0.9188569825108338,1.0030332487795226,0.78427534010989,1.4631901834874474,0.8159916441761956,0.7489996044290932,1.499890086221225,0.7294024152519538,0.744647992282889,0.755154019594141,0.7237079285877928,1.421982528007192,0.7627082731637713,0.7566599479587888,0.8997034952094471,0.710991264003596,0.8528591552826672,1.421982528007192,0.7460311089187506,0.710991264003596,0.881623642008571,0.713878745908916,1.4587018795321947,0.7284948456868829,0.7701815528341711,0.7166781371527009,0.71922592252548,0.7712045323316534,0.8628667954210455,0.7415794216388376,0.7768983232067896,0.8034902121564741,1.4389882579494118,1.448755422739016,0.7287536646083854,0.7659071248784001,0.7151657176776745,0.8142767973021203,0.7519046465734409,1.3,0.8151739648702946,0.9108524291863451,0.710991264003596,0.710991264003596,1.3,1.3,0.7155457941140138,1.0186321192955947,0.8097723957121393,0.7331412690169534,0.8843577617766648,0.7138524009061223,0.7331060875658357,0.7813135975023078,1.009960325306832,1.0478502222349095,0.7680565179881059,0.8089629462687172,0.7853025533447153,0.8936405144625413,0.7228795613826342,1.095189189973206,1.218609450556379,0.7807498358569176,0.9941121106701096,0.8305412266097061,0.7289399303050352,1.273641362506506,0.8003376182112772,0.7538112000570658,0.8598581355807979,0.9983177839570254,0.7251644609653285,0.8520927955228803
6,32,1.0094567868236004,1.010350142128868,0.8882889540987564,0.7537419896894765,0.7464600061181239,0.7325945206040827,0.8294840451520017,1.0227863968814397,1.3,0.7754587708741263,0.7344472822276941,0.710991264003596,0.7768041588098207,0.8183785762268797,0.710991264003596,1.3,0.7238380990081603,0.7472054003366577,0.7688921853291073,0.7524702465291315,0.7187477417284811,0.734808252786924,0.7851107141983619,0.710991264003596,0.734824740275009,0.710991264003596,0.9188569825108338,1.0030332487795226,0.78427534010989,1.4631901834874474,0.8159916441761956,0.7489996044290932,1.499890086221225,0.7294024152519538,0.744647992282889,0.755154019594141,0.7237079285877928,1.421982528007192,0.7627082731637713,0.7566599479587888,0.8997034952094471,0.710991264003596,0.8528591552826672,1.421982528007192,0.7460311089187506,0.710991264003596,0.881623642008571,0.713878745908916,1.4587018795321947,0.7284948456868829,0.7701815528341711,0.7166781371527009,0.71922592252548,0.7712045323316534,0.8628667954210455,0.7415794216388376,0.7768983232067896,0.8034902121564741,1.4389882579494118,1.448755422739016,0.7287536646083854,0.7659071248784001,0.7151657176776745,0.8142767973021203,0.7519046465734409,1.3,0.8151739648702946,0.9108524291863451,0.710991264003596,0.710991264003596,1.3,1.3,0.7155457941140138,1.0186321192955947,0.8097723957121393,0.7331412690169534,0.8843577617766648,0.7138524009061223,0.7331060875658357,0.7813135975023078,1.009960325306832,1.0478502222349095,0.7680565179881059,0.8089629462687172,0.7853025533447153,0.8936405144625413,0.7228795613826342,1.095189189973206,1.218609450556379,0.7807498358569176,0.9941121106701096,0.8305412266097061,0.7289399303050352,1.273641362506506,0.8003376182112772,0.7538112000570658,0.8598581355807979,0.9983177839570254,0.7251644609653285,0.8520927955228803
6,33,1.0094567868236004,1.010350142128868,0.8882889540987564,0.7537419896894765,0.7464600061181239,0.7325945206040827,0.8294840451520017,1.0227863968814397,1.3,0.7754587708741263,0.7344472822276941,0.710991264003596,0.7768041588098207,0.8183785762268797,0.710991264003596,1.3,0.7238380990081603,0.7472054003366577,0.7688921853291073,0.7524702465291315,0.7187477417284811,0.734808252786924,0.7851107141983619,0.710991264003596,0.734824740275009,0.710991264003596,0.9188569825108338,1.0030332487795226,0.78427534010989,1.4631901834874474,0.8159916441761956,0.7489996044290932,1.499890086221225,0.7294024152519538,0.744647992282889,0.755154019594141,0.7237079285877928,1.421982528007192,0.7627082731637713,0.7566599479587888,0.8997034952094471,0.710991264003596,0.8528591552826672,1.421982528007192,0.7460311089187506,0.710991264003596,0.881623642008571,0.713878745908916,1.4587018795321947,0.7284948456868829,0.7701815528341711,0.7166781371527009,0.71922592252548,0.7712045323316534,0.8628667954210455,0.7415794216388376,0.7768983232067896,0.8034902121564741,1.4389882579494118,1.448755422739016,0.7287536646083854,0.7659071248784001,0.7151657176776745,0.8142767973021203,0.7519046465734409,1.3,0.8151739648702946,0.9108524291863451,0.710991264003596,0.710991264003596,1.3,1.3,0.7155457941140138,1.0186321192955947,0.8097723957121393,0.7331412690169534,0.8843577617766648,0.7138524009061223,0.7331060875658357,0.7813135975023078,1.009960325306832,1.0478502222349095,0.7680565179881059,0.8089629462687172,0.7853025533447153,0.8936405144625413,0.7228795613826342,1.095189189973206,1.218609450556379,0.7807498358569176,0.9941121106701096,0.8305412266097061,0.7289399303050352,1.273641362506506,0.8003376182112772,0.7538112000570658,0.8598581355807979,0.9983177839570254,0.7251644609653285,0.8520927955228803
6,34,1.0094567868236004,1.010350142128868,0.8882889540987564,0.7537419896894765,0.7464600061181239,0.7325945206040827,0.8294840451520017,1.0227863968814397,1.3,0.7754587708741263,0.7344472822276941,0.710991264003596,0.7768041588098207,0.8183785762268797,0.710991264003596,1.3,0.7238380990081603,0.7472054003366577,0.7688921853291073,0.7524702465291315,0.7187477417284811,0.734808252786924,0.7851107141983619,0.710991264003596,0.734824740275009,0.710991264003596,0.9188569825108338,1.0030332487795226,0.78427534010989,1.4631901834874474,0.8159916441761956,0.7489996044290932,1.499890086221225,0.7294024152519538,0.744647992282889,0.755154019594141,0.7237079285877928,1.421982528007192,0.7627082731637713,0.7566599479587888,0.8997034952094471,0.710991264003596,0.8528591552826672,1.421982528007192,0.7460311089187506,0.710991264003596,0.881623642008571,0.713878745908916,1.4587018795321947,0.7284948456868829,0.7701815528341711,0.7166781371527009,0.71922592252548,0.7712045323316534,0.8628667954210455,0.7415794216388376,0.7768983232067896,0.8034902121564741,1.4389882579494118,1.448755422739016,0.7287536646083854,0.7659071248784001,0.7151657176776745,0.8142767973021203,0.7519046465734409,1.3,0.8151739648702946,0.9108524291863451,0.710991264003596,0.710991264003596,1.3,1.3,0.7155457941140138,1.0186321192955947,0.8097723957121393,0.7331412690169534,0.8843577617766648,0.7138524009061223,0.7331060875658357,0.7813135975023078,1.009960325306832,1.0478502222349095,0.7680565179881059,0.8089629462687172,0.7853025533447153,0.8936405144625413,0.7228795613826342,1.095189189973206,1.218609450556379,0.7807498358569176,0.9941121106701096,0.8305412266097061,0.7289399303050352,1.273641362506506,0.8003376182112772,0.7538112000570658,0.8598581355807979,0.9983177839570254,0.7251644609653285,0.8520927955228803
6,35,1.0094567868236004,1.010350142128868,0.8882889540987564,0.7537419896894765,0.7464600061181239,0.7325945206040827,0.8294840451520017,1.0227863968814397,1.3,0.7754587708741263,0.7344472822276941,0.710991264003596,0.7768041588098207,0.8183785762268797,0.710991264003596,1.3,0.7238380990081603,0.7472054003366577,0.7688921853291073,0.7524702465291315,0.7187477417284811,0.734808252786924,0.7851107141983619,0.710991264003596,0.734824740275009,0.710991264003596,0.9188569825108338,1.0030332487795226,0.78427534010989,1.4631901834874474,0.8159916441761956,0.7489996044290932,1.499890086221225,0.7294024152519538,0.744647992282889,0.755154019594141,0.7237079285877928,1.421982528007192,0.7627082731637713,0.7566599479587888,0.8997034952094471,0.710991264003596,0.8528591552826672,1.421982528007192,0.7460311089187506,0.710991264003596,0.881623642008571,0.713878745908916,1.4587018795321947,0.7284948456868829,0.7701815528341711,0.7166781371527009,0.71922592252548,0.7712045323316534,0.8628667954210455,0.7415794216388376,0.7768983232067896,0.8034902121564741,1.4389882579494118,1.448755422739016,0.7287536646083854,0.7659071248784001,0.7151657176776745,0.8142767973021203,0.7519046465734409,1.3,0.8151739648702946,0.9108524291863451,0.710991264003596,0.710991264003596,1.3,1.3,0.7155457941140138,1.0186321192955947,0.8097723957121393,0.7331412690169534,0.8843577617766648,0.7138524009061223,0.7331060875658357,0.7813135975023078,1.009960325306832,1.0478502222349095,0.7680565179881059,0.8089629462687172,0.7853025533447153,0.8936405144625413,0.7228795613826342,1.095189189973206,1.218609450556379,0.7807498358569176,0.9941121106701096,0.8305412266097061,0.7289399303050352,1.273641362506506,0.8003376182112772,0.7538112000570658,0.8598581355807979,0.9983177839570254,0.7251644609653285,0.8520927955228803
6,36,1.0094567868236004,1.010350142128868,0.8882889540987564,0.7537419896894765,0.7464600061181239,0.7325945206040827,0.8294840451520017,1.0227863968814397,1.3,0.7754587708741263,0.7344472822276941,0.710991264003596,0.7768041588098207,0.8183785762268797,0.710991264003596,1.3,0.7238380990081603,0.7472054003366577,0.7688921853291073,0.7524702465291315,0.7187477417284811,0.734808252786924,0.7851107141983619,0.710991264003596,0.734824740275009,0.710991264003596,0.9188569825108338,1.0030332487795226,0.78427534010989,1.4631901834874474,0.8159916441761956,0.7489996044290932,1.499890086221225,0.7294024152519538,0.744647992282889,0.755154019594141,0.7237079285877928,1.421982528007192,0.7627082731637713,0.7566599479587888,0.8997034952094471,0.710991264003596,0.8528591552826672,1.421982528007192,0.7460311089187506,0.710991264003596,0.881623642008571,0.713878745908916,1.4587018795321947,0.7284948456868829,0.7701815528341711,0.7166781371527009,0.71922592252548,0.7712045323316534,0.8628667954210455,0.7415794216388376,0.7768983232067896,0.8034902121564741,1.4389882579494118,1.448755422739016,0.7287536646083854,0.7659071248784001,0.7151657176776745,0.8142767973021203,0.7519046465734409,1.3,0.8151739648702946,0.9108524291863451,0.710991264003596,0.710991264003596,1.3,1.3,0.7155457941140138,1.0186321192955947,0.8097723957121393,0.7331412690169534,0.8843577617766648,0.7138524009061223,0.7331060875658357,0.7813135975023078,1.009960325306832,1.0478502222349095,0.7680565179881059,0.8089629462687172,0.7853025533447153,0.8936405144625413,0.7228795613826342,1.095189189973206,1.218609450556379,0.7807498358569176,0.9941121106701096,0.8305412266097061,0.7289399303050352,1.273641362506506,0.8003376182112772,0.7538112000570658,0.8598581355807979,0.9983177839570254,0.7251644609653285,0.8520927955228803
6,37,1.0094567868236004,1.010350142128868,0.8882889540987564,0.7537419896894765,0.7464600061181239,0.7325945206040827,0.8294840451520017,1.0227863968814397,1.3,0.7754587708741263,0.7344472822276941,0.710991264003596,0.7768041588098207,0.8183785762268797,0.710991264003596,1.3,0.7238380990081603,0.7472054003366577,0.7688921853291073,0.7524702465291315,0.7187477417284811,0.734808252786924,0.7851107141983619,0.710991264003596,0.734824740275009,0.710991264003596,0.9188569825108338,1.0030332487795226,0.78427534010989,1.4631901834874474,0.8159916441761956,0.7489996044290932,1.499890086221225,0.7294024152519538,0.744647992282889,0.755154019594141,0.7237079285877928,1.421982528007192,0.7627082731637713,0.7566599479587888,0.8997034952094471,0.710991264003596,0.8528591552826672,1.421982528007192,0.7460311089187506,0.710991264003596,0.881623642008571,0.713878745908916,1.4587018795321947,0.7284948456868829,0.7701815528341711,0.7166781371527009,0.71922592252548,0.7712045323316534,0.8628667954210455,0.7415794216388376,0.7768983232067896,0.8034902121564741,1.4389882579494118,1.448755422739016,0.7287536646083854,0.7659071248784001,0.7151657176776745,0.8142767973021203,0.7519046465734409,1.3,0.8151739648702946,0.9108524291863451,0.710991264003596,0.710991264003596,1.3,1.3,0.7155457941140138,1.0186321192955947,0.8097723957121393,0.7331412690169534,0.8843577617766648,0.7138524009061223,0.7331060875658357,0.7813135975023078,1.009960325306832,1.0478502222349095,0.7680565179881059,0.8089629462687172,0.7853025533447153,0.8936405144625413,0.7228795613826342,1.095189189973206,1.218609450556379,0.7807498358569176,0.9941121106701096,0.8305412266097061,0.7289399303050352,1.273641362506506,0.8003376182112772,0.7538112000570658,0.8598581355807979,0.9983177839570254,0.7251644609653285,0.8520927955228803
6,38,1.0094567868236004,1.010350142128868,0.8882889540987564,0.7537419896894765,0.7464600061181239,0.7325945206040827,0.8294840451520017,1.0227863968814397,1.3,0.7754587708741263,0.7344472822276941,0.710991264003596,0.7768041588098207,0.8183785762268797,0.710991264003596,1.3,0.7238380990081603,0.7472054003366577,0.7688921853291073,0.7524702465291315,0.7187477417284811,0.734808252786924,0.7851107141983619,0.710991264003596,0.734824740275009,0.710991264003596,0.9188569825108338,1.0030332487795226,0.78427534010989,1.4631901834874474,0.8159916441761956,0.7489996044290932,1.499890086221225,0.7294024152519538,0.744647992282889,0.755154019594141,0.7237079285877928,1.421982528007192,0.7627082731637713,0.7566599479587888,0.8997034952094471,0.710991264003596,0.8528591552826672,1.421982528007192,0.7460311089187506,0.710991264003596,0.881623642008571,0.713878745908916,1.4587018795321947,0.7284948456868829,0.7701815528341711,0.7166781371527009,0.71922592252548,0.7712045323316534,0.8628667954210455,0.7415794216388376,0.7768983232067896,0.8034902121564741,1.4389882579494118,1.448755422739016,0.7287536646083854,0.7659071248784001,0.7151657176776745,0.8142767973021203,0.7519046465734409,1.3,0.8151739648702946,0.9108524291863451,0.710991264003596,0.710991264003596,1.3,1.3,0.7155457941140138,1.0186321192955947,0.8097723957121393,0.7331412690169534,0.8843577617766648,0.7138524009061223,0.7331060875658357,0.7813135975023078,1.009960325306832,1.0478502222349095,0.7680565179881059,0.8089629462687172,0.7853025533447153,0.8936405144625413,0.7228795613826342,1.095189189973206,1.218609450556379,0.7807498358569176,0.9941121106701096,0.8305412266097061,0.7289399303050352,1.273641362506506,0.8003376182112772,0.7538112000570658,0.8598581355807979,0.9983177839570254,0.7251644609653285,0.8520927955228803
6,39,1.0094567868236004,1.010350142128868,0.8882889540987564,0.7537419896894765,0.7464600061181239,0.7325945206040827,0.8294840451520017,1.0227863968814397,1.3,0.7754587708741263,0.7344472822276941,0.710991264003596,0.7768041588098207,0.8183785762268797,0.710991264003596,1.3,0.7238380990081603,0.7472054003366577,0.7688921853291073,0.7524702465291315,0.7187477417284811,0.734808252786924,0.7851107141983619,0.710991264003596,0.734824740275009,0.710991264003596,0.9188569825108338,1.0030332487795226,0.78427534010989,1.4631901834874474,0.8159916441761956,0.7489996044290932,1.499890086221225,0.7294024152519538,0.744647992282889,0.755154019594141,0.7237079285877928,1.421982528007192,0.7627082731637713,0.7566599479587888,0.8997034952094471,0.710991264003596,0.8528591552826672,1.421982528007192,0.7460311089187506,0.710991264003596,0.881623642008571,0.713878745908916,1.4587018795321947,0.7284948456868829,0.7701815528341711,0.7166781371527009,0.71922592252548,0.7712045323316534,0.8628667954210455,0.7415794216388376,0.7768983232067896,0.8034902121564741,1.4389882579494118,1.448755422739016,0.7287536646083854,0.7659071248784001,0.7151657176776745,0.8142767973021203,0.7519046465734409,1.3,0.8151739648702946,0.9108524291863451,0.710991264003596,0.710991264003596,1.3,1.3,0.7155457941140138,1.0186321192955947,0.8097723957121393,0.7331412690169534,0.8843577617766648,0.7138524009061223,0.7331060875658357,0.7813135975023078,1.009960325306832,1.0478502222349095,0.7680565179881059,0.8089629462687172,0.7853025533447153,0.8936405144625413,0.7228795613826342,1.095189189973206,1.218609450556379,0.7807498358569176,0.9941121106701096,0.8305412266097061,0.7289399303050352,1.273641362506506,0.8003376182112772,0.7538112000570658,0.8598581355807979,0.9983177839570254,0.7251644609653285,0.8520927955228803
7,0,0.7472054003366577,1.260826739470835,0.7339238870953962,0.710991264003596,1.3,0.7542058662580339,0.8997034952094471,0.8696934512480053,1.0030332487795226,0.710991264003596,1.3,0.713878745908916,0.7308396164706201,0.7921909394011701,0.7354141545750863,1.0227863968814397,0.8162655865395517,0.7537419896894765,0.8730793923527911,0.881623642008571,0.7910073433756477,0.7294024152519538,0.7511004157872089,0.7284948456868829,0.8799450806867001,0.78427534010989,0.7519602140072876,0.710991264003596,1.0206713109158585,1.0168488026015778,1.3,0.8938534369497243,0.7851107141983619,1.00517224827988,1.2892575228859584,1.3,1.5713564472066657,0.7627082731637713,1.0094567868236004,0.710991264003596,1.3,0.7294613508010614,0.7364893069385405,0.710991264003596,1.421982528007192,0.7484729407802093,0.8500456873833169,0.7688921853291073,0.710991264003596,0.7157973945215995,1.0418800559031063,0.7180123003030012,0.7556427571278526,0.8417819711926502,0.9242178304685924,0.7412962544636205,0.7843831123139173,0.710991264003596,1.4282906440995995,0.7172803295734714,0.7990183976499541,0.7886727420276235,0.7175482760014774,0.9144367267310121,0.7849021561590551,0.7635788268661086,0.910638680923959,1.1570923903164403,0.9890247360932947,0.7256032227089841,0.7508969268409663,1.0198667843126514,0.7302081789522771,0.8376311040236606,0.7479496392402732,1.3,1.4335535096618393,0.9408247046464738,0.8821879809996669,0.8509510589740353,1.421982528007192,1.421982528007192,0.7590677883431834,1.421982528007192,0.7210898457436523,0.7562636920421816,0.7180376919586042,0.7218268194487985,0.7249179730585418,0.9096489895571078,0.7145810353394539,0.8343125497514025,0.7854220989778387,0.733340171373008,1.432774938233587,0.812606789581374,0.7260100799827678,0.8120484671308159,1.2281013434629333,0.794771056471919
7,1,0.7472054003366577,1.260826739470835,0.7339238870953962,0.710991264003596,1.3,1.4997108410386923,0.8997034952094471,0.8696934512480053,1.0030332487795226,0.710991264003596,1.3,1.421982528007192,0.7308396164706201,0.7921909394011701,0.7354141545750863,1.0227863968814397,0.8162655865395517,0.7537419896894765,0.8730793923527911,0.881623642008571,0.7910073433756477,0.7294024152519538,0.7511004157872089,0.7284948456868829,0.8799450806867001,0.78427534010989,0.7519602140072876,0.710991264003596,1.0206713109158585,1.0168488026015778,1.3,0.8938534369497243,0.7851107141983619,1.00517224827988,1.2892575228859584,0.9731998814798412,1.1012701205551299,0.7627082731637713,1.0094567868236004,0.710991264003596,1.3,1.421982528007192,0.7364893069385405,0.710991264003596,1.421982528007192,0.7484729407802093,0.8500456873833169,0.7688921853291073,0.710991264003596,0.7157973945215995,1.0418800559031063,0.7180123003030012,0.7556427571278526,1.4912895180307584,0.9242178304685924,0.8736107661281047,0.8429203336584842,0.710991264003596,0.7931615295505529,0.7172803295734714,0.7990183976499541,0.7886727420276235,0.7175482760014774,0.9144367267310121,0.7849021561590551,0.7635788268661086,0.910638680923959,1.1570923903164403,0.7248988379974757,0.7256032227089841,0.7508969268409663,0.8324880429008805,0.7302081789522771,0.8376311040236606,1.4400636508652398,1.3,1.4335535096618393,0.8244014273837221,0.8494241284988244,0.8841036277680332,1.421982528007192,1.421982528007192,0.7590677883431834,1.421982528007192,0.8294982910845738,1.0853886162664548,0.7809705356173984,0.7622466065418421,0.710991264003596,0.7985350713413353,0.7171376404054834,0.8343125497514025,0.7167670824903729,0.8007551235407862,0.9703777987960868,0.7643660526750798,0.710991264003596,0.7501772481518649,1.3,0.7666379077228598
7,2,0.7472054003366577,1.260826739470835,0.7339238870953962,0.710991264003596,1.3,1.4997108410386923,0.8997034952094471,0.8696934512480053,1.0030332487795226,0.710991264003596,1.3,1.421982528007192,0.7308396164706201,0.7921909394011701,0.7354141545750863,1.0227863968814397,0.8162655865395517,0.7537419896894765,0.8730793923527911,0.881623642008571,0.7910073433756477,0.7294024152519538,0.7511004157872089,0.7284948456868829,0.8799450806867001,0.78427534010989,0.7519602140072876,0.710991264003596,1.0206713109158585,1.0168488026015778,1.3,0.8938534369497243,0.7851107141983619,1.00517224827988,1.2892575228859584,0.9731998814798412,1.1012701205551299,0.7627082731637713,1.0094567868236004,0.710991264003596,1.3,1.421982528007192,0.7364893069385405,0.710991264003596,1.421982528007192,0.7484729407802093,0.8500456873833169,0.7688921853291073,0.710991264003596,0.7157973945215995,1.0418800559031063,0.7180123003030012,0.7556427571278526,1.4912895180307584,0.9242178304685924,0.8736107661281047,0.8429203336584842,0.710991264003596,0.7931615295505529,0.7172803295734714,0.7990183976499541,0.7886727420276235,0.7175482760014774,0.9144367267310121,0.7849021561590551,0.7635788268661086,0.910638680923959,1.1570923903164403,0.7248988379974757,0.7256032227089841,0.7508969268409663,0.8324880429008805,0.7302081789522771,0.8376311040236606,1.4400636508652398,1.3,1.4335535096618393,0.8244014273837221,0.8494241284988244,0.8841036277680332,1.421982528007192,1.421982528007192,0.7590677883431834,1.421982528007192,0.8294982910845738,1.0853886162664548,0.7809705356173984,0.7622466065418421,0.710991264003596,0.7985350713413353,0.7171376404054834,0.8343125497514025,0.7167670824903729,0.8007551235407862,0.9703777987960868,0.7643660526750798,0.710991264003596,0.7501772481518649,1.3,0.7666379077228598
7,3,0.7472054003366577,1.260826739470835,0.7339238870953962,0.710991264003596,1.3,1.4997108410386923,0.8997034952094471,0.8696934512480053,1.0030332487795226,0.710991264003596,1.3,1.421982528007192,0.7308396164706201,0.7921909394011701,0.7354141545750863,1.0227863968814397,0.8162655865395517,0.7537419896894765,0.8730793923527911,0.881623642008571,0.7910073433756477,0.7294024152519538,0.7511004157872089,0.7284948456868829,0.8799450806867001,0.78427534010989,0.7519602140072876,0.710991264003596,1.0206713109158585,1.0168488026015778,1.3,0.8938534369497243,0.7851107141983619,1.00517224827988,1.2892575228859584,0.9731998814798412,1.1012701205551299,0.7627082731637713,1.0094567868236004,0.710991264003596,1.3,1.421982528007192,0.7364893069385405,0.710991264003596,1.421982528007192,0.7484729407802093,0.8500456873833169,0.7688921853291073,0.710991264003596,0.7157973945215995,1.0418800559031063,0.7180123003030012,0.7556427571278526,1.4912895180307584,0.9242178304685924,0.8736107661281047,0.8429203336584842,0.710991264003596,0.7931615295505529,0.7172803295734714,0.7990183976499541,0.7886727420276235,0.7175482760014774,0.9144367267310121,0.7849021561590551,0.7635788268661086,0.910638680923959,1.1570923903164403,0.7248988379974757,0.7256032227089841,0.7508969268409663,0.8324880429008805,0.7302081789522771,0.8376311040236606,1.4400636508652398,1.3,1.4335535096618393,0.8244014273837221,0.8494241284988244,0.8841036277680332,1.421982528007192,1.421982528007192,0.7590677883431834,1.421982528007192,0.8294982910845738,1.0853886162664548,0.7809705356173984,0.7622466065418421,0.710991264003596,0.7985350713413353,0.7171376404054834,0.8343125497514025,0.7167670824903729,0.8007551235407862,0.9703777987960868,0.7643660526750798,0.710991264003596,0.7501772481518649,1.3,0.7666379077228598
7,4,0.7472054003366577,1.260826739470835,0.7339238870953962,0.710991264003596,1.3,1.4997108410386923,0.8997034952094471,0.8696934512480053,1.0030332487795226,0.710991264003596,1.3,1.421982528007192,0.7308396164706201,0.7921909394011701,0.7354141545750863,1.0227863968814397,0.8162655865395517,0.7537419896894765,0.8730793923527911,0.881623642008571,0.7910073433756477,0.7294024152519538,0.7511004157872089,0.7284948456868829,0.8799450806867001,0.78427534010989,0.7519602140072876,0.710991264003596,1.0206713109158585,1.0168488026015778,1.3,0.8938534369497243,0.7851107141983619,1.00517224827988,1.2892575228859584,0.9731998814798412,1.1012701205551299,0.7627082731637713,1.0094567868236004,0.710991264003596,1.3,1.421982528007192,0.7364893069385405,0.710991264003596,1.421982528007192,0.7484729407802093,0.8500456873833169,0.7688921853291073,0.710991264003596,0.7157973945215995,1.0418800559031063,0.7180123003030012,0.7556427571278526,1.4912895180307584,0.9242178304685924,0.8736107661281047,0.8429203336584842,0.710991264003596,0.7931615295505529,0.7172803295734714,0.7990183976499541,0.7886727420276235,0.7175482760014774,0.9144367267310121,0.7849021561590551,0.7635788268661086,0.910638680923959,1.1570923903164403,0.7248988379974757,0.7256032227089841,0.7508969268409663,0.8324880429008805,0.7302081789522771,0.8376311040236606,1.4400636508652398,1.3,1.4335535096618393,0.8244014273837221,0.8494241284988244,0.8841036277680332,1.421982528007192,1.421982528007192,0.7590677883431834,1.421982528007192,0.8294982910845738,1.0853886162664548,0.7809705356173984,0.7622466065418421,0.710991264003596,0.7985350713413353,0.7171376404054834,0.8343125497514025,0.7167670824903729,0.8007551235407862,0.9703777987960868,0.7643660526750798,0.710991264003596,0.7501772481518649,1.3,0.7666379077228598
7,5,0.7472054003366577,1.260826739470835,0.7339238870953962,0.710991264003596,1.3,1.4997108410386923,0.8997034952094471,0.8696934512480053,1.0030332487795226,0.710991264003596,1.3,1.421982528007192,0.7308396164706201,0.7921909394011701,0.7354141545750863,1.0227863968814397,0.8162655865395517,0.7537419896894765,0.8730793923527911,0.881623642008571,0.7910073433756477,0.7294024152519538,0.7511004157872089,0.7284948456868829,0.8799450806867001,0.78427534010989,0.7519602140072876,0.710991264003596,1.0206713109158585,1.0168488026015778,1.3,0.8938534369497243,0.7851107141983619,1.00517224827988,1.2892575228859584,0.9731998814798412,1.1012701205551299,0.7627082731637713,1.0094567868236004,0.710991264003596,1.3,1.421982528007192,0.7364893069385405,0.710991264003596,1.421982528007192,0.7484729407802093,0.8500456873833169,0.7688921853291073,0.710991264003596,0.7157973945215995,1.0418800559031063,0.7180123003030012,0.7556427571278526,1.4912895180307584,0.9242178304685924,0.8736107661281047,0.8429203336584842,0.710991264003596,0.7931615295505529,0.7172803295734714,0.7990183976499541,0.7886727420276235,0.7175482760014774,0.9144367267310121,0.7849021561590551,0.7635788268661086,0.910638680923959,1.1570923903164403,0.7248988379974757,0.7256032227089841,0.7508969268409663,0.8324880429008805,0.7302081789522771,0.8376311040236606,1.4400636508652398,1.3,1.4335535096618393,0.8244014273837221,0.8494241284988244,0.8841036277680332,1.421982528007192,1.421982528007192,0.7590677883431834,1.421982528007192,0.8294982910845738,1.0853886162664548,0.7809705356173984,0.7622466065418421,0.710991264003596,0.7985350713413353,0.7171376404054834,0.8343125497514025,0.7167670824903729,0.8007551235407862,0.9703777987960868,0.7643660526750798,0.710991264003596,0.7501772481518649,1.3,0.7666379077228598
7,6,0.7472054003366577,1.260826739470835,0.7339238870953962,0.710991264003596,1.3,1.4997108410386923,0.8997034952094471,0.8696934512480053,1.0030332487795226,0.710991264003596,1.3,1.421982528007192,0.7308396164706201,0.7921909394011701,0.7354141545750863,1.0227863968814397,0.8162655865395517,0.7537419896894765,0.8730793923527911,0.881623642008571,0.7910073433756477,0.7294024152519538,0.7511004157872089,0.7284948456868829,0.8799450806867001,0.78427534010989,0.7519602140072876,0.710991264003596,1.0206713109158585,1.0168488026015778,1.3,0.8938534369497243,0.7851107141983619,1.00517224827988,1.2892575228859584,0.9731998814798412,1.1012701205551299,0.7627082731637713,1.0094567868236004,0.710991264003596,1.3,1.421982528007192,0.7364893069385405,0.710991264003596,1.421982528007192,0.7484729407802093,0.8500456873833169,0.7688921853291073,0.710991264003596,0.7157973945215995,1.0418800559031063,0.7180123003030012,0.7556427571278526,1.4912895180307584,0.9242178304685924,0.8736107661281047,0.8429203336584842,0.710991264003596,0.7931615295505529,0.7172803295734714,0.7990183976499541,0.7886727420276235,0.7175482760014774,0.9144367267310121,0.7849021561590551,0.7635788268661086,0.910638680923959,1.1570923903164403,0.7248988379974757,0.7256032227089841,0.7508969268409663,0.8324880429008805,0.7302081789522771,0.8376311040236606,1.4400636508652398,1.3,1.4335535096618393,0.8244014273837221,0.8494241284988244,0.8841036277680332,1.421982528007192,1.421982528007192,0.7590677883431834,1.421982528007192,0.8294982910845738,1.0853886162664548,0.7809705356173984,0.7622466065418421,0.710991264003596,0.7985350713413353,0.7171376404054834,0.8343125497514025,0.7167670824903729,0.8007551235407862,0.9703777987960868,0.7643660526750798,0.710991264003596,0.7501772481518649,1.3,0.7666379077228598
7,7,0.7472054003366577,1.260826739470835,0.7339238870953962,0.710991264003596,1.3,1.4997108410386923,0.8997034952094471,0.8696934512480053,1.0030332487795226,0.710991264003596,1.3,1.421982528007192,0.7308396164706201,0.7921909394011701,0.7354141545750863,1.0227863968814397,0.8162655865395517,0.7537419896894765,0.8730793923527911,0.881623642008571,0.7910073433756477,0.7294024152519538,0.7511004157872089,0.7284948456868829,0.8799450806867001,0.78427534010989,0.7519602140072876,0.710991264003596,1.0206713109158585,1.0168488026015778,1.3,0.8938534369497243,0.7851107141983619,1.00517224827988,1.2892575228859584,0.9731998814798412,1.1012701205551299,0.7627082731637713,1.0094567868236004,0.710991264003596,1.3,1.421982528007192,0.7364893069385405,0.710991264003596,1.421982528007192,0.7484729407802093,0.8500456873833169,0.7688921853291073,0.710991264003596,0.7157973945215995,1.0418800559031063,0.7180123003030012,0.7556427571278526,1.4912895180307584,0.9242178304685924,0.8736107661281047,0.8429203336584842,0.710991264003596,0.7931615295505529,0.7172803295734714,0.7990183976499541,0.7886727420276235,0.7175482760014774,0.9144367267310121,0.7849021561590551,0.7635788268661086,0.910638680923959,1.1570923903164403,0.7248988379974757,0.7256032227089841,0.7508969268409663,0.8324880429008805,0.7302081789522771,0.8376311040236606,1.4400636508652398,1.3,1.4335535096618393,0.8244014273837221,0.8494241284988244,0.8841036277680332,1.421982528007192,1.421982528007192,0.7590677883431834,1.421982528007192,0.8294982910845738,1.0853886162664548,0.7809705356173984,0.7622466065418421,0.710991264003596,0.7985350713413353,0.7171376404054834,0.8343125497514025,0.7167670824903729,0.8007551235407862,0.9703777987960868,0.7643660526750798,0.710991264003596,0.7501772481518649,1.3,0.7666379077228598
7,8,0.7472054003366577,1.260826739470835,0.7339238870953962,0.710991264003596,1.3,1.4997108410386923,0.8997034952094471,0.8696934512480053,1.0030332487795226,0.710991264003596,1.3,1.421982528007192,0.7308396164706201,0.7921909394011701,0.7354141545750863,1.0227863968814397,0.8162655865395517,0.7537419896894765,0.8730793923527911,0.881623642008571,0.7910073433756477,0.7294024152519538,0.7511004157872089,0.7284948456868829,0.8799450806867001,0.78427534010989,0.7519602140072876,0.710991264003596,1.0206713109158585,1.0168488026015778,1.3,0.8938534369497243,0.7851107141983619,1.00517224827988,1.2892575228859584,0.9731998814798412,1.1012701205551299,0.7627082731637713,1.0094567868236004,0.710991264003596,1.3,1.421982528007192,0.7364893069385405,0.710991264003596,1.421982528007192,0.7484729407802093,0.8500456873833169,0.7688921853291073,0.710991264003596,0.7157973945215995,1.0418800559031063,0.7180123003030012,0.7556427571278526,1.4912895180307584,0.9242178304685924,0.8736107661281047,0.8429203336584842,0.710991264003596,0.7931615295505529,0.7172803295734714,0.7990183976499541,0.7886727420276235,0.7175482760014774,0.9144367267310121,0.7849021561590551,0.7635788268661086,0.910638680923959,1.1570923903164403,0.7248988379974757,0.7256032227089841,0.7508969268409663,0.8324880429008805,0.7302081789522771,0.8376311040236606,1.4400636508652398,1.3,1.4335535096618393,0.8244014273837221,0.8494241284988244,0.8841036277680332,1.421982528007192,1.421982528007192,0.7590677883431834,1.421982528007192,0.8294982910845738,1.0853886162664548,0.7809705356173984,0.7622466065418421,0.710991264003596,0.7985350713413353,0.7171376404054834,0.8343125497514025,0.7167670824903729,0.8007551235407862,0.9703777987960868,0.7643660526750798,0.710991264003596,0.7501772481518649,1.3,0.7666379077228598
7,9,0.7472054003366577,1.260826739470835,0.7339238870953962,0.710991264003596,1.3,1.4997108410386923,0.8997034952094471,0.8696934512480053,1.0030332487795226,0.710991264003596,1.3,1.421982528007192,0.7308396164706201,0.7921909394011701,0.7354141545750863,1.0227863968814397,0.8162655865395517,0.7537419896894765,0.8730793923527911,0.881623642008571,0.7910073433756477,0.7294024152519538,0.7511004157872089,0.7284948456868829,0.8799450806867001,0.78427534010989,0.7519602140072876,0.710991264003596,1.0206713109158585,1.0168488026015778,1.3,0.8938534369497243,0.7851107141983619,1.00517224827988,1.2892575228859584,0.9731998814798412,1.1012701205551299,0.7627082731637713,1.0094567868236004,0.710991264003596,1.3,1.421982528007192,0.7364893069385405,0.710991264003596,1.421982528007192,0.7484729407802093,0.8500456873833169,0.7688921853291073,0.710991264003596,0.7157973945215995,1.0418800559031063,0.7180123003030012,0.7556427571278526,1.4912895180307584,0.9242178304685924,0.8736107661281047,0.8429203336584842,0.710991264003596,0.7931615295505529,0.7172803295734714,0.7990183976499541,0.7886727420276235,0.7175482760014774,0.9144367267310121,0.7849021561590551,0.7635788268661086,0.910638680923959,1.1570923903164403,0.7248988379974757,0.7256032227089841,0.7508969268409663,0.8324880429008805,0.7302081789522771,0.8376311040236606,1.4400636508652398,1.3,1.4335535096618393,0.8244014273837221,0.8494241284988244,0.8841036277680332,1.421982528007192,1.421982528007192,0.7590677883431834,1.421982528007192,0.8294982910845738,1.0853886162664548,0.7809705356173984,0.7622466065418421,0.710991264003596,0.7985350713413353,0.7171376404054834,0.8343125497514025,0.7167670824903729,0.8007551235407862,0.9703777987960868,0.7643660526750798,0.710991264003596,0.7501772481518649,1.3,0.7666379077228598
7,10,0.7472054003366577,1.260826739470835,0.7339238870953962,0.710991264003596,1.3,1.4997108410386923,0.8997034952094471,0.8696934512480053,1.0030332487795226,0.710991264003596,1.3,1.421982528007192,0.7308396164706201,0.7921909394011701,0.7354141545750863,1.0227863968814397,0.8162655865395517,0.7537419896894765,0.8730793923527911,0.881623642008571,0.7910073433756477,0.7294024152519538,0.7511004157872089,0.7284948456868829,0.8799450806867001,0.78427534010989,0.7519602140072876,0.710991264003596,1.0206713109158585,1.0168488026015778,1.3,0.8938534369497243,0.7851107141983619,1.00517224827988,1.2892575228859584,0.9731998814798412,1.1012701205551299,0.7627082731637713,1.0094567868236004,0.710991264003596,1.3,1.421982528007192,0.7364893069385405,0.710991264003596,1.421982528007192,0.7484729407802093,0.8500456873833169,0.7688921853291073,0.710991264003596,0.7157973945215995,1.0418800559031063,0.7180123003030012,0.7556427571278526,1.4912895180307584,0.9242178304685924,0.8736107661281047,0.8429203336584842,0.710991264003596,0.7931615295505529,0.7172803295734714,0.7990183976499541,0.7886727420276235,0.7175482760014774,0.9144367267310121,0.7849021561590551,0.7635788268661086,0.910638680923959,1.1570923903164403,0.7248988379974757,0.7256032227089841,0.7508969268409663,0.8324880429008805,0.7302081789522771,0.8376311040236606,1.4400636508652398,1.3,1.4335535096618393,0.8244014273837221,0.8494241284988244,0.8841036277680332,1.421982528007192,1.421982528007192,0.7590677883431834,1.421982528007192,0.8294982910845738,1.0853886162664548,0.7809705356173984,0.7622466065418421,0.710991264003596,0.7985350713413353,0.7171376404054834,0.8343125497514025,0.7167670824903729,0.8007551235407862,0.9703777987960868,0.7643660526750798,0.710991264003596,0.7501772481518649,1.3,0.7666379077228598
7,11,0.7472054003366577,1.260826739470835,0.7339238870953962,0.710991264003596,1.3,1.4997108410386923,0.8997034952094471,0.8696934512480053,1.0030332487795226,0.710991264003596,1.3,1.421982528007192,0.7308396164706201,0.7921909394011701,0.7354141545750863,1.0227863968814397,0.8162655865395517,0.7537419896894765,0.8730793923527911,0.881623642008571,0.7910073433756477,0.7294024152519538,0.7511004157872089,0.7284948456868829,0.8799450806867001,0.78427534010989,0.7519602140072876,0.710991264003596,1.0206713109158585,1.0168488026015778,1.3,0.8938534369497243,0.7851107141983619,1.00517224827988,1.2892575228859584,0.9731998814798412,1.1012701205551299,0.7627082731637713,1.0094567868236004,0.710991264003596,1.3,1.421982528007192,0.7364893069385405,0.710991264003596,1.421982528007192,0.7484729407802093,0.8500456873833169,0.7688921853291073,0.710991264003596,0.7157973945215995,1.0418800559031063,0.7180123003030012,0.7556427571278526,1.4912895180307584,0.9242178304685924,0.8736107661281047,0.8429203336584842,0.710991264003596,0.7931615295505529,0.7172803295734714,0.7990183976499541,0.7886727420276235,0.7175482760014774,0.9144367267310121,0.7849021561590551,0.7635788268661086,0.910638680923959,1.1570923903164403,0.7248988379974757,0.7256032227089841,0.7508969268409663,0.8324880429008805,0.7302081789522771,0.8376311040236606,1.4400636508652398,1.3,1.4335535096618393,0.8244014273837221,0.8494241284988244,0.8841036277680332,1.421982528007192,1.421982528007192,0.7590677883431834,1.421982528007192,0.8294982910845738,1.0853886162664548,0.7809705356173984,0.7622466065418421,0.710991264003596,0.7985350713413353,0.7171376404054834,0.8343125497514025,0.7167670824903729,0.8007551235407862,0.9703777987960868,0.7643660526750798,0.710991264003596,0.7501772481518649,1.3,0.7666379077228598
7,12,0.7472054003366577,1.260826739470835,0.7339238870953962,0.710991264003596,1.3,1.4997108410386923,0.8997034952094471,0.8696934512480053,1.0030332487795226,0.710991264003596,1.3,1.421982528007192,0.7308396164706201,0.7921909394011701,0.7354141545750863,1.0227863968814397,0.8162655865395517,0.7537419896894765,0.8730793923527911,0.881623642008571,0.7910073433756477,0.7294024152519538,0.7511004157872089,0.7284948456868829,0.8799450806867001,0.78427534010989,0.7519602140072876,0.710991264003596,1.0206713109158585,1.0168488026015778,1.3,0.8938534369497243,0.7851107141983619,1.00517224827988,1.2892575228859584,0.9731998814798412,1.1012701205551299,0.7627082731637713,1.0094567868236004,0.710991264003596,1.3,1.421982528007192,0.7364893069385405,0.710991264003596,1.421982528007192,0.7484729407802093,0.8500456873833169,0.7688921853291073,0.710991264003596,0.7157973945215995,1.0418800559031063,0.7180123003030012,0.7556427571278526,1.4912895180307584,0.9242178304685924,0.8736107661281047,0.8429203336584842,0.710991264003596,0.7931615295505529,0.7172803295734714,0.7990183976499541,0.7886727420276235,0.7175482760014774,0.9144367267310121,0.7849021561590551,0.7635788268661086,0.910638680923959,1.1570923903164403,0.7248988379974757,0.7256032227089841,0.7508969268409663,0.8324880429008805,0.7302081789522771,0.8376311040236606,1.4400636508652398,1.3,1.4335535096618393,0.8244014273837221,0.8494241284988244,0.8841036277680332,1.421982528007192,1.421982528007192,0.7590677883431834,1.421982528007192,0.8294982910845738,1.0853886162664548,0.7809705356173984,0.7622466065418421,0.710991264003596,0.7985350713413353,0.7171376404054834,0.8343125497514025,0.7167670824903729,0.8007551235407862,0.9703777987960868,0.7643660526750798,0.710991264003596,0.7501772481518649,1.3,0.7666379077228598
7,13,0.7472054003366577,1.260826739470835,0.7339238870953962,0.710991264003596,1.3,1.4997108410386923,0.8997034952094471,0.8696934512480053,1.0030332487795226,0.710991264003596,1.3,1.421982528007192,0.7308396164706201,0.7921909394011701,0.7354141545750863,1.0227863968814397,0.8162655865395517,0.7537419896894765,0.8730793923527911,0.881623642008571,0.7910073433756477,0.7294024152519538,0.7511004157872089,0.7284948456868829,0.8799450806867001,0.78427534010989,0.7519602140072876,0.710991264003596,1.0206713109158585,1.0168488026015778,1.3,0.8938534369497243,0.7851107141983619,1.00517224827988,1.2892575228859584,0.9731998814798412,1.1012701205551299,0.7627082731637713,1.0094567868236004,0.710991264003596,1.3,1.421982528007192,0.7364893069385405,0.710991264003596,1.421982528007192,0.7484729407802093,0.8500456873833169,0.7688921853291073,0.710991264003596,0.7157973945215995,1.0418800559031063,0.7180123003030012,0.7556427571278526,1.4912895180307584,0.9242178304685924,0.8736107661281047,0.8429203336584842,0.710991264003596,0.7931615295505529,0.7172803295734714,0.7990183976499541,0.7886727420276235,0.7175482760014774,0.9144367267310121,0.7849021561590551,0.7635788268661086,0.910638680923959,1.1570923903164403,0.7248988379974757,0.7256032227089841,0.7508969268409663,0.8324880429008805,0.7302081789522771,0.8376311040236606,1.4400636508652398,1.3,1.4335535096618393,0.8244014273837221,0.8494241284988244,0.8841036277680332,1.421982528007192,1.421982528007192,0.7590677883431834,1.421982528007192,0.8294982910845738,1.0853886162664548,0.7809705356173984,0.7622466065418421,0.710991264003596,0.7985350713413353,0.7171376404054834,0.8343125497514025,0.7167670824903729,0.8007551235407862,0.9703777987960868,0.7643660526750798,0.710991264003596,0.7501772481518649,1.3,0.7666379077228598
7,14,0.7472054003366577,1.260826739470835,0.7339238870953962,0.710991264003596,1.3,1.4997108410386923,0.8997034952094471,0.8696934512480053,1.0030332487795226,0.710991264003596,1.3,1.421982528007192,0.7308396164706201,0.7921909394011701,0.7354141545750863,1.0227863968814397,0.8162655865395517,0.7537419896894765,0.8730793923527911,0.881623642008571,0.7910073433756477,0.7294024152519538,0.7511004157872089,0.7284948456868829,0.8799450806867001,0.78427534010989,0.7519602140072876,0.710991264003596,1.0206713109158585,1.0168488026015778,1.3,0.8938534369497243,0.7851107141983619,1.00517224827988,1.2892575228859584,0.9731998814798412,1.1012701205551299,0.7627082731637713,1.0094567868236004,0.710991264003596,1.3,1.421982528007192,0.7364893069385405,0.710991264003596,1.421982528007192,0.7484729407802093,0.8500456873833169,0.7688921853291073,0.710991264003596,0.7157973945215995,1.0418800559031063,0.7180123003030012,0.7556427571278526,1.4912895180307584,0.9242178304685924,0.8736107661281047,0.8429203336584842,0.710991264003596,0.7931615295505529,0.7172803295734714,0.7990183976499541,0.7886727420276235,0.7175482760014774,0.9144367267310121,0.7849021561590551,0.7635788268661086,0.910638680923959,1.1570923903164403,0.7248988379974757,0.7256032227089841,0.7508969268409663,0.8324880429008805,0.7302081789522771,0.8376311040236606,1.4400636508652398,1.3,1.4335535096618393,0.8244014273837221,0.8494241284988244,0.8841036277680332,1.421982528007192,1.421982528007192,0.7590677883431834,1.421982528007192,0.8294982910845738,1.0853886162664548,0.7809705356173984,0.7622466065418421,0.710991264003596,0.7985350713413353,0.7171376404054834,0.8343125497514025,0.7167670824903729,0.8007551235407862,0.9703777987960868,0.7643660526750798,0.710991264003596,0.7501772481518649,1.3,0.7666379077228598
7,15,0.7472054003366577,1.260826739470835,0.7339238870953962,0.710991264003596,1.3,1.4997108410386923,0.8997034952094471,0.8696934512480053,1.0030332487795226,0.710991264003596,1.3,1.421982528007192,0.7308396164706201,0.7921909394011701,0.7354141545750863,1.0227863968814397,0.8162655865395517,0.7537419896894765,0.8730793923527911,0.881623642008571,0.7910073433756477,0.7294024152519538,0.7511004157872089,0.7284948456868829,0.8799450806867001,0.78427534010989,0.7519602140072876,0.710991264003596,1.0206713109158585,1.0168488026015778,1.3,0.8938534369497243,0.7851107141983619,1.00517224827988,1.2892575228859584,0.9731998814798412,1.1012701205551299,0.7627082731637713,1.0094567868236004,0.710991264003596,1.3,1.421982528007192,0.7364893069385405,0.710991264003596,1.421982528007192,0.7484729407802093,0.8500456873833169,0.7688921853291073,0.710991264003596,0.7157973945215995,1.0418800559031063,0.7180123003030012,0.7556427571278526,1.4912895180307584,0.9242178304685924,0.8736107661281047,0.8429203336584842,0.710991264003596,0.7931615295505529,0.7172803295734714,0.7990183976499541,0.7886727420276235,0.7175482760014774,0.9144367267310121,0.7849021561590551,0.7635788268661086,0.910638680923959,1.1570923903164403,0.7248988379974757,0.7256032227089841,0.7508969268409663,0.8324880429008805,0.7302081789522771,0.8376311040236606,1.4400636508652398,1.3,1.4335535096618393,0.8244014273837221,0.8494241284988244,0.8841036277680332,1.421982528007192,1.421982528007192,0.7590677883431834,1.421982528007192,0.8294982910845738,1.0853886162664548,0.7809705356173984,0.7622466065418421,0.710991264003596,0.7985350713413353,0.7171376404054834,0.8343125497514025,0.7167670824903729,0.8007551235407862,0.9703777987960868,0.7643660526750798,0.710991264003596,0.7501772481518649,1.3,0.7666379077228598
7,16,0.7472054003366577,1.260826739470835,0.7339238870953962,0.710991264003596,1.3,1.4997108410386923,0.8997034952094471,0.8696934512480053,1.0030332487795226,0.710991264003596,1.3,1.421982528007192,0.7308396164706201,0.7921909394011701,0.7354141545750863,1.0227863968814397,0.8162655865395517,0.7537419896894765,0.8730793923527911,0.881623642008571,0.7910073433756477,0.7294024152519538,0.7511004157872089,0.7284948456868829,0.8799450806867001,0.78427534010989,0.7519602140072876,0.710991264003596,1.0206713109158585,1.0168488026015778,1.3,0.8938534369497243,0.7851107141983619,1.00517224827988,1.2892575228859584,0.9731998814798412,1.1012701205551299,0.7627082731637713,1.0094567868236004,0.710991264003596,1.3,1.421982528007192,0.7364893069385405,0.710991264003596,1.421982528007192,0.7484729407802093,0.8500456873833169,0.7688921853291073,0.710991264003596,0.7157973945215995,1.0418800559031063,0.7180123003030012,0.7556427571278526,1.4912895180307584,0.9242178304685924,0.8736107661281047,0.8429203336584842,0.710991264003596,0.7931615295505529,0.7172803295734714,0.7990183976499541,0.7886727420276235,0.7175482760014774,0.9144367267310121,0.7849021561590551,0.7635788268661086,0.910638680923959,1.1570923903164403,0.7248988379974757,0.7256032227089841,0.7508969268409663,0.8324880429008805,0.7302081789522771,0.8376311040236606,1.4400636508652398,1.3,1.4335535096618393,0.8244014273837221,0.8494241284988244,0.8841036277680332,1.421982528007192,1.421982528007192,0.7590677883431834,1.421982528007192,0.8294982910845738,1.0853886162664548,0.7809705356173984,0.7622466065418421,0.710991264003596,0.7985350713413353,0.7171376404054834,0.8343125497514025,0.7167670824903729,0.8007551235407862,0.9703777987960868,0.7643660526750798,0.710991264003596,0.7501772481518649,1.3,0.7666379077228598
7,17,0.7472054003366577,1.260826739470835,0.7339238870953962,0.710991264003596,1.3,1.4997108410386923,0.8997034952094471,0.8696934512480053,1.0030332487795226,0.710991264003596,1.3,1.421982528007192,0.7308396164706201,0.7921909394011701,0.7354141545750863,1.0227863968814397,0.8162655865395517,0.7537419896894765,0.8730793923527911,0.881623642008571,0.7910073433756477,0.7294024152519538,0.7511004157872089,0.7284948456868829,0.8799450806867001,0.78427534010989,0.7519602140072876,0.710991264003596,1.0206713109158585,1.0168488026015778,1.3,0.8938534369497243,0.7851107141983619,1.00517224827988,1.2892575228859584,0.9731998814798412,1.1012701205551299,0.7627082731637713,1.0094567868236004,0.710991264003596,1.3,1.421982528007192,0.7364893069385405,0.710991264003596,1.421982528007192,0.7484729407802093,0.8500456873833169,0.7688921853291073,0.710991264003596,0.7157973945215995,1.0418800559031063,0.7180123003030012,0.7556427571278526,1.4912895180307584,0.9242178304685924,0.8736107661281047,0.8429203336584842,0.710991264003596,0.7931615295505529,0.7172803295734714,0.7990183976499541,0.7886727420276235,0.7175482760014774,0.9144367267310121,0.7849021561590551,0.7635788268661086,0.910638680923959,1.1570923903164403,0.7248988379974757,0.7256032227089841,0.7508969268409663,0.8324880429008805,0.7302081789522771,0.8376311040236606,1.4400636508652398,1.3,1.4335535096618393,0.8244014273837221,0.8494241284988244,0.8841036277680332,1.421982528007192,1.421982528007192,0.7590677883431834,1.421982528007192,0.8294982910845738,1.0853886162664548,0.7809705356173984,0.7622466065418421,0.710991264003596,0.7985350713413353,0.7171376404054834,0.8343125497514025,0.7167670824903729,0.8007551235407862,0.9703777987960868,0.7643660526750798,0.710991264003596,0.7501772481518649,1.3,0.7666379077228598
7,18,0.7472054003366577,1.260826739470835,0.7339238870953962,0.710991264003596,1.3,1.4997108410386923,0.8997034952094471,0.8696934512480053,1.0030332487795226,0.710991264003596,1.3,1.421982528007192,0.7308396164706201,0.7921909394011701,0.7354141545750863,1.0227863968814397,0.8162655865395517,0.7537419896894765,0.8730793923527911,0.881623642008571,0.7910073433756477,0.7294024152519538,0.7511004157872089,0.7284948456868829,0.8799450806867001,0.78427534010989,0.7519602140072876,0.710991264003596,1.0206713109158585,1.0168488026015778,1.3,0.8938534369497243,0.7851107141983619,1.00517224827988,1.2892575228859584,0.9731998814798412,1.1012701205551299,0.7627082731637713,1.0094567868236004,0.710991264003596,1.3,1.421982528007192,0.7364893069385405,0.710991264003596,1.421982528007192,0.7484729407802093,0.8500456873833169,0.7688921853291073,0.710991264003596,0.7157973945215995,1.0418800559031063,0.7180123003030012,0.7556427571278526,1.4912895180307584,0.9242178304685924,0.8736107661281047,0.8429203336584842,0.710991264003596,0.7931615295505529,0.7172803295734714,0.7990183976499541,0.7886727420276235,0.7175482760014774,0.9144367267310121,0.7849021561590551,0.7635788268661086,0.910638680923959,1.1570923903164403,0.7248988379974757,0.7256032227089841,0.7508969268409663,0.8324880429008805,0.7302081789522771,0.8376311040236606,1.4400636508652398,1.3,1.4335535096618393,0.8244014273837221,0.8494241284988244,0.8841036277680332,1.421982528007192,1.421982528007192,0.7590677883431834,1.421982528007192,0.8294982910845738,1.0853886162664548,0.7809705356173984,0.7622466065418421,0.710991264003596,0.7985350713413353,0.7171376404054834,0.8343125497514025,0.7167670824903729,0.8007551235407862,0.9703777987960868,0.7643660526750798,0.710991264003596,0.7501772481518649,1.3,0.7666379077228598
7,19,0.7472054003366577,1.260826739470835,0.7339238870953962,0.710991264003596,1.3,1.4997108410386923,0.8997034952094471,0.8696934512480053,1.0030332487795226,0.710991264003596,1.3,1.421982528007192,0.7308396164706201,0.7921909394011701,0.7354141545750863,1.0227863968814397,0.8162655865395517,0.7537419896894765,0.8730793923527911,0.881623642008571,0.7910073433756477,0.7294024152519538,0.7511004157872089,0.7284948456868829,0.8799450806867001,0.78427534010989,0.7519602140072876,0.710991264003596,1.0206713109158585,1.0168488026015778,1.3,0.8938534369497243,0.7851107141983619,1.00517224827988,1.2892575228859584,0.9731998814798412,1.1012701205551299,0.7627082731637713,1.0094567868236004,0.710991264003596,1.3,1.421982528007192,0.7364893069385405,0.710991264003596,1.421982528007192,0.7484729407802093,0.8500456873833169,0.7688921853291073,0.710991264003596,0.7157973945215995,1.0418800559031063,0.7180123003030012,0.7556427571278526,1.4912895180307584,0.9242178304685924,0.8736107661281047,0.8429203336584842,0.710991264003596,0.7931615295505529,0.7172803295734714,0.7990183976499541,0.7886727420276235,0.7175482760014774,0.9144367267310121,0.7849021561590551,0.7635788268661086,0.910638680923959,1.1570923903164403,0.7248988379974757,0.7256032227089841,0.7508969268409663,0.8324880429008805,0.7302081789522771,0.8376311040236606,1.4400636508652398,1.3,1.4335535096618393,0.8244014273837221,0.8494241284988244,0.8841036277680332,1.421982528007192,1.421982528007192,0.7590677883431834,1.421982528007192,0.8294982910845738,1.0853886162664548,0.7809705356173984,0.7622466065418421,0.710991264003596,0.7985350713413353,0.7171376404054834,0.8343125497514025,0.7167670824903729,0.8007551235407862,0.9703777987960868,0.7643660526750798,0.710991264003596,0.7501772481518649,1.3,0.7666379077228598
7,20,0.7472054003366577,1.260826739470835,0.7339238870953962,0.710991264003596,1.3,1.4997108410386923,0.8997034952094471,0.8696934512480053,1.0030332487795226,0.710991264003596,1.3,1.421982528007192,0.7308396164706201,0.7921909394011701,0.7354141545750863,1.0227863968814397,0.8162655865395517,0.7537419896894765,0.8730793923527911,0.881623642008571,0.7910073433756477,0.7294024152519538,0.7511004157872089,0.7284948456868829,0.8799450806867001,0.78427534010989,0.7519602140072876,0.710991264003596,1.0206713109158585,1.0168488026015778,1.3,0.8938534369497243,0.7851107141983619,1.00517224827988,1.2892575228859584,0.9731998814798412,1.1012701205551299,0.7627082731637713,1.0094567868236004,0.710991264003596,1.3,1.421982528007192,0.7364893069385405,0.710991264003596,1.421982528007192,0.7484729407802093,0.8500456873833169,0.7688921853291073,0.710991264003596,0.7157973945215995,1.0418800559031063,0.7180123003030012,0.7556427571278526,1.4912895180307584,0.9242178304685924,0.8736107661281047,0.8429203336584842,0.710991264003596,0.7931615295505529,0.7172803295734714,0.7990183976499541,0.7886727420276235,0.7175482760014774,0.9144367267310121,0.7849021561590551,0.7635788268661086,0.910638680923959,1.1570923903164403,0.7248988379974757,0.7256032227089841,0.7508969268409663,0.8324880429008805,0.7302081789522771,0.8376311040236606,1.4400636508652398,1.3,1.4335535096618393,0.8244014273837221,0.8494241284988244,0.8841036277680332,1.421982528007192,1.421982528007192,0.7590677883431834,1.421982528007192,0.8294982910845738,1.0853886162664548,0.7809705356173984,0.7622466065418421,0.710991264003596,0.7985350713413353,0.7171376404054834,0.8343125497514025,0.7167670824903729,0.8007551235407862,0.9703777987960868,0.7643660526750798,0.710991264003596,0.7501772481518649,1.3,0.7666379077228598
7,21,0.7472054003366577,1.260826739470835,0.7339238870953962,0.710991264003596,1.3,1.4997108410386923,0.8997034952094471,0.8696934512480053,1.0030332487795226,0.710991264003596,1.3,1.421982528007192,0.7308396164706201,0.7921909394011701,0.7354141545750863,1.0227863968814397,0.8162655865395517,0.7537419896894765,0.8730793923527911,0.881623642008571,0.7910073433756477,0.7294024152519538,0.7511004157872089,0.7284948456868829,0.8799450806867001,0.78427534010989,0.7519602140072876,0.710991264003596,1.0206713109158585,1.0168488026015778,1.3,0.8938534369497243,0.7851107141983619,1.00517224827988,1.2892575228859584,0.9731998814798412,1.1012701205551299,0.7627082731637713,1.0094567868236004,0.710991264003596,1.3,1.421982528007192,0.7364893069385405,0.710991264003596,1.421982528007192,0.7484729407802093,0.8500456873833169,0.7688921853291073,0.710991264003596,0.7157973945215995,1.0418800559031063,0.7180123003030012,0.7556427571278526,1.4912895180307584,0.9242178304685924,0.8736107661281047,0.8429203336584842,0.710991264003596,0.7931615295505529,0.7172803295734714,0.7990183976499541,0.7886727420276235,0.7175482760014774,0.9144367267310121,0.7849021561590551,0.7635788268661086,0.910638680923959,1.1570923903164403,0.7248988379974757,0.7256032227089841,0.7508969268409663,0.8324880429008805,0.7302081789522771,0.8376311040236606,1.4400636508652398,1.3,1.4335535096618393,0.8244014273837221,0.8494241284988244,0.8841036277680332,1.421982528007192,1.421982528007192,0.7590677883431834,1.421982528007192,0.8294982910845738,1.0853886162664548,0.7809705356173984,0.7622466065418421,0.710991264003596,0.7985350713413353,0.7171376404054834,0.8343125497514025,0.7167670824903729,0.8007551235407862,0.9703777987960868,0.7643660526750798,0.710991264003596,0.7501772481518649,1.3,0.7666379077228598
7,22,0.7472054003366577,1.260826739470835,0.7339238870953962,0.710991264003596,1.3,1.4997108410386923,0.8997034952094471,0.8696934512480053,1.0030332487795226,0.710991264003596,1.3,1.421982528007192,0.7308396164706201,0.7921909394011701,0.7354141545750863,1.0227863968814397,0.8162655865395517,0.7537419896894765,0.8730793923527911,0.881623642008571,0.7910073433756477,0.7294024152519538,0.7511004157872089,0.7284948456868829,0.8799450806867001,0.78427534010989,0.7519602140072876,0.710991264003596,1.0206713109158585,1.0168488026015778,1.3,0.8938534369497243,0.7851107141983619,1.00517224827988,1.2892575228859584,0.9731998814798412,1.1012701205551299,0.7627082731637713,1.0094567868236004,0.710991264003596,1.3,1.421982528007192,0.7364893069385405,0.710991264003596,1.421982528007192,0.7484729407802093,0.8500456873833169,0.7688921853291073,0.710991264003596,0.7157973945215995,1.0418800559031063,0.7180123003030012,0.7556427571278526,1.4912895180307584,0.9242178304685924,0.8736107661281047,0.8429203336584842,0.710991264003596,0.7931615295505529,0.7172803295734714,0.7990183976499541,0.7886727420276235,0.7175482760014774,0.9144367267310121,0.7849021561590551,0.7635788268661086,0.910638680923959,1.1570923903164403,0.7248988379974757,0.7256032227089841,0.7508969268409663,0.8324880429008805,0.7302081789522771,0.8376311040236606,1.4400636508652398,1.3,1.4335535096618393,0.8244014273837221,0.8494241284988244,0.8841036277680332,1.421982528007192,1.421982528007192,0.7590677883431834,1.421982528007192,0.8294982910845738,1.0853886162664548,0.7809705356173984,0.7622466065418421,0.710991264003596,0.7985350713413353,0.7171376404054834,0.8343125497514025,0.7167670824903729,0.8007551235407862,0.9703777987960868,0.7643660526750798,0.710991264003596,0.7501772481518649,1.3,0.7666379077228598
7,23,0.7472054003366577,1.260826739470835,0.7339238870953962,0.710991264003596,1.3,1.4997108410386923,0.8997034952094471,0.8696934512480053,1.0030332487795226,0.710991264003596,1.3,1.421982528007192,0.7308396164706201,0.7921909394011701,0.7354141545750863,1.0227863968814397,0.8162655865395517,0.7537419896894765,0.8730793923527911,0.881623642008571,0.7910073433756477,0.7294024152519538,0.7511004157872089,0.7284948456868829,0.8799450806867001,0.78427534010989,0.7519602140072876,0.710991264003596,1.0206713109158585,1.0168488026015778,1.3,0.8938534369497243,0.7851107141983619,1.00517224827988,1.2892575228859584,0.9731998814798412,1.1012701205551299,0.7627082731637713,1.0094567868236004,0.710991264003596,1.3,1.421982528007192,0.7364893069385405,0.710991264003596,1.421982528007192,0.7484729407802093,0.8500456873833169,0.7688921853291073,0.710991264003596,0.7157973945215995,1.0418800559031063,0.7180123003030012,0.7556427571278526,1.4912895180307584,0.9242178304685924,0.8736107661281047,0.8429203336584842,0.710991264003596,0.7931615295505529,0.7172803295734714,0.7990183976499541,0.7886727420276235,0.7175482760014774,0.9144367267310121,0.7849021561590551,0.7635788268661086,0.910638680923959,1.1570923903164403,0.7248988379974757,0.7256032227089841,0.7508969268409663,0.8324880429008805,0.7302081789522771,0.8376311040236606,1.4400636508652398,1.3,1.4335535096618393,0.8244014273837221,0.8494241284988244,0.8841036277680332,1.421982528007192,1.421982528007192,0.7590677883431834,1.421982528007192,0.8294982910845738,1.0853886162664548,0.7809705356173984,0.7622466065418421,0.710991264003596,0.7985350713413353,0.7171376404054834,0.8343125497514025,0.7167670824903729,0.8007551235407862,0.9703777987960868,0.7643660526750798,0.710991264003596,0.7501772481518649,1.3,0.7666379077228598
7,24,0.7472054003366577,1.260826739470835,0.7339238870953962,0.710991264003596,1.3,1.4997108410386923,0.8997034952094471,0.8696934512480053,1.0030332487795226,0.710991264003596,1.3,1.421982528007192,0.7308396164706201,0.7921909394011701,0.7354141545750863,1.0227863968814397,0.8162655865395517,0.7537419896894765,0.8730793923527911,0.881623642008571,0.7910073433756477,0.7294024152519538,0.7511004157872089,0.7284948456868829,0.8799450806867001,0.78427534010989,0.7519602140072876,0.710991264003596,1.0206713109158585,1.0168488026015778,1.3,0.8938534369497243,0.7851107141983619,1.00517224827988,1.2892575228859584,0.9731998814798412,1.1012701205551299,0.7627082731637713,1.0094567868236004,0.710991264003596,1.3,1.421982528007192,0.7364893069385405,0.710991264003596,1.421982528007192,0.7484729407802093,0.8500456873833169,0.7688921853291073,0.710991264003596,0.7157973945215995,1.0418800559031063,0.7180123003030012,0.7556427571278526,1.4912895180307584,0.9242178304685924,0.8736107661281047,0.8429203336584842,0.710991264003596,0.7931615295505529,0.7172803295734714,0.7990183976499541,0.7886727420276235,0.7175482760014774,0.9144367267310121,0.7849021561590551,0.7635788268661086,0.910638680923959,1.1570923903164403,0.7248988379974757,0.7256032227089841,0.7508969268409663,0.8324880429008805,0.7302081789522771,0.8376311040236606,1.4400636508652398,1.3,1.4335535096618393,0.8244014273837221,0.8494241284988244,0.8841036277680332,1.421982528007192,1.421982528007192,0.7590677883431834,1.421982528007192,0.8294982910845738,1.0853886162664548,0.7809705356173984,0.7622466065418421,0.710991264003596,0.7985350713413353,0.7171376404054834,0.8343125497514025,0.7167670824903729,0.8007551235407862,0.9703777987960868,0.7643660526750798,0.710991264003596,0.7501772481518649,1.3,0.7666379077228598
7,25,0.7472054003366577,1.260826739470835,0.7339238870953962,0.710991264003596,1.3,1.4997108410386923,0.8997034952094471,0.8696934512480053,1.0030332487795226,0.710991264003596,1.3,1.421982528007192,0.7308396164706201,0.7921909394011701,0.7354141545750863,1.0227863968814397,0.8162655865395517,0.7537419896894765,0.8730793923527911,0.881623642008571,0.7910073433756477,0.7294024152519538,0.7511004157872089,0.7284948456868829,0.8799450806867001,0.78427534010989,0.7519602140072876,0.710991264003596,1.0206713109158585,1.0168488026015778,1.3,0.8938534369497243,0.7851107141983619,1.00517224827988,1.2892575228859584,0.9731998814798412,1.1012701205551299,0.7627082731637713,1.0094567868236004,0.710991264003596,1.3,1.421982528007192,0.7364893069385405,0.710991264003596,1.421982528007192,0.7484729407802093,0.8500456873833169,0.7688921853291073,0.710991264003596,0.7157973945215995,1.0418800559031063,0.7180123003030012,0.7556427571278526,1.4912895180307584,0.9242178304685924,0.8736107661281047,0.8429203336584842,0.710991264003596,0.7931615295505529,0.7172803295734714,0.7990183976499541,0.7886727420276235,0.7175482760014774,0.9144367267310121,0.7849021561590551,0.7635788268661086,0.910638680923959,1.1570923903164403,0.7248988379974757,0.7256032227089841,0.7508969268409663,0.8324880429008805,0.7302081789522771,0.8376311040236606,1.4400636508652398,1.3,1.4335535096618393,0.8244014273837221,0.8494241284988244,0.8841036277680332,1.421982528007192,1.421982528007192,0.7590677883431834,1.421982528007192,0.8294982910845738,1.0853886162664548,0.7809705356173984,0.7622466065418421,0.710991264003596,0.7985350713413353,0.7171376404054834,0.8343125497514025,0.7167670824903729,0.8007551235407862,0.9703777987960868,0.7643660526750798,0.710991264003596,0.7501772481518649,1.3,0.7666379077228598
7,26,0.7472054003366577,1.260826739470835,0.7339238870953962,0.710991264003596,1.3,1.4997108410386923,0.8997034952094471,0.8696934512480053,1.0030332487795226,0.710991264003596,1.3,1.421982528007192,0.7308396164706201,0.7921909394011701,0.7354141545750863,1.0227863968814397,0.8162655865395517,0.7537419896894765,0.8730793923527911,0.881623642008571,0.7910073433756477,0.7294024152519538,0.7511004157872089,0.7284948456868829,0.8799450806867001,0.78427534010989,0.7519602140072876,0.710991264003596,1.0206713109158585,1.0168488026015778,1.3,0.8938534369497243,0.7851107141983619,1.00517224827988,1.2892575228859584,0.9731998814798412,1.1012701205551299,0.7627082731637713,1.0094567868236004,0.710991264003596,1.3,1.421982528007192,0.7364893069385405,0.710991264003596,1.421982528007192,0.7484729407802093,0.8500456873833169,0.7688921853291073,0.710991264003596,0.7157973945215995,1.0418800559031063,0.7180123003030012,0.7556427571278526,1.4912895180307584,0.9242178304685924,0.8736107661281047,0.8429203336584842,0.710991264003596,0.7931615295505529,0.7172803295734714,0.7990183976499541,0.7886727420276235,0.7175482760014774,0.9144367267310121,0.7849021561590551,0.7635788268661086,0.910638680923959,1.1570923903164403,0.7248988379974757,0.7256032227089841,0.7508969268409663,0.8324880429008805,0.7302081789522771,0.8376311040236606,1.4400636508652398,1.3,1.4335535096618393,0.8244014273837221,0.8494241284988244,0.8841036277680332,1.421982528007192,1.421982528007192,0.7590677883431834,1.421982528007192,0.8294982910845738,1.0853886162664548,0.7809705356173984,0.7622466065418421,0.710991264003596,0.7985350713413353,0.7171376404054834,0.8343125497514025,0.7167670824903729,0.8007551235407862,0.9703777987960868,0.7643660526750798,0.710991264003596,0.7501772481518649,1.3,0.7666379077228598
7,27,0.7472054003366577,1.260826739470835,0.7339238870953962,0.710991264003596,1.3,1.4997108410386923,0.8997034952094471,0.8696934512480053,1.0030332487795226,0.710991264003596,1.3,1.421982528007192,0.7308396164706201,0.7921909394011701,0.7354141545750863,1.0227863968814397,0.8162655865395517,0.7537419896894765,0.8730793923527911,0.881623642008571,0.7910073433756477,0.7294024152519538,0.7511004157872089,0.7284948456868829,0.8799450806867001,0.78427534010989,0.7519602140072876,0.710991264003596,1.0206713109158585,1.0168488026015778,1.3,0.8938534369497243,0.7851107141983619,1.00517224827988,1.2892575228859584,0.9731998814798412,1.1012701205551299,0.7627082731637713,1.0094567868236004,0.710991264003596,1.3,1.421982528007192,0.7364893069385405,0.710991264003596,1.421982528007192,0.7484729407802093,0.8500456873833169,0.7688921853291073,0.710991264003596,0.7157973945215995,1.0418800559031063,0.7180123003030012,0.7556427571278526,1.4912895180307584,0.9242178304685924,0.8736107661281047,0.8429203336584842,0.710991264003596,0.7931615295505529,0.7172803295734714,0.7990183976499541,0.7886727420276235,0.7175482760014774,0.9144367267310121,0.7849021561590551,0.7635788268661086,0.910638680923959,1.1570923903164403,0.7248988379974757,0.7256032227089841,0.7508969268409663,0.8324880429008805,0.7302081789522771,0.8376311040236606,1.4400636508652398,1.3,1.4335535096618393,0.8244014273837221,0.8494241284988244,0.8841036277680332,1.421982528007192,1.421982528007192,0.7590677883431834,1.421982528007192,0.8294982910845738,1.0853886162664548,0.7809705356173984,0.7622466065418421,0.710991264003596,0.7985350713413353,0.7171376404054834,0.8343125497514025,0.7167670824903729,0.8007551235407862,0.9703777987960868,0.7643660526750798,0.710991264003596,0.7501772481518649,1.3,0.7666379077228598
7,28,0.7472054003366577,1.260826739470835,0.7339238870953962,0.710991264003596,1.3,1.4997108410386923,0.8997034952094471,0.8696934512480053,1.0030332487795226,0.710991264003596,1.3,1.421982528007192,0.7308396164706201,0.7921909394011701,0.7354141545750863,1.0227863968814397,0.8162655865395517,0.7537419896894765,0.8730793923527911,0.881623642008571,0.7910073433756477,0.7294024152519538,0.7511004157872089,0.7284948456868829,0.8799450806867001,0.78427534010989,0.7519602140072876,0.710991264003596,1.0206713109158585,1.0168488026015778,1.3,0.8938534369497243,0.7851107141983619,1.00517224827988,1.2892575228859584,0.9731998814798412,1.1012701205551299,0.7627082731637713,1.0094567868236004,0.710991264003596,1.3,1.421982528007192,0.7364893069385405,0.710991264003596,1.421982528007192,0.7484729407802093,0.8500456873833169,0.7688921853291073,0.710991264003596,0.7157973945215995,1.0418800559031063,0.7180123003030012,0.7556427571278526,1.4912895180307584,0.9242178304685924,0.8736107661281047,0.8429203336584842,0.710991264003596,0.7931615295505529,0.7172803295734714,0.7990183976499541,0.7886727420276235,0.7175482760014774,0.9144367267310121,0.7849021561590551,0.7635788268661086,0.910638680923959,1.1570923903164403,0.7248988379974757,0.7256032227089841,0.7508969268409663,0.8324880429008805,0.7302081789522771,0.8376311040236606,1.4400636508652398,1.3,1.4335535096618393,0.8244014273837221,0.8494241284988244,0.8841036277680332,1.421982528007192,1.421982528007192,0.7590677883431834,1.421982528007192,0.8294982910845738,1.0853886162664548,0.7809705356173984,0.7622466065418421,0.710991264003596,0.7985350713413353,0.7171376404054834,0.8343125497514025,0.7167670824903729,0.8007551235407862,0.9703777987960868,0.7643660526750798,0.710991264003596,0.7501772481518649,1.3,0.7666379077228598
7,29,0.7472054003366577,1.260826739470835,0.7339238870953962,0.710991264003596,1.3,1.4997108410386923,0.8997034952094471,0.8696934512480053,1.0030332487795226,0.710991264003596,1.3,1.421982528007192,0.7308396164706201,0.7921909394011701,0.7354141545750863,1.0227863968814397,0.8162655865395517,0.7537419896894765,0.8730793923527911,0.881623642008571,0.7910073433756477,0.7294024152519538,0.7511004157872089,0.7284948456868829,0.8799450806867001,0.78427534010989,0.7519602140072876,0.710991264003596,1.0206713109158585,1.0168488026015778,1.3,0.8938534369497243,0.7851107141983619,1.00517224827988,1.2892575228859584,0.9731998814798412,1.1012701205551299,0.7627082731637713,1.0094567868236004,0.710991264003596,1.3,1.421982528007192,0.7364893069385405,0.710991264003596,1.421982528007192,0.7484729407802093,0.8500456873833169,0.7688921853291073,0.710991264003596,0.7157973945215995,1.0418800559031063,0.7180123003030012,0.7556427571278526,1.4912895180307584,0.9242178304685924,0.8736107661281047,0.8429203336584842,0.710991264003596,0.7931615295505529,0.7172803295734714,0.7990183976499541,0.7886727420276235,0.7175482760014774,0.9144367267310121,0.7849021561590551,0.7635788268661086,0.910638680923959,1.1570923903164403,0.7248988379974757,0.7256032227089841,0.7508969268409663,0.8324880429008805,0.7302081789522771,0.8376311040236606,1.4400636508652398,1.3,1.4335535096618393,0.8244014273837221,0.8494241284988244,0.8841036277680332,1.421982528007192,1.421982528007192,0.7590677883431834,1.421982528007192,0.8294982910845738,1.0853886162664548,0.7809705356173984,0.7622466065418421,0.710991264003596,0.7985350713413353,0.7171376404054834,0.8343125497514025,0.7167670824903729,0.8007551235407862,0.9703777987960868,0.7643660526750798,0.710991264003596,0.7501772481518649,1.3,0.7666379077228598
7,30,0.7472054003366577,1.260826739470835,0.7339238870953962,0.710991264003596,1.3,1.4997108410386923,0.8997034952094471,0.8696934512480053,1.0030332487795226,0.710991264003596,1.3,1.421982528007192,0.7308396164706201,0.7921909394011701,0.7354141545750863,1.0227863968814397,0.8162655865395517,0.7537419896894765,0.8730793923527911,0.881623642008571,0.7910073433756477,0.7294024152519538,0.7511004157872089,0.7284948456868829,0.8799450806867001,0.78427534010989,0.7519602140072876,0.710991264003596,1.0206713109158585,1.0168488026015778,1.3,0.8938534369497243,0.7851107141983619,1.00517224827988,1.2892575228859584,0.9731998814798412,1.1012701205551299,0.7627082731637713,1.0094567868236004,0.710991264003596,1.3,1.421982528007192,0.7364893069385405,0.710991264003596,1.421982528007192,0.7484729407802093,0.8500456873833169,0.7688921853291073,0.710991264003596,0.7157973945215995,1.0418800559031063,0.7180123003030012,0.7556427571278526,1.4912895180307584,0.9242178304685924,0.8736107661281047,0.8429203336584842,0.710991264003596,0.7931615295505529,0.7172803295734714,0.7990183976499541,0.7886727420276235,0.7175482760014774,0.9144367267310121,0.7849021561590551,0.7635788268661086,0.910638680923959,1.1570923903164403,0.7248988379974757,0.7256032227089841,0.7508969268409663,0.8324880429008805,0.7302081789522771,0.8376311040236606,1.4400636508652398,1.3,1.4335535096618393,0.8244014273837221,0.8494241284988244,0.8841036277680332,1.421982528007192,1.421982528007192,0.7590677883431834,1.421982528007192,0.8294982910845738,1.0853886162664548,0.7809705356173984,0.7622466065418421,0.710991264003596,0.7985350713413353,0.7171376404054834,0.8343125497514025,0.7167670824903729,0.8007551235407862,0.9703777987960868,0.7643660526750798,0.710991264003596,0.7501772481518649,1.3,0.7666379077228598
7,31,0.7472054003366577,1.260826739470835,0.7339238870953962,0.710991264003596,1.3,1.4997108410386923,0.8997034952094471,0.8696934512480053,1.0030332487795226,0.710991264003596,1.3,1.421982528007192,0.7308396164706201,0.7921909394011701,0.7354141545750863,1.0227863968814397,0.8162655865395517,0.7537419896894765,0.8730793923527911,0.881623642008571,0.7910073433756477,0.7294024152519538,0.7511004157872089,0.7284948456868829,0.8799450806867001,0.78427534010989,0.7519602140072876,0.710991264003596,1.0206713109158585,1.0168488026015778,1.3,0.8938534369497243,0.7851107141983619,1.00517224827988,1.2892575228859584,0.9731998814798412,1.1012701205551299,0.7627082731637713,1.0094567868236004,0.710991264003596,1.3,1.421982528007192,0.7364893069385405,0.710991264003596,1.421982528007192,0.7484729407802093,0.8500456873833169,0.7688921853291073,0.710991264003596,0.7157973945215995,1.0418800559031063,0.7180123003030012,0.7556427571278526,1.4912895180307584,0.9242178304685924,0.8736107661281047,0.8429203336584842,0.710991264003596,0.7931615295505529,0.7172803295734714,0.7990183976499541,0.7886727420276235,0.7175482760014774,0.9144367267310121,0.7849021561590551,0.7635788268661086,0.910638680923959,1.1570923903164403,0.7248988379974757,0.7256032227089841,0.7508969268409663,0.8324880429008805,0.7302081789522771,0.8376311040236606,1.4400636508652398,1.3,1.4335535096618393,0.8244014273837221,0.8494241284988244,0.8841036277680332,1.421982528007192,1.421982528007192,0.7590677883431834,1.421982528007192,0.8294982910845738,1.0853886162664548,0.7809705356173984,0.7622466065418421,0.710991264003596,0.7985350713413353,0.7171376404054834,0.8343125497514025,0.7167670824903729,0.8007551235407862,0.9703777987960868,0.7643660526750798,0.710991264003596,0.7501772481518649,1.3,0.7666379077228598
7,32,0.7472054003366577,1.260826739470835,0.7339238870953962,0.710991264003596,1.3,1.4997108410386923,0.8997034952094471,0.8696934512480053,1.0030332487795226,0.710991264003596,1.3,1.421982528007192,0.7308396164706201,0.7921909394011701,0.7354141545750863,1.0227863968814397,0.8162655865395517,0.7537419896894765,0.8730793923527911,0.881623642008571,0.7910073433756477,0.7294024152519538,0.7511004157872089,0.7284948456868829,0.8799450806867001,0.78427534010989,0.7519602140072876,0.710991264003596,1.0206713109158585,1.0168488026015778,1.3,0.8938534369497243,0.7851107141983619,1.00517224827988,1.2892575228859584,0.9731998814798412,1.1012701205551299,0.7627082731637713,1.0094567868236004,0.710991264003596,1.3,1.421982528007192,0.7364893069385405,0.710991264003596,1.421982528007192,0.7484729407802093,0.8500456873833169,0.7688921853291073,0.710991264003596,0.7157973945215995,1.0418800559031063,0.7180123003030012,0.7556427571278526,1.4912895180307584,0.9242178304685924,0.8736107661281047,0.8429203336584842,0.710991264003596,0.7931615295505529,0.7172803295734714,0.7990183976499541,0.7886727420276235,0.7175482760014774,0.9144367267310121,0.7849021561590551,0.7635788268661086,0.910638680923959,1.1570923903164403,0.7248988379974757,0.7256032227089841,0.7508969268409663,0.8324880429008805,0.7302081789522771,0.8376311040236606,1.4400636508652398,1.3,1.4335535096618393,0.8244014273837221,0.8494241284988244,0.8841036277680332,1.421982528007192,1.421982528007192,0.7590677883431834,1.421982528007192,0.8294982910845738,1.0853886162664548,0.7809705356173984,0.7622466065418421,0.710991264003596,0.7985350713413353,0.7171376404054834,0.8343125497514025,0.7167670824903729,0.8007551235407862,0.9703777987960868,0.7643660526750798,0.710991264003596,0.7501772481518649,1.3,0.7666379077228598
7,33,0.7472054003366577,1.260826739470835,0.7339238870953962,0.710991264003596,1.3,1.4997108410386923,0.8997034952094471,0.8696934512480053,1.0030332487795226,0.710991264003596,1.3,1.421982528007192,0.7308396164706201,0.7921909394011701,0.7354141545750863,1.0227863968814397,0.8162655865395517,0.7537419896894765,0.8730793923527911,0.881623642008571,0.7910073433756477,0.7294024152519538,0.7511004157872089,0.7284948456868829,0.8799450806867001,0.78427534010989,0.7519602140072876,0.710991264003596,1.0206713109158585,1.0168488026015778,1.3,0.8938534369497243,0.7851107141983619,1.00517224827988,1.2892575228859584,0.9731998814798412,1.1012701205551299,0.7627082731637713,1.0094567868236004,0.710991264003596,1.3,1.421982528007192,0.7364893069385405,0.710991264003596,1.421982528007192,0.7484729407802093,0.8500456873833169,0.7688921853291073,0.710991264003596,0.7157973945215995,1.0418800559031063,0.7180123003030012,0.7556427571278526,1.4912895180307584,0.9242178304685924,0.8736107661281047,0.8429203336584842,0.710991264003596,0.7931615295505529,0.7172803295734714,0.7990183976499541,0.7886727420276235,0.7175482760014774,0.9144367267310121,0.7849021561590551,0.7635788268661086,0.910638680923959,1.1570923903164403,0.7248988379974757,0.7256032227089841,0.7508969268409663,0.8324880429008805,0.7302081789522771,0.8376311040236606,1.4400636508652398,1.3,1.4335535096618393,0.8244014273837221,0.8494241284988244,0.8841036277680332,1.421982528007192,1.421982528007192,0.7590677883431834,1.421982528007192,0.8294982910845738,1.0853886162664548,0.7809705356173984,0.7622466065418421,0.710991264003596,0.7985350713413353,0.7171376404054834,0.8343125497514025,0.7167670824903729,0.8007551235407862,0.9703777987960868,0.7643660526750798,0.710991264003596,0.7501772481518649,1.3,0.7666379077228598
7,34,0.7472054003366577,1.260826739470835,0.7339238870953962,0.710991264003596,1.3,1.4997108410386923,0.8997034952094471,0.8696934512480053,1.0030332487795226,0.710991264003596,1.3,1.421982528007192,0.7308396164706201,0.7921909394011701,0.7354141545750863,1.0227863968814397,0.8162655865395517,0.7537419896894765,0.8730793923527911,0.881623642008571,0.7910073433756477,0.7294024152519538,0.7511004157872089,0.7284948456868829,0.8799450806867001,0.78427534010989,0.7519602140072876,0.710991264003596,1.0206713109158585,1.0168488026015778,1.3,0.8938534369497243,0.7851107141983619,1.00517224827988,1.2892575228859584,0.9731998814798412,1.1012701205551299,0.7627082731637713,1.0094567868236004,0.710991264003596,1.3,1.421982528007192,0.7364893069385405,0.710991264003596,1.421982528007192,0.7484729407802093,0.8500456873833169,0.7688921853291073,0.710991264003596,0.7157973945215995,1.0418800559031063,0.7180123003030012,0.7556427571278526,1.4912895180307584,0.9242178304685924,0.8736107661281047,0.8429203336584842,0.710991264003596,0.7931615295505529,0.7172803295734714,0.7990183976499541,0.7886727420276235,0.7175482760014774,0.9144367267310121,0.7849021561590551,0.7635788268661086,0.910638680923959,1.1570923903164403,0.7248988379974757,0.7256032227089841,0.7508969268409663,0.8324880429008805,0.7302081789522771,0.8376311040236606,1.4400636508652398,1.3,1.4335535096618393,0.8244014273837221,0.8494241284988244,0.8841036277680332,1.421982528007192,1.421982528007192,0.7590677883431834,1.421982528007192,0.8294982910845738,1.0853886162664548,0.7809705356173984,0.7622466065418421,0.710991264003596,0.7985350713413353,0.7171376404054834,0.8343125497514025,0.7167670824903729,0.8007551235407862,0.9703777987960868,0.7643660526750798,0.710991264003596,0.7501772481518649,1.3,0.7666379077228598
7,35,0.7472054003366577,1.260826739470835,0.7339238870953962,0.710991264003596,1.3,1.4997108410386923,0.8997034952094471,0.8696934512480053,1.0030332487795226,0.710991264003596,1.3,1.421982528007192,0.7308396164706201,0.7921909394011701,0.7354141545750863,1.0227863968814397,0.8162655865395517,0.7537419896894765,0.8730793923527911,0.881623642008571,0.7910073433756477,0.7294024152519538,0.7511004157872089,0.7284948456868829,0.8799450806867001,0.78427534010989,0.7519602140072876,0.710991264003596,1.0206713109158585,1.0168488026015778,1.3,0.8938534369497243,0.7851107141983619,1.00517224827988,1.2892575228859584,0.9731998814798412,1.1012701205551299,0.7627082731637713,1.0094567868236004,0.710991264003596,1.3,1.421982528007192,0.7364893069385405,0.710991264003596,1.421982528007192,0.7484729407802093,0.8500456873833169,0.7688921853291073,0.710991264003596,0.7157973945215995,1.0418800559031063,0.7180123003030012,0.7556427571278526,1.4912895180307584,0.9242178304685924,0.8736107661281047,0.8429203336584842,0.710991264003596,0.7931615295505529,0.7172803295734714,0.7990183976499541,0.7886727420276235,0.7175482760014774,0.9144367267310121,0.7849021561590551,0.7635788268661086,0.910638680923959,1.1570923903164403,0.7248988379974757,0.7256032227089841,0.7508969268409663,0.8324880429008805,0.7302081789522771,0.8376311040236606,1.4400636508652398,1.3,1.4335535096618393,0.8244014273837221,0.8494241284988244,0.8841036277680332,1.421982528007192,1.421982528007192,0.7590677883431834,1.421982528007192,0.8294982910845738,1.0853886162664548,0.7809705356173984,0.7622466065418421,0.710991264003596,0.7985350713413353,0.7171376404054834,0.8343125497514025,0.7167670824903729,0.8007551235407862,0.9703777987960868,0.7643660526750798,0.710991264003596,0.7501772481518649,1.3,0.7666379077228598
7,36,0.7472054003366577,1.260826739470835,0.7339238870953962,0.710991264003596,1.3,1.4997108410386923,0.8997034952094471,0.8696934512480053,1.0030332487795226,0.710991264003596,1.3,1.421982528007192,0.7308396164706201,0.7921909394011701,0.7354141545750863,1.0227863968814397,0.8162655865395517,0.7537419896894765,0.8730793923527911,0.881623642008571,0.7910073433756477,0.7294024152519538,0.7511004157872089,0.7284948456868829,0.8799450806867001,0.78427534010989,0.7519602140072876,0.710991264003596,1.0206713109158585,1.0168488026015778,1.3,0.8938534369497243,0.7851107141983619,1.00517224827988,1.2892575228859584,0.9731998814798412,1.1012701205551299,0.7627082731637713,1.0094567868236004,0.710991264003596,1.3,1.421982528007192,0.7364893069385405,0.710991264003596,1.421982528007192,0.7484729407802093,0.8500456873833169,0.7688921853291073,0.710991264003596,0.7157973945215995,1.0418800559031063,0.7180123003030012,0.7556427571278526,1.4912895180307584,0.9242178304685924,0.8736107661281047,0.8429203336584842,0.710991264003596,0.7931615295505529,0.7172803295734714,0.7990183976499541,0.7886727420276235,0.7175482760014774,0.9144367267310121,0.7849021561590551,0.7635788268661086,0.910638680923959,1.1570923903164403,0.7248988379974757,0.7256032227089841,0.7508969268409663,0.8324880429008805,0.7302081789522771,0.8376311040236606,1.4400636508652398,1.3,1.4335535096618393,0.8244014273837221,0.8494241284988244,0.8841036277680332,1.421982528007192,1.421982528007192,0.7590677883431834,1.421982528007192,0.8294982910845738,1.0853886162664548,0.7809705356173984,0.7622466065418421,0.710991264003596,0.7985350713413353,0.7171376404054834,0.8343125497514025,0.7167670824903729,0.8007551235407862,0.9703777987960868,0.7643660526750798,0.710991264003596,0.7501772481518649,1.3,0.7666379077228598
7,37,0.7472054003366577,1.260826739470835,0.7339238870953962,0.710991264003596,1.3,1.4997108410386923,0.8997034952094471,0.8696934512480053,1.0030332487795226,0.710991264003596,1.3,1.421982528007192,0.7308396164706201,0.7921909394011701,0.7354141545750863,1.0227863968814397,0.8162655865395517,0.7537419896894765,0.8730793923527911,0.881623642008571,0.7910073433756477,0.7294024152519538,0.7511004157872089,0.7284948456868829,0.8799450806867001,0.78427534010989,0.7519602140072876,0.710991264003596,1.0206713109158585,1.0168488026015778,1.3,0.8938534369497243,0.7851107141983619,1.00517224827988,1.2892575228859584,0.9731998814798412,1.1012701205551299,0.7627082731637713,1.0094567868236004,0.710991264003596,1.3,1.421982528007192,0.7364893069385405,0.710991264003596,1.421982528007192,0.7484729407802093,0.8500456873833169,0.7688921853291073,0.710991264003596,0.7157973945215995,1.0418800559031063,0.7180123003030012,0.7556427571278526,1.4912895180307584,0.9242178304685924,0.8736107661281047,0.8429203336584842,0.710991264003596,0.7931615295505529,0.7172803295734714,0.7990183976499541,0.7886727420276235,0.7175482760014774,0.9144367267310121,0.7849021561590551,0.7635788268661086,0.910638680923959,1.1570923903164403,0.7248988379974757,0.7256032227089841,0.7508969268409663,0.8324880429008805,0.7302081789522771,0.8376311040236606,1.4400636508652398,1.3,1.4335535096618393,0.8244014273837221,0.8494241284988244,0.8841036277680332,1.421982528007192,1.421982528007192,0.7590677883431834,1.421982528007192,0.8294982910845738,1.0853886162664548,0.7809705356173984,0.7622466065418421,0.710991264003596,0.7985350713413353,0.7171376404054834,0.8343125497514025,0.7167670824903729,0.8007551235407862,0.9703777987960868,0.7643660526750798,0.710991264003596,0.7501772481518649,1.3,0.7666379077228598
7,38,0.7472054003366577,1.260826739470835,0.7339238870953962,0.710991264003596,1.3,1.4997108410386923,0.8997034952094471,0.8696934512480053,1.0030332487795226,0.710991264003596,1.3,1.421982528007192,0.7308396164706201,0.7921909394011701,0.7354141545750863,1.0227863968814397,0.8162655865395517,0.7537419896894765,0.8730793923527911,0.881623642008571,0.7910073433756477,0.7294024152519538,0.7511004157872089,0.7284948456868829,0.8799450806867001,0.78427534010989,0.7519602140072876,0.710991264003596,1.0206713109158585,1.0168488026015778,1.3,0.8938534369497243,0.7851107141983619,1.00517224827988,1.2892575228859584,0.9731998814798412,1.1012701205551299,0.7627082731637713,1.0094567868236004,0.710991264003596,1.3,1.421982528007192,0.7364893069385405,0.710991264003596,1.421982528007192,0.7484729407802093,0.8500456873833169,0.7688921853291073,0.710991264003596,0.7157973945215995,1.0418800559031063,0.7180123003030012,0.7556427571278526,1.4912895180307584,0.9242178304685924,0.8736107661281047,0.8429203336584842,0.710991264003596,0.7931615295505529,0.7172803295734714,0.7990183976499541,0.7886727420276235,0.7175482760014774,0.9144367267310121,0.7849021561590551,0.7635788268661086,0.910638680923959,1.1570923903164403,0.7248988379974757,0.7256032227089841,0.7508969268409663,0.8324880429008805,0.7302081789522771,0.8376311040236606,1.4400636508652398,1.3,1.4335535096618393,0.8244014273837221,0.8494241284988244,0.8841036277680332,1.421982528007192,1.421982528007192,0.7590677883431834,1.421982528007192,0.8294982910845738,1.0853886162664548,0.7809705356173984,0.7622466065418421,0.710991264003596,0.7985350713413353,0.7171376404054834,0.8343125497514025,0.7167670824903729,0.8007551235407862,0.9703777987960868,0.7643660526750798,0.710991264003596,0.7501772481518649,1.3,0.7666379077228598
7,39,0.7472054003366577,1.260826739470835,0.7339238870953962,0.710991264003596,1.3,1.4997108410386923,0.8997034952094471,0.8696934512480053,1.0030332487795226,0.710991264003596,1.3,1.421982528007192,0.7308396164706201,0.7921909394011701,0.7354141545750863,1.0227863968814397,0.8162655865395517,0.7537419896894765,0.8730793923527911,0.881623642008571,0.7910073433756477,0.7294024152519538,0.7511004157872089,0.7284948456868829,0.8799450806867001,0.78427534010989,0.7519602140072876,0.710991264003596,1.0206713109158585,1.0168488026015778,1.3,0.8938534369497243,0.7851107141983619,1.00517224827988,1.2892575228859584,0.9731998814798412,1.1012701205551299,0.7627082731637713,1.0094567868236004,0.710991264003596,1.3,1.421982528007192,0.7364893069385405,0.710991264003596,1.421982528007192,0.7484729407802093,0.8500456873833169,0.7688921853291073,0.710991264003596,0.7157973945215995,1.0418800559031063,0.7180123003030012,0.7556427571278526,1.4912895180307584,0.9242178304685924,0.8736107661281047,0.8429203336584842,0.710991264003596,0.7931615295505529,0.7172803295734714,0.7990183976499541,0.7886727420276235,0.7175482760014774,0.9144367267310121,0.7849021561590551,0.7635788268661086,0.910638680923959,1.1570923903164403,0.7248988379974757,0.7256032227089841,0.7508969268409663,0.8324880429008805,0.7302081789522771,0.8376311040236606,1.4400636508652398,1.3,1.4335535096618393,0.8244014273837221,0.8494241284988244,0.8841036277680332,1.421982528007192,1.421982528007192,0.7590677883431834,1.421982528007192,0.8294982910845738,1.0853886162664548,0.7809705356173984,0.7622466065418421,0.710991264003596,0.7985350713413353,0.7171376404054834,0.8343125497514025,0.7167670824903729,0.8007551235407862,0.9703777987960868,0.7643660526750798,0.710991264003596,0.7501772481518649,1.3,0.7666379077228598
8,0,0.805419762454434,0.7237079285877928,0.7688921853291073,0.9173617918114169,0.8183785762268797,1.421982528007192,1.3,0.7396097636244567,0.734824740275009,0.8997034952094471,0.7294024152519538,0.7266221306243865,0.7204559317745443,0.710991264003596,0.7292644797170471,0.8951966564736398,0.8162655865395517,1.4587018795321947,0.8754300401658357,0.7339238870953962,0.8938534369497243,0.7768041588098207,1.0094567868236004,0.7484729407802093,0.734808252786924,0.7851107141983619,0.7524702465291315,1.3,0.8150446372546681,0.7627082731637713,1.0206713109158585,0.7542058662580339,0.7325945206040827,0.713878745908916,0.8882889540987564,1.3,0.7921909394011701,1.4538192025145489,0.710991264003596,0.7519602140072876,1.0390943524243457,0.755154019594141,1.3,0.7464600061181239,0.8344446937056109,0.7717865951503811,0.7157973945215995,1.109944899606653,0.8294840451520017,0.7566599479587888,1.2069122826752012,0.9433797190718942,0.7140133762032221,0.7700468596465398,1.17544088449779,1.1935983913481492,0.710991264003596,1.4686013816261458,1.2122490259187235,1.421982528007192,0.7863736858970722,0.7192110322591369,0.7424095930745407,0.7193909239169272,0.7275863600599852,1.3,0.9209113872513921,0.721041948182775,0.8359582405984005,0.711112624848063,0.8413863839130792,1.5013414405907506,0.7659944543942467,0.725752414184701,0.8171056987411341,1.3,1.4903268040111919,0.8467627526181976,0.790690742267036,1.4271466905250167,0.7375661220980781,0.7864106673355578,0.7621402901867641,0.835818062887508,0.7379061428769665,1.014737440961997,0.8277166698534694,0.7646370835614984,0.710991264003596,0.7436412613390588,0.7507649046980962,0.8181268848248144,0.7327337431516778,0.8782514578663578,0.7427882596542263,0.7571543849896586,0.7915196547226602,0.756967304923673,1.3,0.741869605263509
8,1,0.805419762454434,0.7237079285877928,0.7688921853291073,0.9173617918114169,0.8183785762268797,1.421982528007192,1.3,0.7396097636244567,0.734824740275009,0.8997034952094471,0.7294024152519538,0.7266221306243865,0.7204559317745443,0.710991264003596,0.7292644797170471,0.8951966564736398,0.8162655865395517,0.8606440674091872,0.8754300401658357,0.7339238870953962,0.8938534369497243,0.7768041588098207,1.0094567868236004,0.7484729407802093,0.734808252786924,0.7851107141983619,0.7524702465291315,1.3,0.8150446372546681,0.7627082731637713,1.0206713109158585,1.4490122836887416,0.7306918945718164,0.713878745908916,0.8882889540987564,1.3,0.7921909394011701,1.4538192025145489,0.710991264003596,0.7519602140072876,1.0390943524243457,0.755154019594141,1.3,0.7464600061181239,0.8344446937056109,0.7717865951503811,0.7157973945215995,1.109944899606653,0.8294840451520017,0.7566599479587888,1.2069122826752012,0.9433797190718942,0.7140133762032221,0.7700468596465398,1.17544088449779,1.1935983913481492,0.710991264003596,0.7123276469060454,1.2122490259187235,0.7540419998309997,0.7863736858970722,0.7192110322591369,0.7424095930745407,0.7193909239169272,0.7275863600599852,1.6442027956563954,0.749999338936568,0.721041948182775,0.8359582405984005,0.711112624848063,0.8413863839130792,1.5013414405907506,0.7659944543942467,0.725752414184701,0.8171056987411341,0.7925976685654106,1.097068745592608,0.8467627526181976,0.790690742267036,0.8134285267014054,1.07783642217318,0.7864106673355578,0.7621402901867641,0.760281206757272,0.7379061428769665,1.014737440961997,0.8277166698534694,0.7646370835614984,1.1032235882872183,0.7436412613390588,1.0158733792916212,0.9060407767627027,0.710991264003596,0.7703911739897598,0.8956553150061537,0.8728079652148264,1.421982528007192,1.1074638470157698,1.3,0.7563441371796178
8,2,0.805419762454434,0.7237079285877928,0.7688921853291073,0.9173617918114169,0.8183785762268797,1.421982528007192,1.3,0.7396097636244567,0.734824740275009,0.8997034952094471,0.7294024152519538,0.7266221306243865,0.7204559317745443,0.710991264003596,0.7292644797170471,0.8951966564736398,0.8162655865395517,0.8606440674091872,0.8754300401658357,0.7339238870953962,0.8938534369497243,0.7768041588098207,1.0094567868236004,0.7484729407802093,0.734808252786924,0.7851107141983619,0.7524702465291315,1.3,0.8150446372546681,0.7627082731637713,1.0206713109158585,1.4490122836887416,0.7306918945718164,1.421982528007192,0.7469166295111277,1.3,0.7921909394011701,1.4538192025145489,0.710991264003596,0.7519602140072876,1.0390943524243457,0.755154019594141,1.3,0.7464600061181239,0.8344446937056109,0.7717865951503811,0.7157973945215995,1.109944899606653,0.8294840451520017,0.7566599479587888,1.2069122826752012,0.9433797190718942,0.7140133762032221,0.7700468596465398,1.17544088449779,1.1935983913481492,0.710991264003596,0.7123276469060454,1.2122490259187235,0.7540419998309997,0.7863736858970722,0.7192110322591369,0.7424095930745407,0.7193909239169272,0.7275863600599852,1.6442027956563954,0.7359668560728516,0.710991264003596,0.8359582405984005,0.7690629261699252,1.4396578495926535,1.5013414405907506,0.7659944543942467,0.725752414184701,0.8171056987411341,0.7925976685654106,1.097068745592608,0.8467627526181976,0.790690742267036,0.8134285267014054,1.07783642217318,0.7864106673355578,0.7621402901867641,0.7521759657715157,0.7761225967989838,1.2199081649420944,0.7336995873608314,0.7646370835614984,1.1032235882872183,0.7436412613390588,1.0158733792916212,0.7871294536135149,0.7119632894296275,0.8087961742150158,0.8956553150061537,0.8728079652148264,1.421982528007192,1.0055225440839148,1.3,0.7481569101016141
8,3,0.805419762454434,0.7237079285877928,0.7688921853291073,0.9173617918114169,0.8183785762268797,1.421982528007192,1.3,0.7396097636244567,0.734824740275009,0.8997034952094471,0.7294024152519538,0.7266221306243865,0.7204559317745443,0.710991264003596,0.7292644797170471,0.8951966564736398,0.8162655865395517,0.8606440674091872,0.8754300401658357,0.7339238870953962,0.8938534369497243,0.7768041588098207,1.0094567868236004,0.7484729407802093,0.734808252786924,0.7851107141983619,0.7524702465291315,1.3,0.8150446372546681,0.7627082731637713,1.0206713109158585,1.4490122836887416,0.7306918945718164,1.421982528007192,0.7469166295111277,1.3,0.7921909394011701,1.4538192025145489,0.710991264003596,0.7519602140072876,1.0390943524243457,0.755154019594141,1.3,0.7464600061181239,0.8344446937056109,0.7717865951503811,0.7157973945215995,1.109944899606653,0.8294840451520017,0.7566599479587888,1.2069122826752012,0.9433797190718942,0.7140133762032221,0.7700468596465398,1.17544088449779,1.1935983913481492,0.710991264003596,0.7123276469060454,1.2122490259187235,0.7540419998309997,0.7863736858970722,0.7192110322591369,0.7424095930745407,0.7193909239169272,0.7275863600599852,1.6442027956563954,0.7359668560728516,0.710991264003596,0.8359582405984005,0.7690629261699252,1.4396578495926535,1.5013414405907506,0.7659944543942467,0.725752414184701,0.8171056987411341,0.7925976685654106,1.097068745592608,0.8467627526181976,0.790690742267036,0.8134285267014054,1.07783642217318,0.7864106673355578,0.7621402901867641,0.7521759657715157,0.7761225967989838,1.2199081649420944,0.7336995873608314,0.7646370835614984,1.1032235882872183,0.7436412613390588,1.0158733792916212,0.7871294536135149,0.7119632894296275,0.8087961742150158,0.8956553150061537,0.8728079652148264,1.421982528007192,1.0055225440839148,1.3,0.7481569101016141
8,4,0.805419762454434,0.7237079285877928,0.7688921853291073,0.9173617918114169,0.8183785762268797,1.421982528007192,1.3,0.7396097636244567,0.734824740275009,0.8997034952094471,0.7294024152519538,0.7266221306243865,0.7204559317745443,0.710991264003596,0.7292644797170471,0.8951966564736398,0.8162655865395517,0.8606440674091872,0.8754300401658357,0.7339238870953962,0.8938534369497243,0.7768041588098207,1.0094567868236004,0.7484729407802093,0.734808252786924,0.7851107141983619,0.7524702465291315,1.3,0.8150446372546681,0.7627082731637713,1.0206713109158585,1.4490122836887416,0.7306918945718164,1.421982528007192,0.7469166295111277,1.3,0.7921909394011701,1.4538192025145489,0.710991264003596,0.7519602140072876,1.0390943524243457,0.755154019594141,1.3,0.7464600061181239,0.8344446937056109,0.7717865951503811,0.7157973945215995,1.109944899606653,0.8294840451520017,0.7566599479587888,1.2069122826752012,0.9433797190718942,0.7140133762032221,0.7700468596465398,1.17544088449779,1.1935983913481492,0.710991264003596,0.7123276469060454,1.2122490259187235,0.7540419998309997,0.7863736858970722,0.7192110322591369,0.7424095930745407,0.7193909239169272,0.7275863600599852,1.6442027956563954,0.7359668560728516,0.710991264003596,0.8359582405984005,0.7690629261699252,1.4396578495926535,1.5013414405907506,0.7659944543942467,0.725752414184701,0.8171056987411341,0.7925976685654106,1.097068745592608,0.8467627526181976,0.790690742267036,0.8134285267014054,1.07783642217318,0.7864106673355578,0.7621402901867641,0.7521759657715157,0.7761225967989838,1.2199081649420944,0.7336995873608314,0.7646370835614984,1.1032235882872183,0.7436412613390588,1.0158733792916212,0.7871294536135149,0.7119632894296275,0.8087961742150158,0.8956553150061537,0.8728079652148264,1.421982528007192,1.0055225440839148,1.3,0.7481569101016141
8,5,0.805419762454434,0.7237079285877928,0.7688921853291073,0.9173617918114169,0.8183785762268797,1.421982528007192,1.3,0.7396097636244567,0.734824740275009,0.8997034952094471,0.7294024152519538,0.7266221306243865,0.7204559317745443,0.710991264003596,0.7292644797170471,0.8951966564736398,0.8162655865395517,0.8606440674091872,0.8754300401658357,0.7339238870953962,0.8938534369497243,0.7768041588098207,1.0094567868236004,0.7484729407802093,0.734808252786924,0.7851107141983619,0.7524702465291315,1.3,0.8150446372546681,0.7627082731637713,1.0206713109158585,1.4490122836887416,0.7306918945718164,1.421982528007192,0.7469166295111277,1.3,0.7921909394011701,1.4538192025145489,0.710991264003596,0.7519602140072876,1.0390943524243457,0.755154019594141,1.3,0.7464600061181239,0.8344446937056109,0.7717865951503811,0.7157973945215995,1.109944899606653,0.8294840451520017,0.7566599479587888,1.2069122826752012,0.9433797190718942,0.7140133762032221,0.7700468596465398,1.17544088449779,1.1935983913481492,0.710991264003596,0.7123276469060454,1.2122490259187235,0.7540419998309997,0.7863736858970722,0.7192110322591369,0.7424095930745407,0.7193909239169272,0.7275863600599852,1.6442027956563954,0.7359668560728516,0.710991264003596,0.8359582405984005,0.7690629261699252,1.4396578495926535,1.5013414405907506,0.7659944543942467,0.725752414184701,0.8171056987411341,0.7925976685654106,1.097068745592608,0.8467627526181976,0.790690742267036,0.8134285267014054,1.07783642217318,0.7864106673355578,0.7621402901867641,0.7521759657715157,0.7761225967989838,1.2199081649420944,0.7336995873608314,0.7646370835614984,1.1032235882872183,0.7436412613390588,1.0158733792916212,0.7871294536135149,0.7119632894296275,0.8087961742150158,0.8956553150061537,0.8728079652148264,1.421982528007192,1.0055225440839148,1.3,0.7481569101016141
8,6,0.805419762454434,0.7237079285877928,0.7688921853291073,0.9173617918114169,0.8183785762268797,1.421982528007192,1.3,0.7396097636244567,0.734824740275009,0.8997034952094471,0.7294024152519538,0.7266221306243865,0.7204559317745443,0.710991264003596,0.7292644797170471,0.8951966564736398,0.8162655865395517,0.8606440674091872,0.8754300401658357,0.7339238870953962,0.8938534369497243,0.7768041588098207,1.0094567868236004,0.7484729407802093,0.734808252786924,0.7851107141983619,0.7524702465291315,1.3,0.8150446372546681,0.7627082731637713,1.0206713109158585,1.4490122836887416,0.7306918945718164,1.421982528007192,0.7469166295111277,1.3,0.7921909394011701,1.4538192025145489,0.710991264003596,0.7519602140072876,1.0390943524243457,0.755154019594141,1.3,0.7464600061181239,0.8344446937056109,0.7717865951503811,0.7157973945215995,1.109944899606653,0.8294840451520017,0.7566599479587888,1.2069122826752012,0.9433797190718942,0.7140133762032221,0.7700468596465398,1.17544088449779,1.1935983913481492,0.710991264003596,0.7123276469060454,1.2122490259187235,0.7540419998309997,0.7863736858970722,0.7192110322591369,0.7424095930745407,0.7193909239169272,0.7275863600599852,1.6442027956563954,0.7359668560728516,0.710991264003596,0.8359582405984005,0.7690629261699252,1.4396578495926535,1.5013414405907506,0.7659944543942467,0.725752414184701,0.8171056987411341,0.7925976685654106,1.097068745592608,0.8467627526181976,0.790690742267036,0.8134285267014054,1.07783642217318,0.7864106673355578,0.7621402901867641,0.7521759657715157,0.7761225967989838,1.2199081649420944,0.7336995873608314,0.7646370835614984,1.1032235882872183,0.7436412613390588,1.0158733792916212,0.7871294536135149,0.7119632894296275,0.8087961742150158,0.8956553150061537,0.8728079652148264,1.421982528007192,1.0055225440839148,1.3,0.7481569101016141
8,7,0.805419762454434,0.7237079285877928,0.7688921853291073,0.9173617918114169,0.8183785762268797,1.421982528007192,1.3,0.7396097636244567,0.734824740275009,0.8997034952094471,0.7294024152519538,0.7266221306243865,0.7204559317745443,0.710991264003596,0.7292644797170471,0.8951966564736398,0.8162655865395517,0.8606440674091872,0.8754300401658357,0.7339238870953962,0.8938534369497243,0.7768041588098207,1.0094567868236004,0.7484729407802093,0.734808252786924,0.7851107141983619,0.7524702465291315,1.3,0.8150446372546681,0.7627082731637713,1.0206713109158585,1.4490122836887416,0.7306918945718164,1.421982528007192,0.7469166295111277,1.3,0.7921909394011701,1.4538192025145489,0.710991264003596,0.7519602140072876,1.0390943524243457,0.755154019594141,1.3,0.7464600061181239,0.8344446937056109,0.7717865951503811,0.7157973945215995,1.109944899606653,0.8294840451520017,0.7566599479587888,1.2069122826752012,0.9433797190718942,0.7140133762032221,0.7700468596465398,1.17544088449779,1.1935983913481492,0.710991264003596,0.7123276469060454,1.2122490259187235,0.7540419998309997,0.7863736858970722,0.7192110322591369,0.7424095930745407,0.7193909239169272,0.7275863600599852,1.6442027956563954,0.7359668560728516,0.710991264003596,0.8359582405984005,0.7690629261699252,1.4396578495926535,1.5013414405907506,0.7659944543942467,0.725752414184701,0.8171056987411341,0.7925976685654106,1.097068745592608,0.8467627526181976,0.790690742267036,0.8134285267014054,1.07783642217318,0.7864106673355578,0.7621402901867641,0.7521759657715157,0.7761225967989838,1.2199081649420944,0.7336995873608314,0.7646370835614984,1.1032235882872183,0.7436412613390588,1.0158733792916212,0.7871294536135149,0.7119632894296275,0.8087961742150158,0.8956553150061537,0.8728079652148264,1.421982528007192,1.0055225440839148,1.3,0.7481569101016141
8,8,0.805419762454434,0.7237079285877928,0.7688921853291073,0.9173617918114169,0.8183785762268797,1.421982528007192,1.3,0.7396097636244567,0.734824740275009,0.8997034952094471,0.7294024152519538,0.7266221306243865,0.7204559317745443,0.710991264003596,0.7292644797170471,0.8951966564736398,0.8162655865395517,0.8606440674091872,0.8754300401658357,0.7339238870953962,0.8938534369497243,0.7768041588098207,1.0094567868236004,0.7484729407802093,0.734808252786924,0.7851107141983619,0.7524702465291315,1.3,0.8150446372546681,0.7627082731637713,1.0206713109158585,1.4490122836887416,0.7306918945718164,1.421982528007192,0.7469166295111277,1.3,0.7921909394011701,1.4538192025145489,0.710991264003596,0.7519602140072876,1.0390943524243457,0.755154019594141,1.3,0.7464600061181239,0.8344446937056109,0.7717865951503811,0.7157973945215995,1.109944899606653,0.8294840451520017,0.7566599479587888,1.2069122826752012,0.9433797190718942,0.7140133762032221,0.7700468596465398,1.17544088449779,1.1935983913481492,0.710991264003596,0.7123276469060454,1.2122490259187235,0.7540419998309997,0.7863736858970722,0.7192110322591369,0.7424095930745407,0.7193909239169272,0.7275863600599852,1.6442027956563954,0.7359668560728516,0.710991264003596,0.8359582405984005,0.7690629261699252,1.4396578495926535,1.5013414405907506,0.7659944543942467,0.725752414184701,0.8171056987411341,0.7925976685654106,1.097068745592608,0.8467627526181976,0.790690742267036,0.8134285267014054,1.07783642217318,0.7864106673355578,0.7621402901867641,0.7521759657715157,0.7761225967989838,1.2199081649420944,0.7336995873608314,0.7646370835614984,1.1032235882872183,0.7436412613390588,1.0158733792916212,0.7871294536135149,0.7119632894296275,0.8087961742150158,0.8956553150061537,0.8728079652148264,1.421982528007192,1.0055225440839148,1.3,0.7481569101016141
8,9,0.805419762454434,0.7237079285877928,0.7688921853291073,0.9173617918114169,0.8183785762268797,1.421982528007192,1.3,0.7396097636244567,0.734824740275009,0.8997034952094471,0.7294024152519538,0.7266221306243865,0.7204559317745443,0.710991264003596,0.7292644797170471,0.8951966564736398,0.8162655865395517,0.8606440674091872,0.8754300401658357,0.7339238870953962,0.8938534369497243,0.7768041588098207,1.0094567868236004,0.7484729407802093,0.734808252786924,0.7851107141983619,0.7524702465291315,1.3,0.8150446372546681,0.7627082731637713,1.0206713109158585,1.4490122836887416,0.7306918945718164,1.421982528007192,0.7469166295111277,1.3,0.7921909394011701,1.4538192025145489,0.710991264003596,0.7519602140072876,1.0390943524243457,0.755154019594141,1.3,0.7464600061181239,0.8344446937056109,0.7717865951503811,0.7157973945215995,1.109944899606653,0.8294840451520017,0.7566599479587888,1.2069122826752012,0.9433797190718942,0.7140133762032221,0.7700468596465398,1.17544088449779,1.1935983913481492,0.710991264003596,0.7123276469060454,1.2122490259187235,0.7540419998309997,0.7863736858970722,0.7192110322591369,0.7424095930745407,0.7193909239169272,0.7275863600599852,1.6442027956563954,0.7359668560728516,0.710991264003596,0.8359582405984005,0.7690629261699252,1.4396578495926535,1.5013414405907506,0.7659944543942467,0.725752414184701,0.8171056987411341,0.7925976685654106,1.097068745592608,0.8467627526181976,0.790690742267036,0.8134285267014054,1.07783642217318,0.7864106673355578,0.7621402901867641,0.7521759657715157,0.7761225967989838,1.2199081649420944,0.7336995873608314,0.7646370835614984,1.1032235882872183,0.7436412613390588,1.0158733792916212,0.7871294536135149,0.7119632894296275,0.8087961742150158,0.8956553150061537,0.8728079652148264,1.421982528007192,1.0055225440839148,1.3,0.7481569101016141
8,10,0.805419762454434,0.7237079285877928,0.7688921853291073,0.9173617918114169,0.8183785762268797,1.421982528007192,1.3,0.7396097636244567,0.734824740275009,0.8997034952094471,0.7294024152519538,0.7266221306243865,0.7204559317745443,0.710991264003596,0.7292644797170471,0.8951966564736398,0.8162655865395517,0.8606440674091872,0.8754300401658357,0.7339238870953962,0.8938534369497243,0.7768041588098207,1.0094567868236004,0.7484729407802093,0.734808252786924,0.7851107141983619,0.7524702465291315,1.3,0.8150446372546681,0.7627082731637713,1.0206713109158585,1.4490122836887416,0.7306918945718164,1.421982528007192,0.7469166295111277,1.3,0.7921909394011701,1.4538192025145489,0.710991264003596,0.7519602140072876,1.0390943524243457,0.755154019594141,1.3,0.7464600061181239,0.8344446937056109,0.7717865951503811,0.7157973945215995,1.109944899606653,0.8294840451520017,0.7566599479587888,1.2069122826752012,0.9433797190718942,0.7140133762032221,0.7700468596465398,1.17544088449779,1.1935983913481492,0.710991264003596,0.7123276469060454,1.2122490259187235,0.7540419998309997,0.7863736858970722,0.7192110322591369,0.7424095930745407,0.7193909239169272,0.7275863600599852,1.6442027956563954,0.7359668560728516,0.710991264003596,0.8359582405984005,0.7690629261699252,1.4396578495926535,1.5013414405907506,0.7659944543942467,0.725752414184701,0.8171056987411341,0.7925976685654106,1.097068745592608,0.8467627526181976,0.790690742267036,0.8134285267014054,1.07783642217318,0.7864106673355578,0.7621402901867641,0.7521759657715157,0.7761225967989838,1.2199081649420944,0.7336995873608314,0.7646370835614984,1.1032235882872183,0.7436412613390588,1.0158733792916212,0.7871294536135149,0.7119632894296275,0.8087961742150158,0.8956553150061537,0.8728079652148264,1.421982528007192,1.0055225440839148,1.3,0.7481569101016141
8,11,0.805419762454434,0.7237079285877928,0.7688921853291073,0.9173617918114169,0.8183785762268797,1.421982528007192,1.3,0.7396097636244567,0.734824740275009,0.8997034952094471,0.7294024152519538,0.7266221306243865,0.7204559317745443,0.710991264003596,0.7292644797170471,0.8951966564736398,0.8162655865395517,0.8606440674091872,0.8754300401658357,0.7339238870953962,0.8938534369497243,0.7768041588098207,1.0094567868236004,0.7484729407802093,0.734808252786924,0.7851107141983619,0.7524702465291315,1.3,0.8150446372546681,0.7627082731637713,1.0206713109158585,1.4490122836887416,0.7306918945718164,1.421982528007192,0.7469166295111277,1.3,0.7921909394011701,1.4538192025145489,0.710991264003596,0.7519602140072876,1.0390943524243457,0.755154019594141,1.3,0.7464600061181239,0.8344446937056109,0.7717865951503811,0.7157973945215995,1.109944899606653,0.8294840451520017,0.7566599479587888,1.2069122826752012,0.9433797190718942,0.7140133762032221,0.7700468596465398,1.17544088449779,1.1935983913481492,0.710991264003596,0.7123276469060454,1.2122490259187235,0.7540419998309997,0.7863736858970722,0.7192110322591369,0.7424095930745407,0.7193909239169272,0.7275863600599852,1.6442027956563954,0.7359668560728516,0.710991264003596,0.8359582405984005,0.7690629261699252,1.4396578495926535,1.5013414405907506,0.7659944543942467,0.725752414184701,0.8171056987411341,0.7925976685654106,1.097068745592608,0.8467627526181976,0.790690742267036,0.8134285267014054,1.07783642217318,0.7864106673355578,0.7621402901867641,0.7521759657715157,0.7761225967989838,1.2199081649420944,0.7336995873608314,0.7646370835614984,1.1032235882872183,0.7436412613390588,1.0158733792916212,0.7871294536135149,0.7119632894296275,0.8087961742150158,0.8956553150061537,0.8728079652148264,1.421982528007192,1.0055225440839148,1.3,0.7481569101016141
8,12,0.805419762454434,0.7237079285877928,0.7688921853291073,0.9173617918114169,0.8183785762268797,1.421982528007192,1.3,0.7396097636244567,0.734824740275009,0.8997034952094471,0.7294024152519538,0.7266221306243865,0.7204559317745443,0.710991264003596,0.7292644797170471,0.8951966564736398,0.8162655865395517,0.8606440674091872,0.8754300401658357,0.7339238870953962,0.8938534369497243,0.7768041588098207,1.0094567868236004,0.7484729407802093,0.734808252786924,0.7851107141983619,0.7524702465291315,1.3,0.8150446372546681,0.7627082731637713,1.0206713109158585,1.4490122836887416,0.7306918945718164,1.421982528007192,0.7469166295111277,1.3,0.7921909394011701,1.4538192025145489,0.710991264003596,0.7519602140072876,1.0390943524243457,0.755154019594141,1.3,0.7464600061181239,0.8344446937056109,0.7717865951503811,0.7157973945215995,1.109944899606653,0.8294840451520017,0.7566599479587888,1.2069122826752012,0.9433797190718942,0.7140133762032221,0.7700468596465398,1.17544088449779,1.1935983913481492,0.710991264003596,0.7123276469060454,1.2122490259187235,0.7540419998309997,0.7863736858970722,0.7192110322591369,0.7424095930745407,0.7193909239169272,0.7275863600599852,1.6442027956563954,0.7359668560728516,0.710991264003596,0.8359582405984005,0.7690629261699252,1.4396578495926535,1.5013414405907506,0.7659944543942467,0.725752414184701,0.8171056987411341,0.7925976685654106,1.097068745592608,0.8467627526181976,0.790690742267036,0.8134285267014054,1.07783642217318,0.7864106673355578,0.7621402901867641,0.7521759657715157,0.7761225967989838,1.2199081649420944,0.7336995873608314,0.7646370835614984,1.1032235882872183,0.7436412613390588,1.0158733792916212,0.7871294536135149,0.7119632894296275,0.8087961742150158,0.8956553150061537,0.8728079652148264,1.421982528007192,1.0055225440839148,1.3,0.7481569101016141
8,13,0.805419762454434,0.7237079285877928,0.7688921853291073,0.9173617918114169,0.8183785762268797,1.421982528007192,1.3,0.7396097636244567,0.734824740275009,0.8997034952094471,0.7294024152519538,0.7266221306243865,0.7204559317745443,0.710991264003596,0.7292644797170471,0.8951966564736398,0.8162655865395517,0.8606440674091872,0.8754300401658357,0.7339238870953962,0.8938534369497243,0.7768041588098207,1.0094567868236004,0.7484729407802093,0.734808252786924,0.7851107141983619,0.7524702465291315,1.3,0.8150446372546681,0.7627082731637713,1.0206713109158585,1.4490122836887416,0.7306918945718164,1.421982528007192,0.7469166295111277,1.3,0.7921909394011701,1.4538192025145489,0.710991264003596,0.7519602140072876,1.0390943524243457,0.755154019594141,1.3,0.7464600061181239,0.8344446937056109,0.7717865951503811,0.7157973945215995,1.109944899606653,0.8294840451520017,0.7566599479587888,1.2069122826752012,0.9433797190718942,0.7140133762032221,0.7700468596465398,1.17544088449779,1.1935983913481492,0.710991264003596,0.7123276469060454,1.2122490259187235,0.7540419998309997,0.7863736858970722,0.7192110322591369,0.7424095930745407,0.7193909239169272,0.7275863600599852,1.6442027956563954,0.7359668560728516,0.710991264003596,0.8359582405984005,0.7690629261699252,1.4396578495926535,1.5013414405907506,0.7659944543942467,0.725752414184701,0.8171056987411341,0.7925976685654106,1.097068745592608,0.8467627526181976,0.790690742267036,0.8134285267014054,1.07783642217318,0.7864106673355578,0.7621402901867641,0.7521759657715157,0.7761225967989838,1.2199081649420944,0.7336995873608314,0.7646370835614984,1.1032235882872183,0.7436412613390588,1.0158733792916212,0.7871294536135149,0.7119632894296275,0.8087961742150158,0.8956553150061537,0.8728079652148264,1.421982528007192,1.0055225440839148,1.3,0.7481569101016141
8,14,0.805419762454434,0.7237079285877928,0.7688921853291073,0.9173617918114169,0.8183785762268797,1.421982528007192,1.3,0.7396097636244567,0.734824740275009,0.8997034952094471,0.7294024152519538,0.7266221306243865,0.7204559317745443,0.710991264003596,0.7292644797170471,0.8951966564736398,0.8162655865395517,0.8606440674091872,0.8754300401658357,0.7339238870953962,0.8938534369497243,0.7768041588098207,1.0094567868236004,0.7484729407802093,0.734808252786924,0.7851107141983619,0.7524702465291315,1.3,0.8150446372546681,0.7627082731637713,1.0206713109158585,1.4490122836887416,0.7306918945718164,1.421982528007192,0.7469166295111277,1.3,0.7921909394011701,1.4538192025145489,0.710991264003596,0.7519602140072876,1.0390943524243457,0.755154019594141,1.3,0.7464600061181239,0.8344446937056109,0.7717865951503811,0.7157973945215995,1.109944899606653,0.8294840451520017,0.7566599479587888,1.2069122826752012,0.9433797190718942,0.7140133762032221,0.7700468596465398,1.17544088449779,1.1935983913481492,0.710991264003596,0.7123276469060454,1.2122490259187235,0.7540419998309997,0.7863736858970722,0.7192110322591369,0.7424095930745407,0.7193909239169272,0.7275863600599852,1.6442027956563954,0.7359668560728516,0.710991264003596,0.8359582405984005,0.7690629261699252,1.4396578495926535,1.5013414405907506,0.7659944543942467,0.725752414184701,0.8171056987411341,0.7925976685654106,1.097068745592608,0.8467627526181976,0.790690742267036,0.8134285267014054,1.07783642217318,0.7864106673355578,0.7621402901867641,0.7521759657715157,0.7761225967989838,1.2199081649420944,0.7336995873608314,0.7646370835614984,1.1032235882872183,0.7436412613390588,1.0158733792916212,0.7871294536135149,0.7119632894296275,0.8087961742150158,0.8956553150061537,0.8728079652148264,1.421982528007192,1.0055225440839148,1.3,0.7481569101016141
8,15,0.805419762454434,0.7237079285877928,0.7688921853291073,0.9173617918114169,0.8183785762268797,1.421982528007192,1.3,0.7396097636244567,0.734824740275009,0.8997034952094471,0.7294024152519538,0.7266221306243865,0.7204559317745443,0.710991264003596,0.7292644797170471,0.8951966564736398,0.8162655865395517,0.8606440674091872,0.8754300401658357,0.7339238870953962,0.8938534369497243,0.7768041588098207,1.0094567868236004,0.7484729407802093,0.734808252786924,0.7851107141983619,0.7524702465291315,1.3,0.8150446372546681,0.7627082731637713,1.0206713109158585,1.4490122836887416,0.7306918945718164,1.421982528007192,0.7469166295111277,1.3,0.7921909394011701,1.4538192025145489,0.710991264003596,0.7519602140072876,1.0390943524243457,0.755154019594141,1.3,0.7464600061181239,0.8344446937056109,0.7717865951503811,0.7157973945215995,1.109944899606653,0.8294840451520017,0.7566599479587888,1.2069122826752012,0.9433797190718942,0.7140133762032221,0.7700468596465398,1.17544088449779,1.1935983913481492,0.710991264003596,0.7123276469060454,1.2122490259187235,0.7540419998309997,0.7863736858970722,0.7192110322591369,0.7424095930745407,0.7193909239169272,0.7275863600599852,1.6442027956563954,0.7359668560728516,0.710991264003596,0.8359582405984005,0.7690629261699252,1.4396578495926535,1.5013414405907506,0.7659944543942467,0.725752414184701,0.8171056987411341,0.7925976685654106,1.097068745592608,0.8467627526181976,0.790690742267036,0.8134285267014054,1.07783642217318,0.7864106673355578,0.7621402901867641,0.7521759657715157,0.7761225967989838,1.2199081649420944,0.7336995873608314,0.7646370835614984,1.1032235882872183,0.7436412613390588,1.0158733792916212,0.7871294536135149,0.7119632894296275,0.8087961742150158,0.8956553150061537,0.8728079652148264,1.421982528007192,1.0055225440839148,1.3,0.7481569101016141
8,16,0.805419762454434,0.7237079285877928,0.7688921853291073,0.9173617918114169,0.8183785762268797,1.421982528007192,1.3,0.7396097636244567,0.734824740275009,0.8997034952094471,0.7294024152519538,0.7266221306243865,0.7204559317745443,0.710991264003596,0.7292644797170471,0.8951966564736398,0.8162655865395517,0.8606440674091872,0.8754300401658357,0.7339238870953962,0.8938534369497243,0.7768041588098207,1.0094567868236004,0.7484729407802093,0.734808252786924,0.7851107141983619,0.7524702465291315,1.3,0.8150446372546681,0.7627082731637713,1.0206713109158585,1.4490122836887416,0.7306918945718164,1.421982528007192,0.7469166295111277,1.3,0.7921909394011701,1.4538192025145489,0.710991264003596,0.7519602140072876,1.0390943524243457,0.755154019594141,1.3,0.7464600061181239,0.8344446937056109,0.7717865951503811,0.7157973945215995,1.109944899606653,0.8294840451520017,0.7566599479587888,1.2069122826752012,0.9433797190718942,0.7140133762032221,0.7700468596465398,1.17544088449779,1.1935983913481492,0.710991264003596,0.7123276469060454,1.2122490259187235,0.7540419998309997,0.7863736858970722,0.7192110322591369,0.7424095930745407,0.7193909239169272,0.7275863600599852,1.6442027956563954,0.7359668560728516,0.710991264003596,0.8359582405984005,0.7690629261699252,1.4396578495926535,1.5013414405907506,0.7659944543942467,0.725752414184701,0.8171056987411341,0.7925976685654106,1.097068745592608,0.8467627526181976,0.790690742267036,0.8134285267014054,1.07783642217318,0.7864106673355578,0.7621402901867641,0.7521759657715157,0.7761225967989838,1.2199081649420944,0.7336995873608314,0.7646370835614984,1.1032235882872183,0.7436412613390588,1.0158733792916212,0.7871294536135149,0.7119632894296275,0.8087961742150158,0.8956553150061537,0.8728079652148264,1.421982528007192,1.0055225440839148,1.3,0.7481569101016141
8,17,0.805419762454434,0.7237079285877928,0.7688921853291073,0.9173617918114169,0.8183785762268797,1.421982528007192,1.3,0.7396097636244567,0.734824740275009,0.8997034952094471,0.7294024152519538,0.7266221306243865,0.7204559317745443,0.710991264003596,0.7292644797170471,0.8951966564736398,0.8162655865395517,0.8606440674091872,0.8754300401658357,0.7339238870953962,0.8938534369497243,0.7768041588098207,1.0094567868236004,0.7484729407802093,0.734808252786924,0.7851107141983619,0.7524702465291315,1.3,0.8150446372546681,0.7627082731637713,1.0206713109158585,1.4490122836887416,0.7306918945718164,1.421982528007192,0.7469166295111277,1.3,0.7921909394011701,1.4538192025145489,0.710991264003596,0.7519602140072876,1.0390943524243457,0.755154019594141,1.3,0.7464600061181239,0.8344446937056109,0.7717865951503811,0.7157973945215995,1.109944899606653,0.8294840451520017,0.7566599479587888,1.2069122826752012,0.9433797190718942,0.7140133762032221,0.7700468596465398,1.17544088449779,1.1935983913481492,0.710991264003596,0.7123276469060454,1.2122490259187235,0.7540419998309997,0.7863736858970722,0.7192110322591369,0.7424095930745407,0.7193909239169272,0.7275863600599852,1.6442027956563954,0.7359668560728516,0.710991264003596,0.8359582405984005,0.7690629261699252,1.4396578495926535,1.5013414405907506,0.7659944543942467,0.725752414184701,0.8171056987411341,0.7925976685654106,1.097068745592608,0.8467627526181976,0.790690742267036,0.8134285267014054,1.07783642217318,0.7864106673355578,0.7621402901867641,0.7521759657715157,0.7761225967989838,1.2199081649420944,0.7336995873608314,0.7646370835614984,1.1032235882872183,0.7436412613390588,1.0158733792916212,0.7871294536135149,0.7119632894296275,0.8087961742150158,0.8956553150061537,0.8728079652148264,1.421982528007192,1.0055225440839148,1.3,0.7481569101016141
8,18,0.805419762454434,0.7237079285877928,0.7688921853291073,0.9173617918114169,0.8183785762268797,1.421982528007192,1.3,0.7396097636244567,0.734824740275009,0.8997034952094471,0.7294024152519538,0.7266221306243865,0.7204559317745443,0.710991264003596,0.7292644797170471,0.8951966564736398,0.8162655865395517,0.8606440674091872,0.8754300401658357,0.7339238870953962,0.8938534369497243,0.7768041588098207,1.0094567868236004,0.7484729407802093,0.734808252786924,0.7851107141983619,0.7524702465291315,1.3,0.8150446372546681,0.7627082731637713,1.0206713109158585,1.4490122836887416,0.7306918945718164,1.421982528007192,0.7469166295111277,1.3,0.7921909394011701,1.4538192025145489,0.710991264003596,0.7519602140072876,1.0390943524243457,0.755154019594141,1.3,0.7464600061181239,0.8344446937056109,0.7717865951503811,0.7157973945215995,1.109944899606653,0.8294840451520017,0.7566599479587888,1.2069122826752012,0.9433797190718942,0.7140133762032221,0.7700468596465398,1.17544088449779,1.1935983913481492,0.710991264003596,0.7123276469060454,1.2122490259187235,0.7540419998309997,0.7863736858970722,0.7192110322591369,0.7424095930745407,0.7193909239169272,0.7275863600599852,1.6442027956563954,0.7359668560728516,0.710991264003596,0.8359582405984005,0.7690629261699252,1.4396578495926535,1.5013414405907506,0.7659944543942467,0.725752414184701,0.8171056987411341,0.7925976685654106,1.097068745592608,0.8467627526181976,0.790690742267036,0.8134285267014054,1.07783642217318,0.7864106673355578,0.7621402901867641,0.7521759657715157,0.7761225967989838,1.2199081649420944,0.7336995873608314,0.7646370835614984,1.1032235882872183,0.7436412613390588,1.0158733792916212,0.7871294536135149,0.7119632894296275,0.8087961742150158,0.8956553150061537,0.8728079652148264,1.421982528007192,1.0055225440839148,1.3,0.7481569101016141
8,19,0.805419762454434,0.7237079285877928,0.7688921853291073,0.9173617918114169,0.8183785762268797,1.421982528007192,1.3,0.7396097636244567,0.734824740275009,0.8997034952094471,0.7294024152519538,0.7266221306243865,0.7204559317745443,0.710991264003596,0.7292644797170471,0.8951966564736398,0.8162655865395517,0.8606440674091872,0.8754300401658357,0.7339238870953962,0.8938534369497243,0.7768041588098207,1.0094567868236004,0.7484729407802093,0.734808252786924,0.7851107141983619,0.7524702465291315,1.3,0.8150446372546681,0.7627082731637713,1.0206713109158585,1.4490122836887416,0.7306918945718164,1.421982528007192,0.7469166295111277,1.3,0.7921909394011701,1.4538192025145489,0.710991264003596,0.7519602140072876,1.0390943524243457,0.755154019594141,1.3,0.7464600061181239,0.8344446937056109,0.7717865951503811,0.7157973945215995,1.109944899606653,0.8294840451520017,0.7566599479587888,1.2069122826752012,0.9433797190718942,0.7140133762032221,0.7700468596465398,1.17544088449779,1.1935983913481492,0.710991264003596,0.7123276469060454,1.2122490259187235,0.7540419998309997,0.7863736858970722,0.7192110322591369,0.7424095930745407,0.7193909239169272,0.7275863600599852,1.6442027956563954,0.7359668560728516,0.710991264003596,0.8359582405984005,0.7690629261699252,1.4396578495926535,1.5013414405907506,0.7659944543942467,0.725752414184701,0.8171056987411341,0.7925976685654106,1.097068745592608,0.8467627526181976,0.790690742267036,0.8134285267014054,1.07783642217318,0.7864106673355578,0.7621402901867641,0.7521759657715157,0.7761225967989838,1.2199081649420944,0.7336995873608314,0.7646370835614984,1.1032235882872183,0.7436412613390588,1.0158733792916212,0.7871294536135149,0.7119632894296275,0.8087961742150158,0.8956553150061537,0.8728079652148264,1.421982528007192,1.0055225440839148,1.3,0.7481569101016141
8,20,0.805419762454434,0.7237079285877928,0.7688921853291073,0.9173617918114169,0.8183785762268797,1.421982528007192,1.3,0.7396097636244567,0.734824740275009,0.8997034952094471,0.7294024152519538,0.7266221306243865,0.7204559317745443,0.710991264003596,0.7292644797170471,0.8951966564736398,0.8162655865395517,0.8606440674091872,0.8754300401658357,0.7339238870953962,0.8938534369497243,0.7768041588098207,1.0094567868236004,0.7484729407802093,0.734808252786924,0.7851107141983619,0.7524702465291315,1.3,0.8150446372546681,0.7627082731637713,1.0206713109158585,1.4490122836887416,0.7306918945718164,1.421982528007192,0.7469166295111277,1.3,0.7921909394011701,1.4538192025145489,0.710991264003596,0.7519602140072876,1.0390943524243457,0.755154019594141,1.3,0.7464600061181239,0.8344446937056109,0.7717865951503811,0.7157973945215995,1.109944899606653,0.8294840451520017,0.7566599479587888,1.2069122826752012,0.9433797190718942,0.7140133762032221,0.7700468596465398,1.17544088449779,1.1935983913481492,0.710991264003596,0.7123276469060454,1.2122490259187235,0.7540419998309997,0.7863736858970722,0.7192110322591369,0.7424095930745407,0.7193909239169272,0.7275863600599852,1.6442027956563954,0.7359668560728516,0.710991264003596,0.8359582405984005,0.7690629261699252,1.4396578495926535,1.5013414405907506,0.7659944543942467,0.725752414184701,0.8171056987411341,0.7925976685654106,1.097068745592608,0.8467627526181976,0.790690742267036,0.8134285267014054,1.07783642217318,0.7864106673355578,0.7621402901867641,0.7521759657715157,0.7761225967989838,1.2199081649420944,0.7336995873608314,0.7646370835614984,1.1032235882872183,0.7436412613390588,1.0158733792916212,0.7871294536135149,0.7119632894296275,0.8087961742150158,0.8956553150061537,0.8728079652148264,1.421982528007192,1.0055225440839148,1.3,0.7481569101016141
8,21,0.805419762454434,0.7237079285877928,0.7688921853291073,0.9173617918114169,0.8183785762268797,1.421982528007192,1.3,0.7396097636244567,0.734824740275009,0.8997034952094471,0.7294024152519538,0.7266221306243865,0.7204559317745443,0.710991264003596,0.7292644797170471,0.8951966564736398,0.8162655865395517,0.8606440674091872,0.8754300401658357,0.7339238870953962,0.8938534369497243,0.7768041588098207,1.0094567868236004,0.7484729407802093,0.734808252786924,0.7851107141983619,0.7524702465291315,1.3,0.8150446372546681,0.7627082731637713,1.0206713109158585,1.4490122836887416,0.7306918945718164,1.421982528007192,0.7469166295111277,1.3,0.7921909394011701,1.4538192025145489,0.710991264003596,0.7519602140072876,1.0390943524243457,0.755154019594141,1.3,0.7464600061181239,0.8344446937056109,0.7717865951503811,0.7157973945215995,1.109944899606653,0.8294840451520017,0.7566599479587888,1.2069122826752012,0.9433797190718942,0.7140133762032221,0.7700468596465398,1.17544088449779,1.1935983913481492,0.710991264003596,0.7123276469060454,1.2122490259187235,0.7540419998309997,0.7863736858970722,0.7192110322591369,0.7424095930745407,0.7193909239169272,0.7275863600599852,1.6442027956563954,0.7359668560728516,0.710991264003596,0.8359582405984005,0.7690629261699252,1.4396578495926535,1.5013414405907506,0.7659944543942467,0.725752414184701,0.8171056987411341,0.7925976685654106,1.097068745592608,0.8467627526181976,0.790690742267036,0.8134285267014054,1.07783642217318,0.7864106673355578,0.7621402901867641,0.7521759657715157,0.7761225967989838,1.2199081649420944,0.7336995873608314,0.7646370835614984,1.1032235882872183,0.7436412613390588,1.0158733792916212,0.7871294536135149,0.7119632894296275,0.8087961742150158,0.8956553150061537,0.8728079652148264,1.421982528007192,1.0055225440839148,1.3,0.7481569101016141
8,22,0.805419762454434,0.7237079285877928,0.7688921853291073,0.9173617918114169,0.8183785762268797,1.421982528007192,1.3,0.7396097636244567,0.734824740275009,0.8997034952094471,0.7294024152519538,0.7266221306243865,0.7204559317745443,0.710991264003596,0.7292644797170471,0.8951966564736398,0.8162655865395517,0.8606440674091872,0.8754300401658357,0.7339238870953962,0.8938534369497243,0.7768041588098207,1.0094567868236004,0.7484729407802093,0.734808252786924,0.7851107141983619,0.7524702465291315,1.3,0.8150446372546681,0.7627082731637713,1.0206713109158585,1.4490122836887416,0.7306918945718164,1.421982528007192,0.7469166295111277,1.3,0.7921909394011701,1.4538192025145489,0.710991264003596,0.7519602140072876,1.0390943524243457,0.755154019594141,1.3,0.7464600061181239,0.8344446937056109,0.7717865951503811,0.7157973945215995,1.109944899606653,0.8294840451520017,0.7566599479587888,1.2069122826752012,0.9433797190718942,0.7140133762032221,0.7700468596465398,1.17544088449779,1.1935983913481492,0.710991264003596,0.7123276469060454,1.2122490259187235,0.7540419998309997,0.7863736858970722,0.7192110322591369,0.7424095930745407,0.7193909239169272,0.7275863600599852,1.6442027956563954,0.7359668560728516,0.710991264003596,0.8359582405984005,0.7690629261699252,1.4396578495926535,1.5013414405907506,0.7659944543942467,0.725752414184701,0.8171056987411341,0.7925976685654106,1.097068745592608,0.8467627526181976,0.790690742267036,0.8134285267014054,1.07783642217318,0.7864106673355578,0.7621402901867641,0.7521759657715157,0.7761225967989838,1.2199081649420944,0.7336995873608314,0.7646370835614984,1.1032235882872183,0.7436412613390588,1.0158733792916212,0.7871294536135149,0.7119632894296275,0.8087961742150158,0.8956553150061537,0.8728079652148264,1.421982528007192,1.0055225440839148,1.3,0.7481569101016141
8,23,0.805419762454434,0.7237079285877928,0.7688921853291073,0.9173617918114169,0.8183785762268797,1.421982528007192,1.3,0.7396097636244567,0.734824740275009,0.8997034952094471,0.7294024152519538,0.7266221306243865,0.7204559317745443,0.710991264003596,0.7292644797170471,0.8951966564736398,0.8162655865395517,0.8606440674091872,0.8754300401658357,0.7339238870953962,0.8938534369497243,0.7768041588098207,1.0094567868236004,0.7484729407802093,0.734808252786924,0.7851107141983619,0.7524702465291315,1.3,0.8150446372546681,0.7627082731637713,1.0206713109158585,1.4490122836887416,0.7306918945718164,1.421982528007192,0.7469166295111277,1.3,0.7921909394011701,1.4538192025145489,0.710991264003596,0.7519602140072876,1.0390943524243457,0.755154019594141,1.3,0.7464600061181239,0.8344446937056109,0.7717865951503811,0.7157973945215995,1.109944899606653,0.8294840451520017,0.7566599479587888,1.2069122826752012,0.9433797190718942,0.7140133762032221,0.7700468596465398,1.17544088449779,1.1935983913481492,0.710991264003596,0.7123276469060454,1.2122490259187235,0.7540419998309997,0.7863736858970722,0.7192110322591369,0.7424095930745407,0.7193909239169272,0.7275863600599852,1.6442027956563954,0.7359668560728516,0.710991264003596,0.8359582405984005,0.7690629261699252,1.4396578495926535,1.5013414405907506,0.7659944543942467,0.725752414184701,0.8171056987411341,0.7925976685654106,1.097068745592608,0.8467627526181976,0.790690742267036,0.8134285267014054,1.07783642217318,0.7864106673355578,0.7621402901867641,0.7521759657715157,0.7761225967989838,1.2199081649420944,0.7336995873608314,0.7646370835614984,1.1032235882872183,0.7436412613390588,1.0158733792916212,0.7871294536135149,0.7119632894296275,0.8087961742150158,0.8956553150061537,0.8728079652148264,1.421982528007192,1.0055225440839148,1.3,0.7481569101016141
8,24,0.805419762454434,0.7237079285877928,0.7688921853291073,0.9173617918114169,0.8183785762268797,1.421982528007192,1.3,0.7396097636244567,0.734824740275009,0.8997034952094471,0.7294024152519538,0.7266221306243865,0.7204559317745443,0.710991264003596,0.7292644797170471,0.8951966564736398,0.8162655865395517,0.8606440674091872,0.8754300401658357,0.7339238870953962,0.8938534369497243,0.7768041588098207,1.0094567868236004,0.7484729407802093,0.734808252786924,0.7851107141983619,0.7524702465291315,1.3,0.8150446372546681,0.7627082731637713,1.0206713109158585,1.4490122836887416,0.7306918945718164,1.421982528007192,0.7469166295111277,1.3,0.7921909394011701,1.4538192025145489,0.710991264003596,0.7519602140072876,1.0390943524243457,0.755154019594141,1.3,0.7464600061181239,0.8344446937056109,0.7717865951503811,0.7157973945215995,1.109944899606653,0.8294840451520017,0.7566599479587888,1.2069122826752012,0.9433797190718942,0.7140133762032221,0.7700468596465398,1.17544088449779,1.1935983913481492,0.710991264003596,0.7123276469060454,1.2122490259187235,0.7540419998309997,0.7863736858970722,0.7192110322591369,0.7424095930745407,0.7193909239169272,0.7275863600599852,1.6442027956563954,0.7359668560728516,0.710991264003596,0.8359582405984005,0.7690629261699252,1.4396578495926535,1.5013414405907506,0.7659944543942467,0.725752414184701,0.8171056987411341,0.7925976685654106,1.097068745592608,0.8467627526181976,0.790690742267036,0.8134285267014054,1.07783642217318,0.7864106673355578,0.7621402901867641,0.7521759657715157,0.7761225967989838,1.2199081649420944,0.7336995873608314,0.7646370835614984,1.1032235882872183,0.7436412613390588,1.0158733792916212,0.7871294536135149,0.7119632894296275,0.8087961742150158,0.8956553150061537,0.8728079652148264,1.421982528007192,1.0055225440839148,1.3,0.7481569101016141
8,25,0.805419762454434,0.7237079285877928,0.7688921853291073,0.9173617918114169,0.8183785762268797,1.421982528007192,1.3,0.7396097636244567,0.734824740275009,0.8997034952094471,0.7294024152519538,0.7266221306243865,0.7204559317745443,0.710991264003596,0.7292644797170471,0.8951966564736398,0.8162655865395517,0.8606440674091872,0.8754300401658357,0.7339238870953962,0.8938534369497243,0.7768041588098207,1.0094567868236004,0.7484729407802093,0.734808252786924,0.7851107141983619,0.7524702465291315,1.3,0.8150446372546681,0.7627082731637713,1.0206713109158585,1.4490122836887416,0.7306918945718164,1.421982528007192,0.7469166295111277,1.3,0.7921909394011701,1.4538192025145489,0.710991264003596,0.7519602140072876,1.0390943524243457,0.755154019594141,1.3,0.7464600061181239,0.8344446937056109,0.7717865951503811,0.7157973945215995,1.109944899606653,0.8294840451520017,0.7566599479587888,1.2069122826752012,0.9433797190718942,0.7140133762032221,0.7700468596465398,1.17544088449779,1.1935983913481492,0.710991264003596,0.7123276469060454,1.2122490259187235,0.7540419998309997,0.7863736858970722,0.7192110322591369,0.7424095930745407,0.7193909239169272,0.7275863600599852,1.6442027956563954,0.7359668560728516,0.710991264003596,0.8359582405984005,0.7690629261699252,1.4396578495926535,1.5013414405907506,0.7659944543942467,0.725752414184701,0.8171056987411341,0.7925976685654106,1.097068745592608,0.8467627526181976,0.790690742267036,0.8134285267014054,1.07783642217318,0.7864106673355578,0.7621402901867641,0.7521759657715157,0.7761225967989838,1.2199081649420944,0.7336995873608314,0.7646370835614984,1.1032235882872183,0.7436412613390588,1.0158733792916212,0.7871294536135149,0.7119632894296275,0.8087961742150158,0.8956553150061537,0.8728079652148264,1.421982528007192,1.0055225440839148,1.3,0.7481569101016141
8,26,0.805419762454434,0.7237079285877928,0.7688921853291073,0.9173617918114169,0.8183785762268797,1.421982528007192,1.3,0.7396097636244567,0.734824740275009,0.8997034952094471,0.7294024152519538,0.7266221306243865,0.7204559317745443,0.710991264003596,0.7292644797170471,0.8951966564736398,0.8162655865395517,0.8606440674091872,0.8754300401658357,0.7339238870953962,0.8938534369497243,0.7768041588098207,1.0094567868236004,0.7484729407802093,0.734808252786924,0.7851107141983619,0.7524702465291315,1.3,0.8150446372546681,0.7627082731637713,1.0206713109158585,1.4490122836887416,0.7306918945718164,1.421982528007192,0.7469166295111277,1.3,0.7921909394011701,1.4538192025145489,0.710991264003596,0.7519602140072876,1.0390943524243457,0.755154019594141,1.3,0.7464600061181239,0.8344446937056109,0.7717865951503811,0.7157973945215995,1.109944899606653,0.8294840451520017,0.7566599479587888,1.2069122826752012,0.9433797190718942,0.7140133762032221,0.7700468596465398,1.17544088449779,1.1935983913481492,0.710991264003596,0.7123276469060454,1.2122490259187235,0.7540419998309997,0.7863736858970722,0.7192110322591369,0.7424095930745407,0.7193909239169272,0.7275863600599852,1.6442027956563954,0.7359668560728516,0.710991264003596,0.8359582405984005,0.7690629261699252,1.4396578495926535,1.5013414405907506,0.7659944543942467,0.725752414184701,0.8171056987411341,0.7925976685654106,1.097068745592608,0.8467627526181976,0.790690742267036,0.8134285267014054,1.07783642217318,0.7864106673355578,0.7621402901867641,0.7521759657715157,0.7761225967989838,1.2199081649420944,0.7336995873608314,0.7646370835614984,1.1032235882872183,0.7436412613390588,1.0158733792916212,0.7871294536135149,0.7119632894296275,0.8087961742150158,0.8956553150061537,0.8728079652148264,1.421982528007192,1.0055225440839148,1.3,0.7481569101016141
8,27,0.805419762454434,0.7237079285877928,0.7688921853291073,0.9173617918114169,0.8183785762268797,1.421982528007192,1.3,0.7396097636244567,0.734824740275009,0.8997034952094471,0.7294024152519538,0.7266221306243865,0.7204559317745443,0.710991264003596,0.7292644797170471,0.8951966564736398,0.8162655865395517,0.8606440674091872,0.8754300401658357,0.7339238870953962,0.8938534369497243,0.7768041588098207,1.0094567868236004,0.7484729407802093,0.734808252786924,0.7851107141983619,0.7524702465291315,1.3,0.8150446372546681,0.7627082731637713,1.0206713109158585,1.4490122836887416,0.7306918945718164,1.421982528007192,0.7469166295111277,1.3,0.7921909394011701,1.4538192025145489,0.710991264003596,0.7519602140072876,1.0390943524243457,0.755154019594141,1.3,0.7464600061181239,0.8344446937056109,0.7717865951503811,0.7157973945215995,1.109944899606653,0.8294840451520017,0.7566599479587888,1.2069122826752012,0.9433797190718942,0.7140133762032221,0.7700468596465398,1.17544088449779,1.1935983913481492,0.710991264003596,0.7123276469060454,1.2122490259187235,0.7540419998309997,0.7863736858970722,0.7192110322591369,0.7424095930745407,0.7193909239169272,0.7275863600599852,1.6442027956563954,0.7359668560728516,0.710991264003596,0.8359582405984005,0.7690629261699252,1.4396578495926535,1.5013414405907506,0.7659944543942467,0.725752414184701,0.8171056987411341,0.7925976685654106,1.097068745592608,0.8467627526181976,0.790690742267036,0.8134285267014054,1.07783642217318,0.7864106673355578,0.7621402901867641,0.7521759657715157,0.7761225967989838,1.2199081649420944,0.7336995873608314,0.7646370835614984,1.1032235882872183,0.7436412613390588,1.0158733792916212,0.7871294536135149,0.7119632894296275,0.8087961742150158,0.8956553150061537,0.8728079652148264,1.421982528007192,1.0055225440839148,1.3,0.7481569101016141
8,28,0.805419762454434,0.7237079285877928,0.7688921853291073,0.9173617918114169,0.8183785762268797,1.421982528007192,1.3,0.7396097636244567,0.734824740275009,0.8997034952094471,0.7294024152519538,0.7266221306243865,0.7204559317745443,0.710991264003596,0.7292644797170471,0.8951966564736398,0.8162655865395517,0.8606440674091872,0.8754300401658357,0.7339238870953962,0.8938534369497243,0.7768041588098207,1.0094567868236004,0.7484729407802093,0.734808252786924,0.7851107141983619,0.7524702465291315,1.3,0.8150446372546681,0.7627082731637713,1.0206713109158585,1.4490122836887416,0.7306918945718164,1.421982528007192,0.7469166295111277,1.3,0.7921909394011701,1.4538192025145489,0.710991264003596,0.7519602140072876,1.0390943524243457,0.755154019594141,1.3,0.7464600061181239,0.8344446937056109,0.7717865951503811,0.7157973945215995,1.109944899606653,0.8294840451520017,0.7566599479587888,1.2069122826752012,0.9433797190718942,0.7140133762032221,0.7700468596465398,1.17544088449779,1.1935983913481492,0.710991264003596,0.7123276469060454,1.2122490259187235,0.7540419998309997,0.7863736858970722,0.7192110322591369,0.7424095930745407,0.7193909239169272,0.7275863600599852,1.6442027956563954,0.7359668560728516,0.710991264003596,0.8359582405984005,0.7690629261699252,1.4396578495926535,1.5013414405907506,0.7659944543942467,0.725752414184701,0.8171056987411341,0.7925976685654106,1.097068745592608,0.8467627526181976,0.790690742267036,0.8134285267014054,1.07783642217318,0.7864106673355578,0.7621402901867641,0.7521759657715157,0.7761225967989838,1.2199081649420944,0.7336995873608314,0.7646370835614984,1.1032235882872183,0.7436412613390588,1.0158733792916212,0.7871294536135149,0.7119632894296275,0.8087961742150158,0.8956553150061537,0.8728079652148264,1.421982528007192,1.0055225440839148,1.3,0.7481569101016141
8,29,0.805419762454434,0.7237079285877928,0.7688921853291073,0.9173617918114169,0.8183785762268797,1.421982528007192,1.3,0.7396097636244567,0.734824740275009,0.8997034952094471,0.7294024152519538,0.7266221306243865,0.7204559317745443,0.710991264003596,0.7292644797170471,0.8951966564736398,0.8162655865395517,0.8606440674091872,0.8754300401658357,0.7339238870953962,0.8938534369497243,0.7768041588098207,1.0094567868236004,0.7484729407802093,0.734808252786924,0.7851107141983619,0.7524702465291315,1.3,0.8150446372546681,0.7627082731637713,1.0206713109158585,1.4490122836887416,0.7306918945718164,1.421982528007192,0.7469166295111277,1.3,0.7921909394011701,1.4538192025145489,0.710991264003596,0.7519602140072876,1.0390943524243457,0.755154019594141,1.3,0.7464600061181239,0.8344446937056109,0.7717865951503811,0.7157973945215995,1.109944899606653,0.8294840451520017,0.7566599479587888,1.2069122826752012,0.9433797190718942,0.7140133762032221,0.7700468596465398,1.17544088449779,1.1935983913481492,0.710991264003596,0.7123276469060454,1.2122490259187235,0.7540419998309997,0.7863736858970722,0.7192110322591369,0.7424095930745407,0.7193909239169272,0.7275863600599852,1.6442027956563954,0.7359668560728516,0.710991264003596,0.8359582405984005,0.7690629261699252,1.4396578495926535,1.5013414405907506,0.7659944543942467,0.725752414184701,0.8171056987411341,0.7925976685654106,1.097068745592608,0.8467627526181976,0.790690742267036,0.8134285267014054,1.07783642217318,0.7864106673355578,0.7621402901867641,0.7521759657715157,0.7761225967989838,1.2199081649420944,0.7336995873608314,0.7646370835614984,1.1032235882872183,0.7436412613390588,1.0158733792916212,0.7871294536135149,0.7119632894296275,0.8087961742150158,0.8956553150061537,0.8728079652148264,1.421982528007192,1.0055225440839148,1.3,0.7481569101016141
8,30,0.805419762454434,0.7237079285877928,0.7688921853291073,0.9173617918114169,0.8183785762268797,1.421982528007192,1.3,0.7396097636244567,0.734824740275009,0.8997034952094471,0.7294024152519538,0.7266221306243865,0.7204559317745443,0.710991264003596,0.7292644797170471,0.8951966564736398,0.8162655865395517,0.8606440674091872,0.8754300401658357,0.7339238870953962,0.8938534369497243,0.7768041588098207,1.0094567868236004,0.7484729407802093,0.734808252786924,0.7851107141983619,0.7524702465291315,1.3,0.8150446372546681,0.7627082731637713,1.0206713109158585,1.4490122836887416,0.7306918945718164,1.421982528007192,0.7469166295111277,1.3,0.7921909394011701,1.4538192025145489,0.710991264003596,0.7519602140072876,1.0390943524243457,0.755154019594141,1.3,0.7464600061181239,0.8344446937056109,0.7717865951503811,0.7157973945215995,1.109944899606653,0.8294840451520017,0.7566599479587888,1.2069122826752012,0.9433797190718942,0.7140133762032221,0.7700468596465398,1.17544088449779,1.1935983913481492,0.710991264003596,0.7123276469060454,1.2122490259187235,0.7540419998309997,0.7863736858970722,0.7192110322591369,0.7424095930745407,0.7193909239169272,0.7275863600599852,1.6442027956563954,0.7359668560728516,0.710991264003596,0.8359582405984005,0.7690629261699252,1.4396578495926535,1.5013414405907506,0.7659944543942467,0.725752414184701,0.8171056987411341,0.7925976685654106,1.097068745592608,0.8467627526181976,0.790690742267036,0.8134285267014054,1.07783642217318,0.7864106673355578,0.7621402901867641,0.7521759657715157,0.7761225967989838,1.2199081649420944,0.7336995873608314,0.7646370835614984,1.1032235882872183,0.7436412613390588,1.0158733792916212,0.7871294536135149,0.7119632894296275,0.8087961742150158,0.8956553150061537,0.8728079652148264,1.421982528007192,1.0055225440839148,1.3,0.7481569101016141
8,31,0.805419762454434,0.7237079285877928,0.7688921853291073,0.9173617918114169,0.8183785762268797,1.421982528007192,1.3,0.7396097636244567,0.734824740275009,0.8997034952094471,0.7294024152519538,0.7266221306243865,0.7204559317745443,0.710991264003596,0.7292644797170471,0.8951966564736398,0.8162655865395517,0.8606440674091872,0.8754300401658357,0.7339238870953962,0.8938534369497243,0.7768041588098207,1.0094567868236004,0.7484729407802093,0.734808252786924,0.7851107141983619,0.7524702465291315,1.3,0.8150446372546681,0.7627082731637713,1.0206713109158585,1.4490122836887416,0.7306918945718164,1.421982528007192,0.7469166295111277,1.3,0.7921909394011701,1.4538192025145489,0.710991264003596,0.7519602140072876,1.0390943524243457,0.755154019594141,1.3,0.7464600061181239,0.8344446937056109,0.7717865951503811,0.7157973945215995,1.109944899606653,0.8294840451520017,0.7566599479587888,1.2069122826752012,0.9433797190718942,0.7140133762032221,0.7700468596465398,1.17544088449779,1.1935983913481492,0.710991264003596,0.7123276469060454,1.2122490259187235,0.7540419998309997,0.7863736858970722,0.7192110322591369,0.7424095930745407,0.7193909239169272,0.7275863600599852,1.6442027956563954,0.7359668560728516,0.710991264003596,0.8359582405984005,0.7690629261699252,1.4396578495926535,1.5013414405907506,0.7659944543942467,0.725752414184701,0.8171056987411341,0.7925976685654106,1.097068745592608,0.8467627526181976,0.790690742267036,0.8134285267014054,1.07783642217318,0.7864106673355578,0.7621402901867641,0.7521759657715157,0.7761225967989838,1.2199081649420944,0.7336995873608314,0.7646370835614984,1.1032235882872183,0.7436412613390588,1.0158733792916212,0.7871294536135149,0.7119632894296275,0.8087961742150158,0.8956553150061537,0.8728079652148264,1.421982528007192,1.0055225440839148,1.3,0.7481569101016141
8,32,0.805419762454434,0.7237079285877928,0.7688921853291073,0.9173617918114169,0.8183785762268797,1.421982528007192,1.3,0.7396097636244567,0.734824740275009,0.8997034952094471,0.7294024152519538,0.7266221306243865,0.7204559317745443,0.710991264003596,0.7292644797170471,0.8951966564736398,0.8162655865395517,0.8606440674091872,0.8754300401658357,0.7339238870953962,0.8938534369497243,0.7768041588098207,1.0094567868236004,0.7484729407802093,0.734808252786924,0.7851107141983619,0.7524702465291315,1.3,0.8150446372546681,0.7627082731637713,1.0206713109158585,1.4490122836887416,0.7306918945718164,1.421982528007192,0.7469166295111277,1.3,0.7921909394011701,1.4538192025145489,0.710991264003596,0.7519602140072876,1.0390943524243457,0.755154019594141,1.3,0.7464600061181239,0.8344446937056109,0.7717865951503811,0.7157973945215995,1.109944899606653,0.8294840451520017,0.7566599479587888,1.2069122826752012,0.9433797190718942,0.7140133762032221,0.7700468596465398,1.17544088449779,1.1935983913481492,0.710991264003596,0.7123276469060454,1.2122490259187235,0.7540419998309997,0.7863736858970722,0.7192110322591369,0.7424095930745407,0.7193909239169272,0.7275863600599852,1.6442027956563954,0.7359668560728516,0.710991264003596,0.8359582405984005,0.7690629261699252,1.4396578495926535,1.5013414405907506,0.7659944543942467,0.725752414184701,0.8171056987411341,0.7925976685654106,1.097068745592608,0.8467627526181976,0.790690742267036,0.8134285267014054,1.07783642217318,0.7864106673355578,0.7621402901867641,0.7521759657715157,0.7761225967989838,1.2199081649420944,0.7336995873608314,0.7646370835614984,1.1032235882872183,0.7436412613390588,1.0158733792916212,0.7871294536135149,0.7119632894296275,0.8087961742150158,0.8956553150061537,0.8728079652148264,1.421982528007192,1.0055225440839148,1.3,0.7481569101016141
8,33,0.805419762454434,0.7237079285877928,0.7688921853291073,0.9173617918114169,0.8183785762268797,1.421982528007192,1.3,0.7396097636244567,0.734824740275009,0.8997034952094471,0.7294024152519538,0.7266221306243865,0.7204559317745443,0.710991264003596,0.7292644797170471,0.8951966564736398,0.8162655865395517,0.8606440674091872,0.8754300401658357,0.7339238870953962,0.8938534369497243,0.7768041588098207,1.0094567868236004,0.7484729407802093,0.734808252786924,0.7851107141983619,0.7524702465291315,1.3,0.8150446372546681,0.7627082731637713,1.0206713109158585,1.4490122836887416,0.7306918945718164,1.421982528007192,0.7469166295111277,1.3,0.7921909394011701,1.4538192025145489,0.710991264003596,0.7519602140072876,1.0390943524243457,0.755154019594141,1.3,0.7464600061181239,0.8344446937056109,0.7717865951503811,0.7157973945215995,1.109944899606653,0.8294840451520017,0.7566599479587888,1.2069122826752012,0.9433797190718942,0.7140133762032221,0.7700468596465398,1.17544088449779,1.1935983913481492,0.710991264003596,0.7123276469060454,1.2122490259187235,0.7540419998309997,0.7863736858970722,0.7192110322591369,0.7424095930745407,0.7193909239169272,0.7275863600599852,1.6442027956563954,0.7359668560728516,0.710991264003596,0.8359582405984005,0.7690629261699252,1.4396578495926535,1.5013414405907506,0.7659944543942467,0.725752414184701,0.8171056987411341,0.7925976685654106,1.097068745592608,0.8467627526181976,0.790690742267036,0.8134285267014054,1.07783642217318,0.7864106673355578,0.7621402901867641,0.7521759657715157,0.7761225967989838,1.2199081649420944,0.7336995873608314,0.7646370835614984,1.1032235882872183,0.7436412613390588,1.0158733792916212,0.7871294536135149,0.7119632894296275,0.8087961742150158,0.8956553150061537,0.8728079652148264,1.421982528007192,1.0055225440839148,1.3,0.7481569101016141
8,34,0.805419762454434,0.7237079285877928,0.7688921853291073,0.9173617918114169,0.8183785762268797,1.421982528007192,1.3,0.7396097636244567,0.734824740275009,0.8997034952094471,0.7294024152519538,0.7266221306243865,0.7204559317745443,0.710991264003596,0.7292644797170471,0.8951966564736398,0.8162655865395517,0.8606440674091872,0.8754300401658357,0.7339238870953962,0.8938534369497243,0.7768041588098207,1.0094567868236004,0.7484729407802093,0.734808252786924,0.7851107141983619,0.7524702465291315,1.3,0.8150446372546681,0.7627082731637713,1.0206713109158585,1.4490122836887416,0.7306918945718164,1.421982528007192,0.7469166295111277,1.3,0.7921909394011701,1.4538192025145489,0.710991264003596,0.7519602140072876,1.0390943524243457,0.755154019594141,1.3,0.7464600061181239,0.8344446937056109,0.7717865951503811,0.7157973945215995,1.109944899606653,0.8294840451520017,0.7566599479587888,1.2069122826752012,0.9433797190718942,0.7140133762032221,0.7700468596465398,1.17544088449779,1.1935983913481492,0.710991264003596,0.7123276469060454,1.2122490259187235,0.7540419998309997,0.7863736858970722,0.7192110322591369,0.7424095930745407,0.7193909239169272,0.7275863600599852,1.6442027956563954,0.7359668560728516,0.710991264003596,0.8359582405984005,0.7690629261699252,1.4396578495926535,1.5013414405907506,0.7659944543942467,0.725752414184701,0.8171056987411341,0.7925976685654106,1.097068745592608,0.8467627526181976,0.790690742267036,0.8134285267014054,1.07783642217318,0.7864106673355578,0.7621402901867641,0.7521759657715157,0.7761225967989838,1.2199081649420944,0.7336995873608314,0.7646370835614984,1.1032235882872183,0.7436412613390588,1.0158733792916212,0.7871294536135149,0.7119632894296275,0.8087961742150158,0.8956553150061537,0.8728079652148264,1.421982528007192,1.0055225440839148,1.3,0.7481569101016141
8,35,0.805419762454434,0.7237079285877928,0.7688921853291073,0.9173617918114169,0.8183785762268797,1.421982528007192,1.3,0.7396097636244567,0.734824740275009,0.8997034952094471,0.7294024152519538,0.7266221306243865,0.7204559317745443,0.710991264003596,0.7292644797170471,0.8951966564736398,0.8162655865395517,0.8606440674091872,0.8754300401658357,0.7339238870953962,0.8938534369497243,0.7768041588098207,1.0094567868236004,0.7484729407802093,0.734808252786924,0.7851107141983619,0.7524702465291315,1.3,0.8150446372546681,0.7627082731637713,1.0206713109158585,1.4490122836887416,0.7306918945718164,1.421982528007192,0.7469166295111277,1.3,0.7921909394011701,1.4538192025145489,0.710991264003596,0.7519602140072876,1.0390943524243457,0.755154019594141,1.3,0.7464600061181239,0.8344446937056109,0.7717865951503811,0.7157973945215995,1.109944899606653,0.8294840451520017,0.7566599479587888,1.2069122826752012,0.9433797190718942,0.7140133762032221,0.7700468596465398,1.17544088449779,1.1935983913481492,0.710991264003596,0.7123276469060454,1.2122490259187235,0.7540419998309997,0.7863736858970722,0.7192110322591369,0.7424095930745407,0.7193909239169272,0.7275863600599852,1.6442027956563954,0.7359668560728516,0.710991264003596,0.8359582405984005,0.7690629261699252,1.4396578495926535,1.5013414405907506,0.7659944543942467,0.725752414184701,0.8171056987411341,0.7925976685654106,1.097068745592608,0.8467627526181976,0.790690742267036,0.8134285267014054,1.07783642217318,0.7864106673355578,0.7621402901867641,0.7521759657715157,0.7761225967989838,1.2199081649420944,0.7336995873608314,0.7646370835614984,1.1032235882872183,0.7436412613390588,1.0158733792916212,0.7871294536135149,0.7119632894296275,0.8087961742150158,0.8956553150061537,0.8728079652148264,1.421982528007192,1.0055225440839148,1.3,0.7481569101016141
8,36,0.805419762454434,0.7237079285877928,0.7688921853291073,0.9173617918114169,0.8183785762268797,1.421982528007192,1.3,0.7396097636244567,0.734824740275009,0.8997034952094471,0.7294024152519538,0.7266221306243865,0.7204559317745443,0.710991264003596,0.7292644797170471,0.8951966564736398,0.8162655865395517,0.8606440674091872,0.8754300401658357,0.7339238870953962,0.8938534369497243,0.7768041588098207,1.0094567868236004,0.7484729407802093,0.734808252786924,0.7851107141983619,0.7524702465291315,1.3,0.8150446372546681,0.7627082731637713,1.0206713109158585,1.4490122836887416,0.7306918945718164,1.421982528007192,0.7469166295111277,1.3,0.7921909394011701,1.4538192025145489,0.710991264003596,0.7519602140072876,1.0390943524243457,0.755154019594141,1.3,0.7464600061181239,0.8344446937056109,0.7717865951503811,0.7157973945215995,1.109944899606653,0.8294840451520017,0.7566599479587888,1.2069122826752012,0.9433797190718942,0.7140133762032221,0.7700468596465398,1.17544088449779,1.1935983913481492,0.710991264003596,0.7123276469060454,1.2122490259187235,0.7540419998309997,0.7863736858970722,0.7192110322591369,0.7424095930745407,0.7193909239169272,0.7275863600599852,1.6442027956563954,0.7359668560728516,0.710991264003596,0.8359582405984005,0.7690629261699252,1.4396578495926535,1.5013414405907506,0.7659944543942467,0.725752414184701,0.8171056987411341,0.7925976685654106,1.097068745592608,0.8467627526181976,0.790690742267036,0.8134285267014054,1.07783642217318,0.7864106673355578,0.7621402901867641,0.7521759657715157,0.7761225967989838,1.2199081649420944,0.7336995873608314,0.7646370835614984,1.1032235882872183,0.7436412613390588,1.0158733792916212,0.7871294536135149,0.7119632894296275,0.8087961742150158,0.8956553150061537,0.8728079652148264,1.421982528007192,1.0055225440839148,1.3,0.7481569101016141
8,37,0.805419762454434,0.7237079285877928,0.7688921853291073,0.9173617918114169,0.8183785762268797,1.421982528007192,1.3,0.7396097636244567,0.734824740275009,0.8997034952094471,0.7294024152519538,0.7266221306243865,0.7204559317745443,0.710991264003596,0.7292644797170471,0.8951966564736398,0.8162655865395517,0.8606440674091872,0.8754300401658357,0.7339238870953962,0.8938534369497243,0.7768041588098207,1.0094567868236004,0.7484729407802093,0.734808252786924,0.7851107141983619,0.7524702465291315,1.3,0.8150446372546681,0.7627082731637713,1.0206713109158585,1.4490122836887416,0.7306918945718164,1.421982528007192,0.7469166295111277,1.3,0.7921909394011701,1.4538192025145489,0.710991264003596,0.7519602140072876,1.0390943524243457,0.755154019594141,1.3,0.7464600061181239,0.8344446937056109,0.7717865951503811,0.7157973945215995,1.109944899606653,0.8294840451520017,0.7566599479587888,1.2069122826752012,0.9433797190718942,0.7140133762032221,0.7700468596465398,1.17544088449779,1.1935983913481492,0.710991264003596,0.7123276469060454,1.2122490259187235,0.7540419998309997,0.7863736858970722,0.7192110322591369,0.7424095930745407,0.7193909239169272,0.7275863600599852,1.6442027956563954,0.7359668560728516,0.710991264003596,0.8359582405984005,0.7690629261699252,1.4396578495926535,1.5013414405907506,0.7659944543942467,0.725752414184701,0.8171056987411341,0.7925976685654106,1.097068745592608,0.8467627526181976,0.790690742267036,0.8134285267014054,1.07783642217318,0.7864106673355578,0.7621402901867641,0.7521759657715157,0.7761225967989838,1.2199081649420944,0.7336995873608314,0.7646370835614984,1.1032235882872183,0.7436412613390588,1.0158733792916212,0.7871294536135149,0.7119632894296275,0.8087961742150158,0.8956553150061537,0.8728079652148264,1.421982528007192,1.0055225440839148,1.3,0.7481569101016141
8,38,0.805419762454434,0.7237079285877928,0.7688921853291073,0.9173617918114169,0.8183785762268797,1.421982528007192,1.3,0.7396097636244567,0.734824740275009,0.8997034952094471,0.7294024152519538,0.7266221306243865,0.7204559317745443,0.710991264003596,0.7292644797170471,0.8951966564736398,0.8162655865395517,0.8606440674091872,0.8754300401658357,0.7339238870953962,0.8938534369497243,0.7768041588098207,1.0094567868236004,0.7484729407802093,0.734808252786924,0.7851107141983619,0.7524702465291315,1.3,0.8150446372546681,0.7627082731637713,1.0206713109158585,1.4490122836887416,0.7306918945718164,1.421982528007192,0.7469166295111277,1.3,0.7921909394011701,1.4538192025145489,0.710991264003596,0.7519602140072876,1.0390943524243457,0.755154019594141,1.3,0.7464600061181239,0.8344446937056109,0.7717865951503811,0.7157973945215995,1.109944899606653,0.8294840451520017,0.7566599479587888,1.2069122826752012,0.9433797190718942,0.7140133762032221,0.7700468596465398,1.17544088449779,1.1935983913481492,0.710991264003596,0.7123276469060454,1.2122490259187235,0.7540419998309997,0.7863736858970722,0.7192110322591369,0.7424095930745407,0.7193909239169272,0.7275863600599852,1.6442027956563954,0.7359668560728516,0.710991264003596,0.8359582405984005,0.7690629261699252,1.4396578495926535,1.5013414405907506,0.7659944543942467,0.725752414184701,0.8171056987411341,0.7925976685654106,1.097068745592608,0.8467627526181976,0.790690742267036,0.8134285267014054,1.07783642217318,0.7864106673355578,0.7621402901867641,0.7521759657715157,0.7761225967989838,1.2199081649420944,0.7336995873608314,0.7646370835614984,1.1032235882872183,0.7436412613390588,1.0158733792916212,0.7871294536135149,0.7119632894296275,0.8087961742150158,0.8956553150061537,0.8728079652148264,1.421982528007192,1.0055225440839148,1.3,0.7481569101016141
8,39,0.805419762454434,0.7237079285877928,0.7688921853291073,0.9173617918114169,0.8183785762268797,1.421982528007192,1.3,0.7396097636244567,0.734824740275009,0.8997034952094471,0.7294024152519538,0.7266221306243865,0.7204559317745443,0.710991264003596,0.7292644797170471,0.8951966564736398,0.8162655865395517,0.8606440674091872,0.8754300401658357,0.7339238870953962,0.8938534369497243,0.7768041588098207,1.0094567868236004,0.7484729407802093,0.734808252786924,0.7851107141983619,0.7524702465291315,1.3,0.8150446372546681,0.7627082731637713,1.0206713109158585,1.4490122836887416,0.7306918945718164,1.421982528007192,0.7469166295111277,1.3,0.7921909394011701,1.4538192025145489,0.710991264003596,0.7519602140072876,1.0390943524243457,0.755154019594141,1.3,0.7464600061181239,0.8344446937056109,0.7717865951503811,0.7157973945215995,1.109944899606653,0.8294840451520017,0.7566599479587888,1.2069122826752012,0.9433797190718942,0.7140133762032221,0.7700468596465398,1.17544088449779,1.1935983913481492,0.710991264003596,0.7123276469060454,1.2122490259187235,0.7540419998309997,0.7863736858970722,0.7192110322591369,0.7424095930745407,0.7193909239169272,0.7275863600599852,1.6442027956563954,0.7359668560728516,0.710991264003596,0.8359582405984005,0.7690629261699252,1.4396578495926535,1.5013414405907506,0.7659944543942467,0.725752414184701,0.8171056987411341,0.7925976685654106,1.097068745592608,0.8467627526181976,0.790690742267036,0.8134285267014054,1.07783642217318,0.7864106673355578,0.7621402901867641,0.7521759657715157,0.7761225967989838,1.2199081649420944,0.7336995873608314,0.7646370835614984,1.1032235882872183,0.7436412613390588,1.0158733792916212,0.7871294536135149,0.7119632894296275,0.8087961742150158,0.8956553150061537,0.8728079652148264,1.421982528007192,1.0055225440839148,1.3,0.7481569101016141
9,0,0.7851107141983619,1.3,0.8938534369497243,0.744647992282889,1.421982528007192,0.8500456873833169,0.710991264003596,1.3,0.8882889540987564,0.7472054003366577,0.7339238870953962,0.7354141545750863,0.7717865951503811,0.805419762454434,0.7566599479587888,0.7754587708741263,0.7284948456868829,0.7519602140072876,0.7460311089187506,0.7572452426352019,0.710991264003596,0.710991264003596,0.7266221306243865,0.7688921853291073,0.8183785762268797,0.9173617918114169,0.8696934512480053,0.8162655865395517,0.8242586020205542,1.421982528007192,0.7178865356202236,0.8291116899659319,0.7294024152519538,1.260826739470835,0.713878745908916,1.3,1.4587018795321947,0.7308396164706201,0.9188569825108338,0.710991264003596,1.0501880659048397,0.7464600061181239,0.7542058662580339,0.734824740275009,0.7364893069385405,1.011264188252127,0.8754300401658357,1.3,1.4538192025145489,0.8294840451520017,0.7330856878788844,1.2804452504749844,1.1735502782464933,1.0102952913924212,1.4808117810094412,0.8281957020330061,0.7878683764012385,0.9059548017211029,1.4305964056860305,0.80121459659802,0.744286191743109,0.7235689043381366,0.7850109319141857,0.8141350280164561,0.7136271510211112,0.8909743047839448,0.7563874867051072,0.9145350289857985,1.3,1.2330076035653628,0.7395833356718917,0.7632404932642476,0.710991264003596,0.9196905326997344,1.11466777940299,0.7193563100086382,0.7606296911230768,0.7472831252648078,0.7226968529554212,0.8175820414021339,1.453880322321404,0.8769388051236248,0.8301690033314396,1.0433423417767458,0.7118104188124845,0.7355693277819144,0.7215710058043612,0.7282185200283575,0.7956570186357133,0.747245984658354,0.7833569863347235,0.7377529611675036,0.7757146426428169,0.710991264003596,0.7401808752728796,0.808855246809386,0.7261729038058975,0.7273041234315016,0.710991264003596,0.8178329025956641
9,1,0.7851107141983619,1.3,0.8938534369497243,0.744647992282889,1.421982528007192,0.8500456873833169,0.710991264003596,1.3,0.8882889540987564,0.7472054003366577,0.7339238870953962,0.7354141545750863,0.7717865951503811,0.805419762454434,0.7566599479587888,0.7754587708741263,0.7284948456868829,0.7519602140072876,0.7460311089187506,0.7572452426352019,0.710991264003596,0.710991264003596,0.7266221306243865,0.7688921853291073,0.8183785762268797,0.9173617918114169,0.8696934512480053,0.8162655865395517,0.8242586020205542,1.421982528007192,1.421982528007192,0.8291116899659319,0.7294024152519538,1.260826739470835,0.713878745908916,0.7273914417454357,0.8841458073296584,0.7308396164706201,0.9188569825108338,0.710991264003596,1.0501880659048397,0.7464600061181239,1.4306325754890787,0.734824740275009,0.7364893069385405,1.011264188252127,0.8754300401658357,1.3,1.4538192025145489,0.8294840451520017,0.7330856878788844,1.2804452504749844,1.1735502782464933,1.0102952913924212,1.4808117810094412,0.8281957020330061,0.7878683764012385,0.9059548017211029,1.4305964056860305,0.80121459659802,0.744286191743109,0.7235689043381366,0.7850109319141857,0.8141350280164561,0.7136271510211112,0.7319036032888458,0.9051568544720451,0.8411838466989252,0.8515559761537055,1.2330076035653628,0.7395833356718917,1.0809892823576286,0.710991264003596,0.9196905326997344,1.11466777940299,1.5683387596528444,0.7606296911230768,0.7472831252648078,0.7226968529554212,0.8862446602642914,0.8258397213395553,0.8769388051236248,0.8301690033314396,0.7348393319432336,0.7177148498632625,0.7355693277819144,0.7222156055000932,0.7400440890588108,0.8037308508580385,0.9804288488122727,0.7898870826160348,1.421982528007192,0.825137808057343,0.760714016216915,0.7124765534795794,1.0229283158231393,0.7412451288749284,0.7534143422261617,0.7135972568752817,1.4644063928320552
9,2,0.7851107141983619,1.3,0.8938534369497243,0.744647992282889,1.421982528007192,0.8500456873833169,0.710991264003596,1.3,0.8882889540987564,0.7472054003366577,0.7339238870953962,0.7354141545750863,0.7717865951503811,0.805419762454434,0.7566599479587888,0.7754587708741263,0.7284948456868829,0.7519602140072876,0.7460311089187506,0.7572452426352019,0.710991264003596,0.710991264003596,0.7266221306243865,0.7688921853291073,0.8183785762268797,0.9173617918114169,1.5031208576733324,0.8162655865395517,0.8242586020205542,1.421982528007192,1.421982528007192,0.8291116899659319,0.7294024152519538,1.260826739470835,0.713878745908916,0.7273914417454357,0.8841458073296584,0.7308396164706201,0.9188569825108338,0.710991264003596,1.0501880659048397,0.7464600061181239,1.4306325754890787,0.734824740275009,0.7364893069385405,1.011264188252127,0.8754300401658357,1.3,1.4538192025145489,0.8294840451520017,0.7330856878788844,1.2804452504749844,1.1735502782464933,1.0102952913924212,1.4808117810094412,0.8281957020330061,0.7878683764012385,1.5221468346899085,1.4305964056860305,0.80121459659802,0.744286191743109,0.7235689043381366,0.7850109319141857,0.7824610848552604,0.8013165485858623,0.7319036032888458,0.9051568544720451,0.8411838466989252,1.4808233127689698,1.2330076035653628,0.7395833356718917,1.0809892823576286,0.710991264003596,0.9196905326997344,1.11466777940299,1.5683387596528444,0.7606296911230768,0.7472831252648078,0.7226968529554212,0.9183413189274529,0.8403202487426583,0.713495557668083,0.8079712151206558,0.7348393319432336,0.7168522149671241,0.7355693277819144,0.7222156055000932,0.7400440890588108,0.8037308508580385,0.9288791405457784,0.7545059444931818,1.421982528007192,0.774193942355351,0.760714016216915,0.7124765534795794,1.00762428549972,0.7650527430367839,0.7534143422261617,0.7156150658598623,1.4389271258956136
9,3,0.7851107141983619,1.3,0.8938534369497243,1.5098817665945146,1.421982528007192,0.8500456873833169,0.710991264003596,1.3,0.8882889540987564,0.7472054003366577,0.7339238870953962,0.7354141545750863,0.7717865951503811,0.805419762454434,0.7566599479587888,0.7754587708741263,0.7284948456868829,0.7519602140072876,0.7460311089187506,0.7572452426352019,0.710991264003596,0.710991264003596,0.7266221306243865,0.7688921853291073,0.8183785762268797,0.9173617918114169,1.5031208576733324,0.8162655865395517,0.8242586020205542,1.421982528007192,1.421982528007192,0.8291116899659319,0.7294024152519538,1.260826739470835,0.713878745908916,0.7273914417454357,0.8841458073296584,0.7308396164706201,0.9188569825108338,0.710991264003596,1.0501880659048397,0.7464600061181239,1.4306325754890787,0.734824740275009,0.7364893069385405,1.011264188252127,0.8754300401658357,1.3,1.4538192025145489,0.8294840451520017,0.7330856878788844,0.7561347875628063,0.8195761465621901,1.0102952913924212,1.4808117810094412,0.8281957020330061,0.7878683764012385,1.5221468346899085,1.4305964056860305,0.80121459659802,0.744286191743109,0.7235689043381366,0.7850109319141857,0.7824610848552604,0.8013165485858623,0.7319036032888458,0.9051568544720451,0.8411838466989252,1.4808233127689698,1.2330076035653628,0.7395833356718917,1.0809892823576286,0.710991264003596,0.9196905326997344,1.11466777940299,1.5683387596528444,0.8119131348245651,0.7472831252648078,0.7226968529554212,0.9183413189274529,0.8403202487426583,0.713495557668083,0.8079712151206558,0.7348393319432336,0.7168522149671241,0.7355693277819144,0.7222156055000932,0.7537120809827607,0.7457896571265143,0.9288791405457784,0.7545059444931818,1.421982528007192,0.774193942355351,0.7415059017247266,0.7142616232814079,1.00762428549972,0.7650527430367839,0.7601637396810864,0.7156150658598623,1.4361917874078207
9,4,0.7851107141983619,1.3,0.8938534369497243,1.5098817665945146,1.421982528007192,0.8500456873833169,0.710991264003596,1.3,0.8882889540987564,0.7472054003366577,0.7339238870953962,0.7354141545750863,0.7717865951503811,0.805419762454434,0.7566599479587888,0.7754587708741263,0.7284948456868829,0.7519602140072876,0.7460311089187506,0.7572452426352019,0.710991264003596,0.710991264003596,0.7266221306243865,0.7688921853291073,0.8183785762268797,0.9173617918114169,1.5031208576733324,0.8162655865395517,0.8242586020205542,1.421982528007192,1.421982528007192,0.8291116899659319,0.7294024152519538,1.260826739470835,0.713878745908916,0.7273914417454357,0.8841458073296584,0.7308396164706201,0.9188569825108338,0.710991264003596,1.0501880659048397,0.7464600061181239,1.4306325754890787,0.734824740275009,0.7364893069385405,1.011264188252127,0.8754300401658357,1.3,1.4538192025145489,0.8294840451520017,0.7330856878788844,0.7561347875628063,0.8195761465621901,1.0102952913924212,1.4808117810094412,0.8281957020330061,0.7878683764012385,1.5221468346899085,1.4305964056860305,0.80121459659802,0.744286191743109,0.7235689043381366,0.7850109319141857,0.7824610848552604,0.8013165485858623,0.7319036032888458,0.9051568544720451,0.8411838466989252,1.4808233127689698,1.2330076035653628,0.7395833356718917,1.0809892823576286,0.710991264003596,0.9196905326997344,1.11466777940299,1.5683387596528444,0.8119131348245651,0.7472831252648078,0.7226968529554212,0.9183413189274529,0.8403202487426583,0.713495557668083,0.8079712151206558,0.7348393319432336,0.7168522149671241,0.7355693277819144,0.7222156055000932,0.7537120809827607,0.7457896571265143,0.9288791405457784,0.7545059444931818,1.421982528007192,0.774193942355351,0.7415059017247266,0.7142616232814079,1.00762428549972,0.7650527430367839,0.7601637396810864,0.7156150658598623,1.4361917874078207
9,5,0.7851107141983619,1.3,0.8938534369497243,1.5098817665945146,1.421982528007192,0.8500456873833169,0.710991264003596,1.3,0.8882889540987564,0.7472054003366577,0.7339238870953962,0.7354141545750863,0.7717865951503811,0.805419762454434,0.7566599479587888,0.7754587708741263,0.7284948456868829,0.7519602140072876,0.7460311089187506,0.7572452426352019,0.710991264003596,0.710991264003596,0.7266221306243865,0.7688921853291073,0.8183785762268797,0.9173617918114169,1.5031208576733324,0.8162655865395517,0.8242586020205542,1.421982528007192,1.421982528007192,0.8291116899659319,0.7294024152519538,1.260826739470835,0.713878745908916,0.7273914417454357,0.8841458073296584,0.7308396164706201,0.9188569825108338,0.710991264003596,1.0501880659048397,0.7464600061181239,1.4306325754890787,0.734824740275009,0.7364893069385405,1.011264188252127,0.8754300401658357,1.3,1.4538192025145489,0.8294840451520017,0.7330856878788844,0.7561347875628063,0.8195761465621901,1.0102952913924212,1.4808117810094412,0.8281957020330061,0.7878683764012385,1.5221468346899085,1.4305964056860305,0.80121459659802,0.744286191743109,0.7235689043381366,0.7850109319141857,0.7824610848552604,0.8013165485858623,0.7319036032888458,0.9051568544720451,0.8411838466989252,1.4808233127689698,1.2330076035653628,0.7395833356718917,1.0809892823576286,0.710991264003596,0.9196905326997344,1.11466777940299,1.5683387596528444,0.8119131348245651,0.7472831252648078,0.7226968529554212,0.9183413189274529,0.8403202487426583,0.713495557668083,0.8079712151206558,0.7348393319432336,0.7168522149671241,0.7355693277819144,0.7222156055000932,0.7537120809827607,0.7457896571265143,0.9288791405457784,0.7545059444931818,1.421982528007192,0.774193942355351,0.7415059017247266,0.7142616232814079,1.00762428549972,0.7650527430367839,0.7601637396810864,0.7156150658598623,1.4361917874078207
9,6,0.7851107141983619,1.3,0.8938534369497243,1.5098817665945146,1.421982528007192,0.8500456873833169,0.710991264003596,1.3,0.8882889540987564,0.7472054003366577,0.7339238870953962,0.7354141545750863,0.7717865951503811,0.805419762454434,0.7566599479587888,0.7754587708741263,0.7284948456868829,0.7519602140072876,0.7460311089187506,0.7572452426352019,0.710991264003596,0.710991264003596,0.7266221306243865,0.7688921853291073,0.8183785762268797,0.9173617918114169,1.5031208576733324,0.8162655865395517,0.8242586020205542,1.421982528007192,1.421982528007192,0.8291116899659319,0.7294024152519538,1.260826739470835,0.713878745908916,0.7273914417454357,0.8841458073296584,0.7308396164706201,0.9188569825108338,0.710991264003596,1.0501880659048397,0.7464600061181239,1.4306325754890787,0.734824740275009,0.7364893069385405,1.011264188252127,0.8754300401658357,1.3,1.4538192025145489,0.8294840451520017,0.7330856878788844,0.7561347875628063,0.8195761465621901,1.0102952913924212,1.4808117810094412,0.8281957020330061,0.7878683764012385,1.5221468346899085,1.4305964056860305,0.80121459659802,0.744286191743109,0.7235689043381366,0.7850109319141857,0.7824610848552604,0.8013165485858623,0.7319036032888458,0.9051568544720451,0.8411838466989252,1.4808233127689698,1.2330076035653628,0.7395833356718917,1.0809892823576286,0.710991264003596,0.9196905326997344,1.11466777940299,1.5683387596528444,0.8119131348245651,0.7472831252648078,0.7226968529554212,0.9183413189274529,0.8403202487426583,0.713495557668083,0.8079712151206558,0.7348393319432336,0.7168522149671241,0.7355693277819144,0.7222156055000932,0.7537120809827607,0.7457896571265143,0.9288791405457784,0.7545059444931818,1.421982528007192,0.774193942355351,0.7415059017247266,0.7142616232814079,1.00762428549972,0.7650527430367839,0.7601637396810864,0.7156150658598623,1.4361917874078207
9,7,0.7851107141983619,1.3,0.8938534369497243,1.5098817665945146,1.421982528007192,0.8500456873833169,0.710991264003596,1.3,0.8882889540987564,0.7472054003366577,0.7339238870953962,0.7354141545750863,0.7717865951503811,0.805419762454434,0.7566599479587888,0.7754587708741263,0.7284948456868829,0.7519602140072876,0.7460311089187506,0.7572452426352019,0.710991264003596,0.710991264003596,0.7266221306243865,0.7688921853291073,0.8183785762268797,0.9173617918114169,1.5031208576733324,0.8162655865395517,0.8242586020205542,1.421982528007192,1.421982528007192,0.8291116899659319,0.7294024152519538,1.260826739470835,0.713878745908916,0.7273914417454357,0.8841458073296584,0.7308396164706201,0.9188569825108338,0.710991264003596,1.0501880659048397,0.7464600061181239,1.4306325754890787,0.734824740275009,0.7364893069385405,1.011264188252127,0.8754300401658357,1.3,1.4538192025145489,0.8294840451520017,0.7330856878788844,0.7561347875628063,0.8195761465621901,1.0102952913924212,1.4808117810094412,0.8281957020330061,0.7878683764012385,1.5221468346899085,1.4305964056860305,0.80121459659802,0.744286191743109,0.7235689043381366,0.7850109319141857,0.7824610848552604,0.8013165485858623,0.7319036032888458,0.9051568544720451,0.8411838466989252,1.4808233127689698,1.2330076035653628,0.7395833356718917,1.0809892823576286,0.710991264003596,0.9196905326997344,1.11466777940299,1.5683387596528444,0.8119131348245651,0.7472831252648078,0.7226968529554212,0.9183413189274529,0.8403202487426583,0.713495557668083,0.8079712151206558,0.7348393319432336,0.7168522149671241,0.7355693277819144,0.7222156055000932,0.7537120809827607,0.7457896571265143,0.9288791405457784,0.7545059444931818,1.421982528007192,0.774193942355351,0.7415059017247266,0.7142616232814079,1.00762428549972,0.7650527430367839,0.7601637396810864,0.7156150658598623,1.4361917874078207
9,8,0.7851107141983619,1.3,0.8938534369497243,1.5098817665945146,1.421982528007192,0.8500456873833169,0.710991264003596,1.3,0.8882889540987564,0.7472054003366577,0.7339238870953962,0.7354141545750863,0.7717865951503811,0.805419762454434,0.7566599479587888,0.7754587708741263,0.7284948456868829,0.7519602140072876,0.7460311089187506,0.7572452426352019,0.710991264003596,0.710991264003596,0.7266221306243865,0.7688921853291073,0.8183785762268797,0.9173617918114169,1.5031208576733324,0.8162655865395517,0.8242586020205542,1.421982528007192,1.421982528007192,0.8291116899659319,0.7294024152519538,1.260826739470835,0.713878745908916,0.7273914417454357,0.8841458073296584,0.7308396164706201,0.9188569825108338,0.710991264003596,1.0501880659048397,0.7464600061181239,1.4306325754890787,0.734824740275009,0.7364893069385405,1.011264188252127,0.8754300401658357,1.3,1.4538192025145489,0.8294840451520017,0.7330856878788844,0.7561347875628063,0.8195761465621901,1.0102952913924212,1.4808117810094412,0.8281957020330061,0.7878683764012385,1.5221468346899085,1.4305964056860305,0.80121459659802,0.744286191743109,0.7235689043381366,0.7850109319141857,0.7824610848552604,0.8013165485858623,0.7319036032888458,0.9051568544720451,0.8411838466989252,1.4808233127689698,1.2330076035653628,0.7395833356718917,1.0809892823576286,0.710991264003596,0.9196905326997344,1.11466777940299,1.5683387596528444,0.8119131348245651,0.7472831252648078,0.7226968529554212,0.9183413189274529,0.8403202487426583,0.713495557668083,0.8079712151206558,0.7348393319432336,0.7168522149671241,0.7355693277819144,0.7222156055000932,0.7537120809827607,0.7457896571265143,0.9288791405457784,0.7545059444931818,1.421982528007192,0.774193942355351,0.7415059017247266,0.7142616232814079,1.00762428549972,0.7650527430367839,0.7601637396810864,0.7156150658598623,1.4361917874078207
9,9,0.7851107141983619,1.3,0.8938534369497243,1.5098817665945146,1.421982528007192,0.8500456873833169,0.710991264003596,1.3,0.8882889540987564,0.7472054003366577,0.7339238870953962,0.7354141545750863,0.7717865951503811,0.805419762454434,0.7566599479587888,0.7754587708741263,0.7284948456868829,0.7519602140072876,0.7460311089187506,0.7572452426352019,0.710991264003596,0.710991264003596,0.7266221306243865,0.7688921853291073,0.8183785762268797,0.9173617918114169,1.5031208576733324,0.8162655865395517,0.8242586020205542,1.421982528007192,1.421982528007192,0.8291116899659319,0.7294024152519538,1.260826739470835,0.713878745908916,0.7273914417454357,0.8841458073296584,0.7308396164706201,0.9188569825108338,0.710991264003596,1.0501880659048397,0.7464600061181239,1.4306325754890787,0.734824740275009,0.7364893069385405,1.011264188252127,0.8754300401658357,1.3,1.4538192025145489,0.8294840451520017,0.7330856878788844,0.7561347875628063,0.8195761465621901,1.0102952913924212,1.4808117810094412,0.8281957020330061,0.7878683764012385,1.5221468346899085,1.4305964056860305,0.80121459659802,0.744286191743109,0.7235689043381366,0.7850109319141857,0.7824610848552604,0.8013165485858623,0.7319036032888458,0.9051568544720451,0.8411838466989252,1.4808233127689698,1.2330076035653628,0.7395833356718917,1.0809892823576286,0.710991264003596,0.9196905326997344,1.11466777940299,1.5683387596528444,0.8119131348245651,0.7472831252648078,0.7226968529554212,0.9183413189274529,0.8403202487426583,0.713495557668083,0.8079712151206558,0.7348393319432336,0.7168522149671241,0.7355693277819144,0.7222156055000932,0.7537120809827607,0.7457896571265143,0.9288791405457784,0.7545059444931818,1.421982528007192,0.774193942355351,0.7415059017247266,0.7142616232814079,1.00762428549972,0.7650527430367839,0.7601637396810864,0.7156150658598623,1.4361917874078207
9,10,0.7851107141983619,1.3,0.8938534369497243,1.5098817665945146,1.421982528007192,0.8500456873833169,0.710991264003596,1.3,0.8882889540987564,0.7472054003366577,0.7339238870953962,0.7354141545750863,0.7717865951503811,0.805419762454434,0.7566599479587888,0.7754587708741263,0.7284948456868829,0.7519602140072876,0.7460311089187506,0.7572452426352019,0.710991264003596,0.710991264003596,0.7266221306243865,0.7688921853291073,0.8183785762268797,0.9173617918114169,1.5031208576733324,0.8162655865395517,0.8242586020205542,1.421982528007192,1.421982528007192,0.8291116899659319,0.7294024152519538,1.260826739470835,0.713878745908916,0.7273914417454357,0.8841458073296584,0.7308396164706201,0.9188569825108338,0.710991264003596,1.0501880659048397,0.7464600061181239,1.4306325754890787,0.734824740275009,0.7364893069385405,1.011264188252127,0.8754300401658357,1.3,1.4538192025145489,0.8294840451520017,0.7330856878788844,0.7561347875628063,0.8195761465621901,1.0102952913924212,1.4808117810094412,0.8281957020330061,0.7878683764012385,1.5221468346899085,1.4305964056860305,0.80121459659802,0.744286191743109,0.7235689043381366,0.7850109319141857,0.7824610848552604,0.8013165485858623,0.7319036032888458,0.9051568544720451,0.8411838466989252,1.4808233127689698,1.2330076035653628,0.7395833356718917,1.0809892823576286,0.710991264003596,0.9196905326997344,1.11466777940299,1.5683387596528444,0.8119131348245651,0.7472831252648078,0.7226968529554212,0.9183413189274529,0.8403202487426583,0.713495557668083,0.8079712151206558,0.7348393319432336,0.7168522149671241,0.7355693277819144,0.7222156055000932,0.7537120809827607,0.7457896571265143,0.9288791405457784,0.7545059444931818,1.421982528007192,0.774193942355351,0.7415059017247266,0.7142616232814079,1.00762428549972,0.7650527430367839,0.7601637396810864,0.7156150658598623,1.4361917874078207
9,11,0.7851107141983619,1.3,0.8938534369497243,1.5098817665945146,1.421982528007192,0.8500456873833169,0.710991264003596,1.3,0.8882889540987564,0.7472054003366577,0.7339238870953962,0.7354141545750863,0.7717865951503811,0.805419762454434,0.7566599479587888,0.7754587708741263,0.7284948456868829,0.7519602140072876,0.7460311089187506,0.7572452426352019,0.710991264003596,0.710991264003596,0.7266221306243865,0.7688921853291073,0.8183785762268797,0.9173617918114169,1.5031208576733324,0.8162655865395517,0.8242586020205542,1.421982528007192,1.421982528007192,0.8291116899659319,0.7294024152519538,1.260826739470835,0.713878745908916,0.7273914417454357,0.8841458073296584,0.7308396164706201,0.9188569825108338,0.710991264003596,1.0501880659048397,0.7464600061181239,1.4306325754890787,0.734824740275009,0.7364893069385405,1.011264188252127,0.8754300401658357,1.3,1.4538192025145489,0.8294840451520017,0.7330856878788844,0.7561347875628063,0.8195761465621901,1.0102952913924212,1.4808117810094412,0.8281957020330061,0.7878683764012385,1.5221468346899085,1.4305964056860305,0.80121459659802,0.744286191743109,0.7235689043381366,0.7850109319141857,0.7824610848552604,0.8013165485858623,0.7319036032888458,0.9051568544720451,0.8411838466989252,1.4808233127689698,1.2330076035653628,0.7395833356718917,1.0809892823576286,0.710991264003596,0.9196905326997344,1.11466777940299,1.5683387596528444,0.8119131348245651,0.7472831252648078,0.7226968529554212,0.9183413189274529,0.8403202487426583,0.713495557668083,0.8079712151206558,0.7348393319432336,0.7168522149671241,0.7355693277819144,0.7222156055000932,0.7537120809827607,0.7457896571265143,0.9288791405457784,0.7545059444931818,1.421982528007192,0.774193942355351,0.7415059017247266,0.7142616232814079,1.00762428549972,0.7650527430367839,0.7601637396810864,0.7156150658598623,1.4361917874078207
9,12,0.7851107141983619,1.3,0.8938534369497243,1.5098817665945146,1.421982528007192,0.8500456873833169,0.710991264003596,1.3,0.8882889540987564,0.7472054003366577,0.7339238870953962,0.7354141545750863,0.7717865951503811,0.805419762454434,0.7566599479587888,0.7754587708741263,0.7284948456868829,0.7519602140072876,0.7460311089187506,0.7572452426352019,0.710991264003596,0.710991264003596,0.7266221306243865,0.7688921853291073,0.8183785762268797,0.9173617918114169,1.5031208576733324,0.8162655865395517,0.8242586020205542,1.421982528007192,1.421982528007192,0.8291116899659319,0.7294024152519538,1.260826739470835,0.713878745908916,0.7273914417454357,0.8841458073296584,0.7308396164706201,0.9188569825108338,0.710991264003596,1.0501880659048397,0.7464600061181239,1.4306325754890787,0.734824740275009,0.7364893069385405,1.011264188252127,0.8754300401658357,1.3,1.4538192025145489,0.8294840451520017,0.7330856878788844,0.7561347875628063,0.8195761465621901,1.0102952913924212,1.4808117810094412,0.8281957020330061,0.7878683764012385,1.5221468346899085,1.4305964056860305,0.80121459659802,0.744286191743109,0.7235689043381366,0.7850109319141857,0.7824610848552604,0.8013165485858623,0.7319036032888458,0.9051568544720451,0.8411838466989252,1.4808233127689698,1.2330076035653628,0.7395833356718917,1.0809892823576286,0.710991264003596,0.9196905326997344,1.11466777940299,1.5683387596528444,0.8119131348245651,0.7472831252648078,0.7226968529554212,0.9183413189274529,0.8403202487426583,0.713495557668083,0.8079712151206558,0.7348393319432336,0.7168522149671241,0.7355693277819144,0.7222156055000932,0.7537120809827607,0.7457896571265143,0.9288791405457784,0.7545059444931818,1.421982528007192,0.774193942355351,0.7415059017247266,0.7142616232814079,1.00762428549972,0.7650527430367839,0.7601637396810864,0.7156150658598623,1.4361917874078207
9,13,0.7851107141983619,1.3,0.8938534369497243,1.5098817665945146,1.421982528007192,0.8500456873833169,0.710991264003596,1.3,0.8882889540987564,0.7472054003366577,0.7339238870953962,0.7354141545750863,0.7717865951503811,0.805419762454434,0.7566599479587888,0.7754587708741263,0.7284948456868829,0.7519602140072876,0.7460311089187506,0.7572452426352019,0.710991264003596,0.710991264003596,0.7266221306243865,0.7688921853291073,0.8183785762268797,0.9173617918114169,1.5031208576733324,0.8162655865395517,0.8242586020205542,1.421982528007192,1.421982528007192,0.8291116899659319,0.7294024152519538,1.260826739470835,0.713878745908916,0.7273914417454357,0.8841458073296584,0.7308396164706201,0.9188569825108338,0.710991264003596,1.0501880659048397,0.7464600061181239,1.4306325754890787,0.734824740275009,0.7364893069385405,1.011264188252127,0.8754300401658357,1.3,1.4538192025145489,0.8294840451520017,0.7330856878788844,0.7561347875628063,0.8195761465621901,1.0102952913924212,1.4808117810094412,0.8281957020330061,0.7878683764012385,1.5221468346899085,1.4305964056860305,0.80121459659802,0.744286191743109,0.7235689043381366,0.7850109319141857,0.7824610848552604,0.8013165485858623,0.7319036032888458,0.9051568544720451,0.8411838466989252,1.4808233127689698,1.2330076035653628,0.7395833356718917,1.0809892823576286,0.710991264003596,0.9196905326997344,1.11466777940299,1.5683387596528444,0.8119131348245651,0.7472831252648078,0.7226968529554212,0.9183413189274529,0.8403202487426583,0.713495557668083,0.8079712151206558,0.7348393319432336,0.7168522149671241,0.7355693277819144,0.7222156055000932,0.7537120809827607,0.7457896571265143,0.9288791405457784,0.7545059444931818,1.421982528007192,0.774193942355351,0.7415059017247266,0.7142616232814079,1.00762428549972,0.7650527430367839,0.7601637396810864,0.7156150658598623,1.4361917874078207
9,14,0.7851107141983619,1.3,0.8938534369497243,1.5098817665945146,1.421982528007192,0.8500456873833169,0.710991264003596,1.3,0.8882889540987564,0.7472054003366577,0.7339238870953962,0.7354141545750863,0.7717865951503811,0.805419762454434,0.7566599479587888,0.7754587708741263,0.7284948456868829,0.7519602140072876,0.7460311089187506,0.7572452426352019,0.710991264003596,0.710991264003596,0.7266221306243865,0.7688921853291073,0.8183785762268797,0.9173617918114169,1.5031208576733324,0.8162655865395517,0.8242586020205542,1.421982528007192,1.421982528007192,0.8291116899659319,0.7294024152519538,1.260826739470835,0.713878745908916,0.7273914417454357,0.8841458073296584,0.7308396164706201,0.9188569825108338,0.710991264003596,1.0501880659048397,0.7464600061181239,1.4306325754890787,0.734824740275009,0.7364893069385405,1.011264188252127,0.8754300401658357,1.3,1.4538192025145489,0.8294840451520017,0.7330856878788844,0.7561347875628063,0.8195761465621901,1.0102952913924212,1.4808117810094412,0.8281957020330061,0.7878683764012385,1.5221468346899085,1.4305964056860305,0.80121459659802,0.744286191743109,0.7235689043381366,0.7850109319141857,0.7824610848552604,0.8013165485858623,0.7319036032888458,0.9051568544720451,0.8411838466989252,1.4808233127689698,1.2330076035653628,0.7395833356718917,1.0809892823576286,0.710991264003596,0.9196905326997344,1.11466777940299,1.5683387596528444,0.8119131348245651,0.7472831252648078,0.7226968529554212,0.9183413189274529,0.8403202487426583,0.713495557668083,0.8079712151206558,0.7348393319432336,0.7168522149671241,0.7355693277819144,0.7222156055000932,0.7537120809827607,0.7457896571265143,0.9288791405457784,0.7545059444931818,1.421982528007192,0.774193942355351,0.7415059017247266,0.7142616232814079,1.00762428549972,0.7650527430367839,0.7601637396810864,0.7156150658598623,1.4361917874078207
9,15,0.7851107141983619,1.3,0.8938534369497243,1.5098817665945146,1.421982528007192,0.8500456873833169,0.710991264003596,1.3,0.8882889540987564,0.7472054003366577,0.7339238870953962,0.7354141545750863,0.7717865951503811,0.805419762454434,0.7566599479587888,0.7754587708741263,0.7284948456868829,0.7519602140072876,0.7460311089187506,0.7572452426352019,0.710991264003596,0.710991264003596,0.7266221306243865,0.7688921853291073,0.8183785762268797,0.9173617918114169,1.5031208576733324,0.8162655865395517,0.8242586020205542,1.421982528007192,1.421982528007192,0.8291116899659319,0.7294024152519538,1.260826739470835,0.713878745908916,0.7273914417454357,0.8841458073296584,0.7308396164706201,0.9188569825108338,0.710991264003596,1.0501880659048397,0.7464600061181239,1.4306325754890787,0.734824740275009,0.7364893069385405,1.011264188252127,0.8754300401658357,1.3,1.4538192025145489,0.8294840451520017,0.7330856878788844,0.7561347875628063,0.8195761465621901,1.0102952913924212,1.4808117810094412,0.8281957020330061,0.7878683764012385,1.5221468346899085,1.4305964056860305,0.80121459659802,0.744286191743109,0.7235689043381366,0.7850109319141857,0.7824610848552604,0.8013165485858623,0.7319036032888458,0.9051568544720451,0.8411838466989252,1.4808233127689698,1.2330076035653628,0.7395833356718917,1.0809892823576286,0.710991264003596,0.9196905326997344,1.11466777940299,1.5683387596528444,0.8119131348245651,0.7472831252648078,0.7226968529554212,0.9183413189274529,0.8403202487426583,0.713495557668083,0.8079712151206558,0.7348393319432336,0.7168522149671241,0.7355693277819144,0.7222156055000932,0.7537120809827607,0.7457896571265143,0.9288791405457784,0.7545059444931818,1.421982528007192,0.774193942355351,0.7415059017247266,0.7142616232814079,1.00762428549972,0.7650527430367839,0.7601637396810864,0.7156150658598623,1.4361917874078207
9,16,0.7851107141983619,1.3,0.8938534369497243,1.5098817665945146,1.421982528007192,0.8500456873833169,0.710991264003596,1.3,0.8882889540987564,0.7472054003366577,0.7339238870953962,0.7354141545750863,0.7717865951503811,0.805419762454434,0.7566599479587888,0.7754587708741263,0.7284948456868829,0.7519602140072876,0.7460311089187506,0.7572452426352019,0.710991264003596,0.710991264003596,0.7266221306243865,0.7688921853291073,0.8183785762268797,0.9173617918114169,1.5031208576733324,0.8162655865395517,0.8242586020205542,1.421982528007192,1.421982528007192,0.8291116899659319,0.7294024152519538,1.260826739470835,0.713878745908916,0.7273914417454357,0.8841458073296584,0.7308396164706201,0.9188569825108338,0.710991264003596,1.0501880659048397,0.7464600061181239,1.4306325754890787,0.734824740275009,0.7364893069385405,1.011264188252127,0.8754300401658357,1.3,1.4538192025145489,0.8294840451520017,0.7330856878788844,0.7561347875628063,0.8195761465621901,1.0102952913924212,1.4808117810094412,0.8281957020330061,0.7878683764012385,1.5221468346899085,1.4305964056860305,0.80121459659802,0.744286191743109,0.7235689043381366,0.7850109319141857,0.7824610848552604,0.8013165485858623,0.7319036032888458,0.9051568544720451,0.8411838466989252,1.4808233127689698,1.2330076035653628,0.7395833356718917,1.0809892823576286,0.710991264003596,0.9196905326997344,1.11466777940299,1.5683387596528444,0.8119131348245651,0.7472831252648078,0.7226968529554212,0.9183413189274529,0.8403202487426583,0.713495557668083,0.8079712151206558,0.7348393319432336,0.7168522149671241,0.7355693277819144,0.7222156055000932,0.7537120809827607,0.7457896571265143,0.9288791405457784,0.7545059444931818,1.421982528007192,0.774193942355351,0.7415059017247266,0.7142616232814079,1.00762428549972,0.7650527430367839,0.7601637396810864,0.7156150658598623,1.4361917874078207
9,17,0.7851107141983619,1.3,0.8938534369497243,1.5098817665945146,1.421982528007192,0.8500456873833169,0.710991264003596,1.3,0.8882889540987564,0.7472054003366577,0.7339238870953962,0.7354141545750863,0.7717865951503811,0.805419762454434,0.7566599479587888,0.7754587708741263,0.7284948456868829,0.7519602140072876,0.7460311089187506,0.7572452426352019,0.710991264003596,0.710991264003596,0.7266221306243865,0.7688921853291073,0.8183785762268797,0.9173617918114169,1.5031208576733324,0.8162655865395517,0.8242586020205542,1.421982528007192,1.421982528007192,0.8291116899659319,0.7294024152519538,1.260826739470835,0.713878745908916,0.7273914417454357,0.8841458073296584,0.7308396164706201,0.9188569825108338,0.710991264003596,1.0501880659048397,0.7464600061181239,1.4306325754890787,0.734824740275009,0.7364893069385405,1.011264188252127,0.8754300401658357,1.3,1.4538192025145489,0.8294840451520017,0.7330856878788844,0.7561347875628063,0.8195761465621901,1.0102952913924212,1.4808117810094412,0.8281957020330061,0.7878683764012385,1.5221468346899085,1.4305964056860305,0.80121459659802,0.744286191743109,0.7235689043381366,0.7850109319141857,0.7824610848552604,0.8013165485858623,0.7319036032888458,0.9051568544720451,0.8411838466989252,1.4808233127689698,1.2330076035653628,0.7395833356718917,1.0809892823576286,0.710991264003596,0.9196905326997344,1.11466777940299,1.5683387596528444,0.8119131348245651,0.7472831252648078,0.7226968529554212,0.9183413189274529,0.8403202487426583,0.713495557668083,0.8079712151206558,0.7348393319432336,0.7168522149671241,0.7355693277819144,0.7222156055000932,0.7537120809827607,0.7457896571265143,0.9288791405457784,0.7545059444931818,1.421982528007192,0.774193942355351,0.7415059017247266,0.7142616232814079,1.00762428549972,0.7650527430367839,0.7601637396810864,0.7156150658598623,1.4361917874078207
9,18,0.7851107141983619,1.3,0.8938534369497243,1.5098817665945146,1.421982528007192,0.8500456873833169,0.710991264003596,1.3,0.8882889540987564,0.7472054003366577,0.7339238870953962,0.7354141545750863,0.7717865951503811,0.805419762454434,0.7566599479587888,0.7754587708741263,0.7284948456868829,0.7519602140072876,0.7460311089187506,0.7572452426352019,0.710991264003596,0.710991264003596,0.7266221306243865,0.7688921853291073,0.8183785762268797,0.9173617918114169,1.5031208576733324,0.8162655865395517,0.8242586020205542,1.421982528007192,1.421982528007192,0.8291116899659319,0.7294024152519538,1.260826739470835,0.713878745908916,0.7273914417454357,0.8841458073296584,0.7308396164706201,0.9188569825108338,0.710991264003596,1.0501880659048397,0.7464600061181239,1.4306325754890787,0.734824740275009,0.7364893069385405,1.011264188252127,0.8754300401658357,1.3,1.4538192025145489,0.8294840451520017,0.7330856878788844,0.7561347875628063,0.8195761465621901,1.0102952913924212,1.4808117810094412,0.8281957020330061,0.7878683764012385,1.5221468346899085,1.4305964056860305,0.80121459659802,0.744286191743109,0.7235689043381366,0.7850109319141857,0.7824610848552604,0.8013165485858623,0.7319036032888458,0.9051568544720451,0.8411838466989252,1.4808233127689698,1.2330076035653628,0.7395833356718917,1.0809892823576286,0.710991264003596,0.9196905326997344,1.11466777940299,1.5683387596528444,0.8119131348245651,0.7472831252648078,0.7226968529554212,0.9183413189274529,0.8403202487426583,0.713495557668083,0.8079712151206558,0.7348393319432336,0.7168522149671241,0.7355693277819144,0.7222156055000932,0.7537120809827607,0.7457896571265143,0.9288791405457784,0.7545059444931818,1.421982528007192,0.774193942355351,0.7415059017247266,0.7142616232814079,1.00762428549972,0.7650527430367839,0.7601637396810864,0.7156150658598623,1.4361917874078207
9,19,0.7851107141983619,1.3,0.8938534369497243,1.5098817665945146,1.421982528007192,0.8500456873833169,0.710991264003596,1.3,0.8882889540987564,0.7472054003366577,0.7339238870953962,0.7354141545750863,0.7717865951503811,0.805419762454434,0.7566599479587888,0.7754587708741263,0.7284948456868829,0.7519602140072876,0.7460311089187506,0.7572452426352019,0.710991264003596,0.710991264003596,0.7266221306243865,0.7688921853291073,0.8183785762268797,0.9173617918114169,1.5031208576733324,0.8162655865395517,0.8242586020205542,1.421982528007192,1.421982528007192,0.8291116899659319,0.7294024152519538,1.260826739470835,0.713878745908916,0.7273914417454357,0.8841458073296584,0.7308396164706201,0.9188569825108338,0.710991264003596,1.0501880659048397,0.7464600061181239,1.4306325754890787,0.734824740275009,0.7364893069385405,1.011264188252127,0.8754300401658357,1.3,1.4538192025145489,0.8294840451520017,0.7330856878788844,0.7561347875628063,0.8195761465621901,1.0102952913924212,1.4808117810094412,0.8281957020330061,0.7878683764012385,1.5221468346899085,1.4305964056860305,0.80121459659802,0.744286191743109,0.7235689043381366,0.7850109319141857,0.7824610848552604,0.8013165485858623,0.7319036032888458,0.9051568544720451,0.8411838466989252,1.4808233127689698,1.2330076035653628,0.7395833356718917,1.0809892823576286,0.710991264003596,0.9196905326997344,1.11466777940299,1.5683387596528444,0.8119131348245651,0.7472831252648078,0.7226968529554212,0.9183413189274529,0.8403202487426583,0.713495557668083,0.8079712151206558,0.7348393319432336,0.7168522149671241,0.7355693277819144,0.7222156055000932,0.7537120809827607,0.7457896571265143,0.9288791405457784,0.7545059444931818,1.421982528007192,0.774193942355351,0.7415059017247266,0.7142616232814079,1.00762428549972,0.7650527430367839,0.7601637396810864,0.7156150658598623,1.4361917874078207
9,20,0.7851107141983619,1.3,0.8938534369497243,1.5098817665945146,1.421982528007192,0.8500456873833169,0.710991264003596,1.3,0.8882889540987564,0.7472054003366577,0.7339238870953962,0.7354141545750863,0.7717865951503811,0.805419762454434,0.7566599479587888,0.7754587708741263,0.7284948456868829,0.7519602140072876,0.7460311089187506,0.7572452426352019,0.710991264003596,0.710991264003596,0.7266221306243865,0.7688921853291073,0.8183785762268797,0.9173617918114169,1.5031208576733324,0.8162655865395517,0.8242586020205542,1.421982528007192,1.421982528007192,0.8291116899659319,0.7294024152519538,1.260826739470835,0.713878745908916,0.7273914417454357,0.8841458073296584,0.7308396164706201,0.9188569825108338,0.710991264003596,1.0501880659048397,0.7464600061181239,1.4306325754890787,0.734824740275009,0.7364893069385405,1.011264188252127,0.8754300401658357,1.3,1.4538192025145489,0.8294840451520017,0.7330856878788844,0.7561347875628063,0.8195761465621901,1.0102952913924212,1.4808117810094412,0.8281957020330061,0.7878683764012385,1.5221468346899085,1.4305964056860305,0.80121459659802,0.744286191743109,0.7235689043381366,0.7850109319141857,0.7824610848552604,0.8013165485858623,0.7319036032888458,0.9051568544720451,0.8411838466989252,1.4808233127689698,1.2330076035653628,0.7395833356718917,1.0809892823576286,0.710991264003596,0.9196905326997344,1.11466777940299,1.5683387596528444,0.8119131348245651,0.7472831252648078,0.7226968529554212,0.9183413189274529,0.8403202487426583,0.713495557668083,0.8079712151206558,0.7348393319432336,0.7168522149671241,0.7355693277819144,0.7222156055000932,0.7537120809827607,0.7457896571265143,0.9288791405457784,0.7545059444931818,1.421982528007192,0.774193942355351,0.7415059017247266,0.7142616232814079,1.00762428549972,0.7650527430367839,0.7601637396810864,0.7156150658598623,1.4361917874078207
9,21,0.7851107141983619,1.3,0.8938534369497243,1.5098817665945146,1.421982528007192,0.8500456873833169,0.710991264003596,1.3,0.8882889540987564,0.7472054003366577,0.7339238870953962,0.7354141545750863,0.7717865951503811,0.805419762454434,0.7566599479587888,0.7754587708741263,0.7284948456868829,0.7519602140072876,0.7460311089187506,0.7572452426352019,0.710991264003596,0.710991264003596,0.7266221306243865,0.7688921853291073,0.8183785762268797,0.9173617918114169,1.5031208576733324,0.8162655865395517,0.8242586020205542,1.421982528007192,1.421982528007192,0.8291116899659319,0.7294024152519538,1.260826739470835,0.713878745908916,0.7273914417454357,0.8841458073296584,0.7308396164706201,0.9188569825108338,0.710991264003596,1.0501880659048397,0.7464600061181239,1.4306325754890787,0.734824740275009,0.7364893069385405,1.011264188252127,0.8754300401658357,1.3,1.4538192025145489,0.8294840451520017,0.7330856878788844,0.7561347875628063,0.8195761465621901,1.0102952913924212,1.4808117810094412,0.8281957020330061,0.7878683764012385,1.5221468346899085,1.4305964056860305,0.80121459659802,0.744286191743109,0.7235689043381366,0.7850109319141857,0.7824610848552604,0.8013165485858623,0.7319036032888458,0.9051568544720451,0.8411838466989252,1.4808233127689698,1.2330076035653628,0.7395833356718917,1.0809892823576286,0.710991264003596,0.9196905326997344,1.11466777940299,1.5683387596528444,0.8119131348245651,0.7472831252648078,0.7226968529554212,0.9183413189274529,0.8403202487426583,0.713495557668083,0.8079712151206558,0.7348393319432336,0.7168522149671241,0.7355693277819144,0.7222156055000932,0.7537120809827607,0.7457896571265143,0.9288791405457784,0.7545059444931818,1.421982528007192,0.774193942355351,0.7415059017247266,0.7142616232814079,1.00762428549972,0.7650527430367839,0.7601637396810864,0.7156150658598623,1.4361917874078207
9,22,0.7851107141983619,1.3,0.8938534369497243,1.5098817665945146,1.421982528007192,0.8500456873833169,0.710991264003596,1.3,0.8882889540987564,0.7472054003366577,0.7339238870953962,0.7354141545750863,0.7717865951503811,0.805419762454434,0.7566599479587888,0.7754587708741263,0.7284948456868829,0.7519602140072876,0.7460311089187506,0.7572452426352019,0.710991264003596,0.710991264003596,0.7266221306243865,0.7688921853291073,0.8183785762268797,0.9173617918114169,1.5031208576733324,0.8162655865395517,0.8242586020205542,1.421982528007192,1.421982528007192,0.8291116899659319,0.7294024152519538,1.260826739470835,0.713878745908916,0.7273914417454357,0.8841458073296584,0.7308396164706201,0.9188569825108338,0.710991264003596,1.0501880659048397,0.7464600061181239,1.4306325754890787,0.734824740275009,0.7364893069385405,1.011264188252127,0.8754300401658357,1.3,1.4538192025145489,0.8294840451520017,0.7330856878788844,0.7561347875628063,0.8195761465621901,1.0102952913924212,1.4808117810094412,0.8281957020330061,0.7878683764012385,1.5221468346899085,1.4305964056860305,0.80121459659802,0.744286191743109,0.7235689043381366,0.7850109319141857,0.7824610848552604,0.8013165485858623,0.7319036032888458,0.9051568544720451,0.8411838466989252,1.4808233127689698,1.2330076035653628,0.7395833356718917,1.0809892823576286,0.710991264003596,0.9196905326997344,1.11466777940299,1.5683387596528444,0.8119131348245651,0.7472831252648078,0.7226968529554212,0.9183413189274529,0.8403202487426583,0.713495557668083,0.8079712151206558,0.7348393319432336,0.7168522149671241,0.7355693277819144,0.7222156055000932,0.7537120809827607,0.7457896571265143,0.9288791405457784,0.7545059444931818,1.421982528007192,0.774193942355351,0.7415059017247266,0.7142616232814079,1.00762428549972,0.7650527430367839,0.7601637396810864,0.7156150658598623,1.4361917874078207
9,23,0.7851107141983619,1.3,0.8938534369497243,1.5098817665945146,1.421982528007192,0.8500456873833169,0.710991264003596,1.3,0.8882889540987564,0.7472054003366577,0.7339238870953962,0.7354141545750863,0.7717865951503811,0.805419762454434,0.7566599479587888,0.7754587708741263,0.7284948456868829,0.7519602140072876,0.7460311089187506,0.7572452426352019,0.710991264003596,0.710991264003596,0.7266221306243865,0.7688921853291073,0.8183785762268797,0.9173617918114169,1.5031208576733324,0.8162655865395517,0.8242586020205542,1.421982528007192,1.421982528007192,0.8291116899659319,0.7294024152519538,1.260826739470835,0.713878745908916,0.7273914417454357,0.8841458073296584,0.7308396164706201,0.9188569825108338,0.710991264003596,1.0501880659048397,0.7464600061181239,1.4306325754890787,0.734824740275009,0.7364893069385405,1.011264188252127,0.8754300401658357,1.3,1.4538192025145489,0.8294840451520017,0.7330856878788844,0.7561347875628063,0.8195761465621901,1.0102952913924212,1.4808117810094412,0.8281957020330061,0.7878683764012385,1.5221468346899085,1.4305964056860305,0.80121459659802,0.744286191743109,0.7235689043381366,0.7850109319141857,0.7824610848552604,0.8013165485858623,0.7319036032888458,0.9051568544720451,0.8411838466989252,1.4808233127689698,1.2330076035653628,0.7395833356718917,1.0809892823576286,0.710991264003596,0.9196905326997344,1.11466777940299,1.5683387596528444,0.8119131348245651,0.7472831252648078,0.7226968529554212,0.9183413189274529,0.8403202487426583,0.713495557668083,0.8079712151206558,0.7348393319432336,0.7168522149671241,0.7355693277819144,0.7222156055000932,0.7537120809827607,0.7457896571265143,0.9288791405457784,0.7545059444931818,1.421982528007192,0.774193942355351,0.7415059017247266,0.7142616232814079,1.00762428549972,0.7650527430367839,0.7601637396810864,0.7156150658598623,1.4361917874078207
9,24,0.7851107141983619,1.3,0.8938534369497243,1.5098817665945146,1.421982528007192,0.8500456873833169,0.710991264003596,1.3,0.8882889540987564,0.7472054003366577,0.7339238870953962,0.7354141545750863,0.7717865951503811,0.805419762454434,0.7566599479587888,0.7754587708741263,0.7284948456868829,0.7519602140072876,0.7460311089187506,0.7572452426352019,0.710991264003596,0.710991264003596,0.7266221306243865,0.7688921853291073,0.8183785762268797,0.9173617918114169,1.5031208576733324,0.8162655865395517,0.8242586020205542,1.421982528007192,1.421982528007192,0.8291116899659319,0.7294024152519538,1.260826739470835,0.713878745908916,0.7273914417454357,0.8841458073296584,0.7308396164706201,0.9188569825108338,0.710991264003596,1.0501880659048397,0.7464600061181239,1.4306325754890787,0.734824740275009,0.7364893069385405,1.011264188252127,0.8754300401658357,1.3,1.4538192025145489,0.8294840451520017,0.7330856878788844,0.7561347875628063,0.8195761465621901,1.0102952913924212,1.4808117810094412,0.8281957020330061,0.7878683764012385,1.5221468346899085,1.4305964056860305,0.80121459659802,0.744286191743109,0.7235689043381366,0.7850109319141857,0.7824610848552604,0.8013165485858623,0.7319036032888458,0.9051568544720451,0.8411838466989252,1.4808233127689698,1.2330076035653628,0.7395833356718917,1.0809892823576286,0.710991264003596,0.9196905326997344,1.11466777940299,1.5683387596528444,0.8119131348245651,0.7472831252648078,0.7226968529554212,0.9183413189274529,0.8403202487426583,0.713495557668083,0.8079712151206558,0.7348393319432336,0.7168522149671241,0.7355693277819144,0.7222156055000932,0.7537120809827607,0.7457896571265143,0.9288791405457784,0.7545059444931818,1.421982528007192,0.774193942355351,0.7415059017247266,0.7142616232814079,1.00762428549972,0.7650527430367839,0.7601637396810864,0.7156150658598623,1.4361917874078207
9,25,0.7851107141983619,1.3,0.8938534369497243,1.5098817665945146,1.421982528007192,0.8500456873833169,0.710991264003596,1.3,0.8882889540987564,0.7472054003366577,0.7339238870953962,0.7354141545750863,0.7717865951503811,0.805419762454434,0.7566599479587888,0.7754587708741263,0.7284948456868829,0.7519602140072876,0.7460311089187506,0.7572452426352019,0.710991264003596,0.710991264003596,0.7266221306243865,0.7688921853291073,0.8183785762268797,0.9173617918114169,1.5031208576733324,0.8162655865395517,0.8242586020205542,1.421982528007192,1.421982528007192,0.8291116899659319,0.7294024152519538,1.260826739470835,0.713878745908916,0.7273914417454357,0.8841458073296584,0.7308396164706201,0.9188569825108338,0.710991264003596,1.0501880659048397,0.7464600061181239,1.4306325754890787,0.734824740275009,0.7364893069385405,1.011264188252127,0.8754300401658357,1.3,1.4538192025145489,0.8294840451520017,0.7330856878788844,0.7561347875628063,0.8195761465621901,1.0102952913924212,1.4808117810094412,0.8281957020330061,0.7878683764012385,1.5221468346899085,1.4305964056860305,0.80121459659802,0.744286191743109,0.7235689043381366,0.7850109319141857,0.7824610848552604,0.8013165485858623,0.7319036032888458,0.9051568544720451,0.8411838466989252,1.4808233127689698,1.2330076035653628,0.7395833356718917,1.0809892823576286,0.710991264003596,0.9196905326997344,1.11466777940299,1.5683387596528444,0.8119131348245651,0.7472831252648078,0.7226968529554212,0.9183413189274529,0.8403202487426583,0.713495557668083,0.8079712151206558,0.7348393319432336,0.7168522149671241,0.7355693277819144,0.7222156055000932,0.7537120809827607,0.7457896571265143,0.9288791405457784,0.7545059444931818,1.421982528007192,0.774193942355351,0.7415059017247266,0.7142616232814079,1.00762428549972,0.7650527430367839,0.7601637396810864,0.7156150658598623,1.4361917874078207
9,26,0.7851107141983619,1.3,0.8938534369497243,1.5098817665945146,1.421982528007192,0.8500456873833169,0.710991264003596,1.3,0.8882889540987564,0.7472054003366577,0.7339238870953962,0.7354141545750863,0.7717865951503811,0.805419762454434,0.7566599479587888,0.7754587708741263,0.7284948456868829,0.7519602140072876,0.7460311089187506,0.7572452426352019,0.710991264003596,0.710991264003596,0.7266221306243865,0.7688921853291073,0.8183785762268797,0.9173617918114169,1.5031208576733324,0.8162655865395517,0.8242586020205542,1.421982528007192,1.421982528007192,0.8291116899659319,0.7294024152519538,1.260826739470835,0.713878745908916,0.7273914417454357,0.8841458073296584,0.7308396164706201,0.9188569825108338,0.710991264003596,1.0501880659048397,0.7464600061181239,1.4306325754890787,0.734824740275009,0.7364893069385405,1.011264188252127,0.8754300401658357,1.3,1.4538192025145489,0.8294840451520017,0.7330856878788844,0.7561347875628063,0.8195761465621901,1.0102952913924212,1.4808117810094412,0.8281957020330061,0.7878683764012385,1.5221468346899085,1.4305964056860305,0.80121459659802,0.744286191743109,0.7235689043381366,0.7850109319141857,0.7824610848552604,0.8013165485858623,0.7319036032888458,0.9051568544720451,0.8411838466989252,1.4808233127689698,1.2330076035653628,0.7395833356718917,1.0809892823576286,0.710991264003596,0.9196905326997344,1.11466777940299,1.5683387596528444,0.8119131348245651,0.7472831252648078,0.7226968529554212,0.9183413189274529,0.8403202487426583,0.713495557668083,0.8079712151206558,0.7348393319432336,0.7168522149671241,0.7355693277819144,0.7222156055000932,0.7537120809827607,0.7457896571265143,0.9288791405457784,0.7545059444931818,1.421982528007192,0.774193942355351,0.7415059017247266,0.7142616232814079,1.00762428549972,0.7650527430367839,0.7601637396810864,0.7156150658598623,1.4361917874078207
9,27,0.7851107141983619,1.3,0.8938534369497243,1.5098817665945146,1.421982528007192,0.8500456873833169,0.710991264003596,1.3,0.8882889540987564,0.7472054003366577,0.7339238870953962,0.7354141545750863,0.7717865951503811,0.805419762454434,0.7566599479587888,0.7754587708741263,0.7284948456868829,0.7519602140072876,0.7460311089187506,0.7572452426352019,0.710991264003596,0.710991264003596,0.7266221306243865,0.7688921853291073,0.8183785762268797,0.9173617918114169,1.5031208576733324,0.8162655865395517,0.8242586020205542,1.421982528007192,1.421982528007192,0.8291116899659319,0.7294024152519538,1.260826739470835,0.713878745908916,0.7273914417454357,0.8841458073296584,0.7308396164706201,0.9188569825108338,0.710991264003596,1.0501880659048397,0.7464600061181239,1.4306325754890787,0.734824740275009,0.7364893069385405,1.011264188252127,0.8754300401658357,1.3,1.4538192025145489,0.8294840451520017,0.7330856878788844,0.7561347875628063,0.8195761465621901,1.0102952913924212,1.4808117810094412,0.8281957020330061,0.7878683764012385,1.5221468346899085,1.4305964056860305,0.80121459659802,0.744286191743109,0.7235689043381366,0.7850109319141857,0.7824610848552604,0.8013165485858623,0.7319036032888458,0.9051568544720451,0.8411838466989252,1.4808233127689698,1.2330076035653628,0.7395833356718917,1.0809892823576286,0.710991264003596,0.9196905326997344,1.11466777940299,1.5683387596528444,0.8119131348245651,0.7472831252648078,0.7226968529554212,0.9183413189274529,0.8403202487426583,0.713495557668083,0.8079712151206558,0.7348393319432336,0.7168522149671241,0.7355693277819144,0.7222156055000932,0.7537120809827607,0.7457896571265143,0.9288791405457784,0.7545059444931818,1.421982528007192,0.774193942355351,0.7415059017247266,0.7142616232814079,1.00762428549972,0.7650527430367839,0.7601637396810864,0.7156150658598623,1.4361917874078207
9,28,0.7851107141983619,1.3,0.8938534369497243,1.5098817665945146,1.421982528007192,0.8500456873833169,0.710991264003596,1.3,0.8882889540987564,0.7472054003366577,0.7339238870953962,0.7354141545750863,0.7717865951503811,0.805419762454434,0.7566599479587888,0.7754587708741263,0.7284948456868829,0.7519602140072876,0.7460311089187506,0.7572452426352019,0.710991264003596,0.710991264003596,0.7266221306243865,0.7688921853291073,0.8183785762268797,0.9173617918114169,1.5031208576733324,0.8162655865395517,0.8242586020205542,1.421982528007192,1.421982528007192,0.8291116899659319,0.7294024152519538,1.260826739470835,0.713878745908916,0.7273914417454357,0.8841458073296584,0.7308396164706201,0.9188569825108338,0.710991264003596,1.0501880659048397,0.7464600061181239,1.4306325754890787,0.734824740275009,0.7364893069385405,1.011264188252127,0.8754300401658357,1.3,1.4538192025145489,0.8294840451520017,0.7330856878788844,0.7561347875628063,0.8195761465621901,1.0102952913924212,1.4808117810094412,0.8281957020330061,0.7878683764012385,1.5221468346899085,1.4305964056860305,0.80121459659802,0.744286191743109,0.7235689043381366,0.7850109319141857,0.7824610848552604,0.8013165485858623,0.7319036032888458,0.9051568544720451,0.8411838466989252,1.4808233127689698,1.2330076035653628,0.7395833356718917,1.0809892823576286,0.710991264003596,0.9196905326997344,1.11466777940299,1.5683387596528444,0.8119131348245651,0.7472831252648078,0.7226968529554212,0.9183413189274529,0.8403202487426583,0.713495557668083,0.8079712151206558,0.7348393319432336,0.7168522149671241,0.7355693277819144,0.7222156055000932,0.7537120809827607,0.7457896571265143,0.9288791405457784,0.7545059444931818,1.421982528007192,0.774193942355351,0.7415059017247266,0.7142616232814079,1.00762428549972,0.7650527430367839,0.7601637396810864,0.7156150658598623,1.4361917874078207
9,29,0.7851107141983619,1.3,0.8938534369497243,1.5098817665945146,1.421982528007192,0.8500456873833169,0.710991264003596,1.3,0.8882889540987564,0.7472054003366577,0.7339238870953962,0.7354141545750863,0.7717865951503811,0.805419762454434,0.7566599479587888,0.7754587708741263,0.7284948456868829,0.7519602140072876,0.7460311089187506,0.7572452426352019,0.710991264003596,0.710991264003596,0.7266221306243865,0.7688921853291073,0.8183785762268797,0.9173617918114169,1.5031208576733324,0.8162655865395517,0.8242586020205542,1.421982528007192,1.421982528007192,0.8291116899659319,0.7294024152519538,1.260826739470835,0.713878745908916,0.7273914417454357,0.8841458073296584,0.7308396164706201,0.9188569825108338,0.710991264003596,1.0501880659048397,0.7464600061181239,1.4306325754890787,0.734824740275009,0.7364893069385405,1.011264188252127,0.8754300401658357,1.3,1.4538192025145489,0.8294840451520017,0.7330856878788844,0.7561347875628063,0.8195761465621901,1.0102952913924212,1.4808117810094412,0.8281957020330061,0.7878683764012385,1.5221468346899085,1.4305964056860305,0.80121459659802,0.744286191743109,0.7235689043381366,0.7850109319141857,0.7824610848552604,0.8013165485858623,0.7319036032888458,0.9051568544720451,0.8411838466989252,1.4808233127689698,1.2330076035653628,0.7395833356718917,1.0809892823576286,0.710991264003596,0.9196905326997344,1.11466777940299,1.5683387596528444,0.8119131348245651,0.7472831252648078,0.7226968529554212,0.9183413189274529,0.8403202487426583,0.713495557668083,0.8079712151206558,0.7348393319432336,0.7168522149671241,0.7355693277819144,0.7222156055000932,0.7537120809827607,0.7457896571265143,0.9288791405457784,0.7545059444931818,1.421982528007192,0.774193942355351,0.7415059017247266,0.7142616232814079,1.00762428549972,0.7650527430367839,0.7601637396810864,0.7156150658598623,1.4361917874078207
9,30,0.7851107141983619,1.3,0.8938534369497243,1.5098817665945146,1.421982528007192,0.8500456873833169,0.710991264003596,1.3,0.8882889540987564,0.7472054003366577,0.7339238870953962,0.7354141545750863,0.7717865951503811,0.805419762454434,0.7566599479587888,0.7754587708741263,0.7284948456868829,0.7519602140072876,0.7460311089187506,0.7572452426352019,0.710991264003596,0.710991264003596,0.7266221306243865,0.7688921853291073,0.8183785762268797,0.9173617918114169,1.5031208576733324,0.8162655865395517,0.8242586020205542,1.421982528007192,1.421982528007192,0.8291116899659319,0.7294024152519538,1.260826739470835,0.713878745908916,0.7273914417454357,0.8841458073296584,0.7308396164706201,0.9188569825108338,0.710991264003596,1.0501880659048397,0.7464600061181239,1.4306325754890787,0.734824740275009,0.7364893069385405,1.011264188252127,0.8754300401658357,1.3,1.4538192025145489,0.8294840451520017,0.7330856878788844,0.7561347875628063,0.8195761465621901,1.0102952913924212,1.4808117810094412,0.8281957020330061,0.7878683764012385,1.5221468346899085,1.4305964056860305,0.80121459659802,0.744286191743109,0.7235689043381366,0.7850109319141857,0.7824610848552604,0.8013165485858623,0.7319036032888458,0.9051568544720451,0.8411838466989252,1.4808233127689698,1.2330076035653628,0.7395833356718917,1.0809892823576286,0.710991264003596,0.9196905326997344,1.11466777940299,1.5683387596528444,0.8119131348245651,0.7472831252648078,0.7226968529554212,0.9183413189274529,0.8403202487426583,0.713495557668083,0.8079712151206558,0.7348393319432336,0.7168522149671241,0.7355693277819144,0.7222156055000932,0.7537120809827607,0.7457896571265143,0.9288791405457784,0.7545059444931818,1.421982528007192,0.774193942355351,0.7415059017247266,0.7142616232814079,1.00762428549972,0.7650527430367839,0.7601637396810864,0.7156150658598623,1.4361917874078207
9,31,0.7851107141983619,1.3,0.8938534369497243,1.5098817665945146,1.421982528007192,0.8500456873833169,0.710991264003596,1.3,0.8882889540987564,0.7472054003366577,0.7339238870953962,0.7354141545750863,0.7717865951503811,0.805419762454434,0.7566599479587888,0.7754587708741263,0.7284948456868829,0.7519602140072876,0.7460311089187506,0.7572452426352019,0.710991264003596,0.710991264003596,0.7266221306243865,0.7688921853291073,0.8183785762268797,0.9173617918114169,1.5031208576733324,0.8162655865395517,0.8242586020205542,1.421982528007192,1.421982528007192,0.8291116899659319,0.7294024152519538,1.260826739470835,0.713878745908916,0.7273914417454357,0.8841458073296584,0.7308396164706201,0.9188569825108338,0.710991264003596,1.0501880659048397,0.7464600061181239,1.4306325754890787,0.734824740275009,0.7364893069385405,1.011264188252127,0.8754300401658357,1.3,1.4538192025145489,0.8294840451520017,0.7330856878788844,0.7561347875628063,0.8195761465621901,1.0102952913924212,1.4808117810094412,0.8281957020330061,0.7878683764012385,1.5221468346899085,1.4305964056860305,0.80121459659802,0.744286191743109,0.7235689043381366,0.7850109319141857,0.7824610848552604,0.8013165485858623,0.7319036032888458,0.9051568544720451,0.8411838466989252,1.4808233127689698,1.2330076035653628,0.7395833356718917,1.0809892823576286,0.710991264003596,0.9196905326997344,1.11466777940299,1.5683387596528444,0.8119131348245651,0.7472831252648078,0.7226968529554212,0.9183413189274529,0.8403202487426583,0.713495557668083,0.8079712151206558,0.7348393319432336,0.7168522149671241,0.7355693277819144,0.7222156055000932,0.7537120809827607,0.7457896571265143,0.9288791405457784,0.7545059444931818,1.421982528007192,0.774193942355351,0.7415059017247266,0.7142616232814079,1.00762428549972,0.7650527430367839,0.7601637396810864,0.7156150658598623,1.4361917874078207
9,32,0.7851107141983619,1.3,0.8938534369497243,1.5098817665945146,1.421982528007192,0.8500456873833169,0.710991264003596,1.3,0.8882889540987564,0.7472054003366577,0.7339238870953962,0.7354141545750863,0.7717865951503811,0.805419762454434,0.7566599479587888,0.7754587708741263,0.7284948456868829,0.7519602140072876,0.7460311089187506,0.7572452426352019,0.710991264003596,0.710991264003596,0.7266221306243865,0.7688921853291073,0.8183785762268797,0.9173617918114169,1.5031208576733324,0.8162655865395517,0.8242586020205542,1.421982528007192,1.421982528007192,0.8291116899659319,0.7294024152519538,1.260826739470835,0.713878745908916,0.7273914417454357,0.8841458073296584,0.7308396164706201,0.9188569825108338,0.710991264003596,1.0501880659048397,0.7464600061181239,1.4306325754890787,0.734824740275009,0.7364893069385405,1.011264188252127,0.8754300401658357,1.3,1.4538192025145489,0.8294840451520017,0.7330856878788844,0.7561347875628063,0.8195761465621901,1.0102952913924212,1.4808117810094412,0.8281957020330061,0.7878683764012385,1.5221468346899085,1.4305964056860305,0.80121459659802,0.744286191743109,0.7235689043381366,0.7850109319141857,0.7824610848552604,0.8013165485858623,0.7319036032888458,0.9051568544720451,0.8411838466989252,1.4808233127689698,1.2330076035653628,0.7395833356718917,1.0809892823576286,0.710991264003596,0.9196905326997344,1.11466777940299,1.5683387596528444,0.8119131348245651,0.7472831252648078,0.7226968529554212,0.9183413189274529,0.8403202487426583,0.713495557668083,0.8079712151206558,0.7348393319432336,0.7168522149671241,0.7355693277819144,0.7222156055000932,0.7537120809827607,0.7457896571265143,0.9288791405457784,0.7545059444931818,1.421982528007192,0.774193942355351,0.7415059017247266,0.7142616232814079,1.00762428549972,0.7650527430367839,0.7601637396810864,0.7156150658598623,1.4361917874078207
9,33,0.7851107141983619,1.3,0.8938534369497243,1.5098817665945146,1.421982528007192,0.8500456873833169,0.710991264003596,1.3,0.8882889540987564,0.7472054003366577,0.7339238870953962,0.7354141545750863,0.7717865951503811,0.805419762454434,0.7566599479587888,0.7754587708741263,0.7284948456868829,0.7519602140072876,0.7460311089187506,0.7572452426352019,0.710991264003596,0.710991264003596,0.7266221306243865,0.7688921853291073,0.8183785762268797,0.9173617918114169,1.5031208576733324,0.8162655865395517,0.8242586020205542,1.421982528007192,1.421982528007192,0.8291116899659319,0.7294024152519538,1.260826739470835,0.713878745908916,0.7273914417454357,0.8841458073296584,0.7308396164706201,0.9188569825108338,0.710991264003596,1.0501880659048397,0.7464600061181239,1.4306325754890787,0.734824740275009,0.7364893069385405,1.011264188252127,0.8754300401658357,1.3,1.4538192025145489,0.8294840451520017,0.7330856878788844,0.7561347875628063,0.8195761465621901,1.0102952913924212,1.4808117810094412,0.8281957020330061,0.7878683764012385,1.5221468346899085,1.4305964056860305,0.80121459659802,0.744286191743109,0.7235689043381366,0.7850109319141857,0.7824610848552604,0.8013165485858623,0.7319036032888458,0.9051568544720451,0.8411838466989252,1.4808233127689698,1.2330076035653628,0.7395833356718917,1.0809892823576286,0.710991264003596,0.9196905326997344,1.11466777940299,1.5683387596528444,0.8119131348245651,0.7472831252648078,0.7226968529554212,0.9183413189274529,0.8403202487426583,0.713495557668083,0.8079712151206558,0.7348393319432336,0.7168522149671241,0.7355693277819144,0.7222156055000932,0.7537120809827607,0.7457896571265143,0.9288791405457784,0.7545059444931818,1.421982528007192,0.774193942355351,0.7415059017247266,0.7142616232814079,1.00762428549972,0.7650527430367839,0.7601637396810864,0.7156150658598623,1.4361917874078207
9,34,0.7851107141983619,1.3,0.8938534369497243,1.5098817665945146,1.421982528007192,0.8500456873833169,0.710991264003596,1.3,0.8882889540987564,0.7472054003366577,0.7339238870953962,0.7354141545750863,0.7717865951503811,0.805419762454434,0.7566599479587888,0.7754587708741263,0.7284948456868829,0.7519602140072876,0.7460311089187506,0.7572452426352019,0.710991264003596,0.710991264003596,0.7266221306243865,0.7688921853291073,0.8183785762268797,0.9173617918114169,1.5031208576733324,0.8162655865395517,0.8242586020205542,1.421982528007192,1.421982528007192,0.8291116899659319,0.7294024152519538,1.260826739470835,0.713878745908916,0.7273914417454357,0.8841458073296584,0.7308396164706201,0.9188569825108338,0.710991264003596,1.0501880659048397,0.7464600061181239,1.4306325754890787,0.734824740275009,0.7364893069385405,1.011264188252127,0.8754300401658357,1.3,1.4538192025145489,0.8294840451520017,0.7330856878788844,0.7561347875628063,0.8195761465621901,1.0102952913924212,1.4808117810094412,0.8281957020330061,0.7878683764012385,1.5221468346899085,1.4305964056860305,0.80121459659802,0.744286191743109,0.7235689043381366,0.7850109319141857,0.7824610848552604,0.8013165485858623,0.7319036032888458,0.9051568544720451,0.8411838466989252,1.4808233127689698,1.2330076035653628,0.7395833356718917,1.0809892823576286,0.710991264003596,0.9196905326997344,1.11466777940299,1.5683387596528444,0.8119131348245651,0.7472831252648078,0.7226968529554212,0.9183413189274529,0.8403202487426583,0.713495557668083,0.8079712151206558,0.7348393319432336,0.7168522149671241,0.7355693277819144,0.7222156055000932,0.7537120809827607,0.7457896571265143,0.9288791405457784,0.7545059444931818,1.421982528007192,0.774193942355351,0.7415059017247266,0.7142616232814079,1.00762428549972,0.7650527430367839,0.7601637396810864,0.7156150658598623,1.4361917874078207
9,35,0.7851107141983619,1.3,0.8938534369497243,1.5098817665945146,1.421982528007192,0.8500456873833169,0.710991264003596,1.3,0.8882889540987564,0.7472054003366577,0.7339238870953962,0.7354141545750863,0.7717865951503811,0.805419762454434,0.7566599479587888,0.7754587708741263,0.7284948456868829,0.7519602140072876,0.7460311089187506,0.7572452426352019,0.710991264003596,0.710991264003596,0.7266221306243865,0.7688921853291073,0.8183785762268797,0.9173617918114169,1.5031208576733324,0.8162655865395517,0.8242586020205542,1.421982528007192,1.421982528007192,0.8291116899659319,0.7294024152519538,1.260826739470835,0.713878745908916,0.7273914417454357,0.8841458073296584,0.7308396164706201,0.9188569825108338,0.710991264003596,1.0501880659048397,0.7464600061181239,1.4306325754890787,0.734824740275009,0.7364893069385405,1.011264188252127,0.8754300401658357,1.3,1.4538192025145489,0.8294840451520017,0.7330856878788844,0.7561347875628063,0.8195761465621901,1.0102952913924212,1.4808117810094412,0.8281957020330061,0.7878683764012385,1.5221468346899085,1.4305964056860305,0.80121459659802,0.744286191743109,0.7235689043381366,0.7850109319141857,0.7824610848552604,0.8013165485858623,0.7319036032888458,0.9051568544720451,0.8411838466989252,1.4808233127689698,1.2330076035653628,0.7395833356718917,1.0809892823576286,0.710991264003596,0.9196905326997344,1.11466777940299,1.5683387596528444,0.8119131348245651,0.7472831252648078,0.7226968529554212,0.9183413189274529,0.8403202487426583,0.713495557668083,0.8079712151206558,0.7348393319432336,0.7168522149671241,0.7355693277819144,0.7222156055000932,0.7537120809827607,0.7457896571265143,0.9288791405457784,0.7545059444931818,1.421982528007192,0.774193942355351,0.7415059017247266,0.7142616232814079,1.00762428549972,0.7650527430367839,0.7601637396810864,0.7156150658598623,1.4361917874078207
9,36,0.7851107141983619,1.3,0.8938534369497243,1.5098817665945146,1.421982528007192,0.8500456873833169,0.710991264003596,1.3,0.8882889540987564,0.7472054003366577,0.7339238870953962,0.7354141545750863,0.7717865951503811,0.805419762454434,0.7566599479587888,0.7754587708741263,0.7284948456868829,0.7519602140072876,0.7460311089187506,0.7572452426352019,0.710991264003596,0.710991264003596,0.7266221306243865,0.7688921853291073,0.8183785762268797,0.9173617918114169,1.5031208576733324,0.8162655865395517,0.8242586020205542,1.421982528007192,1.421982528007192,0.8291116899659319,0.7294024152519538,1.260826739470835,0.713878745908916,0.7273914417454357,0.8841458073296584,0.7308396164706201,0.9188569825108338,0.710991264003596,1.0501880659048397,0.7464600061181239,1.4306325754890787,0.734824740275009,0.7364893069385405,1.011264188252127,0.8754300401658357,1.3,1.4538192025145489,0.8294840451520017,0.7330856878788844,0.7561347875628063,0.8195761465621901,1.0102952913924212,1.4808117810094412,0.8281957020330061,0.7878683764012385,1.5221468346899085,1.4305964056860305,0.80121459659802,0.744286191743109,0.7235689043381366,0.7850109319141857,0.7824610848552604,0.8013165485858623,0.7319036032888458,0.9051568544720451,0.8411838466989252,1.4808233127689698,1.2330076035653628,0.7395833356718917,1.0809892823576286,0.710991264003596,0.9196905326997344,1.11466777940299,1.5683387596528444,0.8119131348245651,0.7472831252648078,0.7226968529554212,0.9183413189274529,0.8403202487426583,0.713495557668083,0.8079712151206558,0.7348393319432336,0.7168522149671241,0.7355693277819144,0.7222156055000932,0.7537120809827607,0.7457896571265143,0.9288791405457784,0.7545059444931818,1.421982528007192,0.774193942355351,0.7415059017247266,0.7142616232814079,1.00762428549972,0.7650527430367839,0.7601637396810864,0.7156150658598623,1.4361917874078207
9,37,0.7851107141983619,1.3,0.8938534369497243,1.5098817665945146,1.421982528007192,0.8500456873833169,0.710991264003596,1.3,0.8882889540987564,0.7472054003366577,0.7339238870953962,0.7354141545750863,0.7717865951503811,0.805419762454434,0.7566599479587888,0.7754587708741263,0.7284948456868829,0.7519602140072876,0.7460311089187506,0.7572452426352019,0.710991264003596,0.710991264003596,0.7266221306243865,0.7688921853291073,0.8183785762268797,0.9173617918114169,1.5031208576733324,0.8162655865395517,0.8242586020205542,1.421982528007192,1.421982528007192,0.8291116899659319,0.7294024152519538,1.260826739470835,0.713878745908916,0.7273914417454357,0.8841458073296584,0.7308396164706201,0.9188569825108338,0.710991264003596,1.0501880659048397,0.7464600061181239,1.4306325754890787,0.734824740275009,0.7364893069385405,1.011264188252127,0.8754300401658357,1.3,1.4538192025145489,0.8294840451520017,0.7330856878788844,0.7561347875628063,0.8195761465621901,1.0102952913924212,1.4808117810094412,0.8281957020330061,0.7878683764012385,1.5221468346899085,1.4305964056860305,0.80121459659802,0.744286191743109,0.7235689043381366,0.7850109319141857,0.7824610848552604,0.8013165485858623,0.7319036032888458,0.9051568544720451,0.8411838466989252,1.4808233127689698,1.2330076035653628,0.7395833356718917,1.0809892823576286,0.710991264003596,0.9196905326997344,1.11466777940299,1.5683387596528444,0.8119131348245651,0.7472831252648078,0.7226968529554212,0.9183413189274529,0.8403202487426583,0.713495557668083,0.8079712151206558,0.7348393319432336,0.7168522149671241,0.7355693277819144,0.7222156055000932,0.7537120809827607,0.7457896571265143,0.9288791405457784,0.7545059444931818,1.421982528007192,0.774193942355351,0.7415059017247266,0.7142616232814079,1.00762428549972,0.7650527430367839,0.7601637396810864,0.7156150658598623,1.4361917874078207
9,38,0.7851107141983619,1.3,0.8938534369497243,1.5098817665945146,1.421982528007192,0.8500456873833169,0.710991264003596,1.3,0.8882889540987564,0.7472054003366577,0.7339238870953962,0.7354141545750863,0.7717865951503811,0.805419762454434,0.7566599479587888,0.7754587708741263,0.7284948456868829,0.7519602140072876,0.7460311089187506,0.7572452426352019,0.710991264003596,0.710991264003596,0.7266221306243865,0.7688921853291073,0.8183785762268797,0.9173617918114169,1.5031208576733324,0.8162655865395517,0.8242586020205542,1.421982528007192,1.421982528007192,0.8291116899659319,0.7294024152519538,1.260826739470835,0.713878745908916,0.7273914417454357,0.8841458073296584,0.7308396164706201,0.9188569825108338,0.710991264003596,1.0501880659048397,0.7464600061181239,1.4306325754890787,0.734824740275009,0.7364893069385405,1.011264188252127,0.8754300401658357,1.3,1.4538192025145489,0.8294840451520017,0.7330856878788844,0.7561347875628063,0.8195761465621901,1.0102952913924212,1.4808117810094412,0.8281957020330061,0.7878683764012385,1.5221468346899085,1.4305964056860305,0.80121459659802,0.744286191743109,0.7235689043381366,0.7850109319141857,0.7824610848552604,0.8013165485858623,0.7319036032888458,0.9051568544720451,0.8411838466989252,1.4808233127689698,1.2330076035653628,0.7395833356718917,1.0809892823576286,0.710991264003596,0.9196905326997344,1.11466777940299,1.5683387596528444,0.8119131348245651,0.7472831252648078,0.7226968529554212,0.9183413189274529,0.8403202487426583,0.713495557668083,0.8079712151206558,0.7348393319432336,0.7168522149671241,0.7355693277819144,0.7222156055000932,0.7537120809827607,0.7457896571265143,0.9288791405457784,0.7545059444931818,1.421982528007192,0.774193942355351,0.7415059017247266,0.7142616232814079,1.00762428549972,0.7650527430367839,0.7601637396810864,0.7156150658598623,1.4361917874078207
9,39,0.7851107141983619,1.3,0.8938534369497243,1.5098817665945146,1.421982528007192,0.8500456873833169,0.710991264003596,1.3,0.8882889540987564,0.7472054003366577,0.7339238870953962,0.7354141545750863,0.7717865951503811,0.805419762454434,0.7566599479587888,0.7754587708741263,0.7284948456868829,0.7519602140072876,0.7460311089187506,0.7572452426352019,0.710991264003596,0.710991264003596,0.7266221306243865,0.7688921853291073,0.8183785762268797,0.9173617918114169,1.5031208576733324,0.8162655865395517,0.8242586020205542,1.421982528007192,1.421982528007192,0.8291116899659319,0.7294024152519538,1.260826739470835,0.713878745908916,0.7273914417454357,0.8841458073296584,0.7308396164706201,0.9188569825108338,0.710991264003596,1.0501880659048397,0.7464600061181239,1.4306325754890787,0.734824740275009,0.7364893069385405,1.011264188252127,0.8754300401658357,1.3,1.4538192025145489,0.8294840451520017,0.7330856878788844,0.7561347875628063,0.8195761465621901,1.0102952913924212,1.4808117810094412,0.8281957020330061,0.7878683764012385,1.5221468346899085,1.4305964056860305,0.80121459659802,0.744286191743109,0.7235689043381366,0.7850109319141857,0.7824610848552604,0.8013165485858623,0.7319036032888458,0.9051568544720451,0.8411838466989252,1.4808233127689698,1.2330076035653628,0.7395833356718917,1.0809892823576286,0.710991264003596,0.9196905326997344,1.11466777940299,1.5683387596528444,0.8119131348245651,0.7472831252648078,0.7226968529554212,0.9183413189274529,0.8403202487426583,0.713495557668083,0.8079712151206558,0.7348393319432336,0.7168522149671241,0.7355693277819144,0.7222156055000932,0.7537120809827607,0.7457896571265143,0.9288791405457784,0.7545059444931818,1.421982528007192,0.774193942355351,0.7415059017247266,0.7142616232814079,1.00762428549972,0.7650527430367839,0.7601637396810864,0.7156150658598623,1.4361917874078207
