Run,Iteration,agent-0,agent-1,agent-2,agent-3,agent-4,agent-5,agent-6,agent-7,agent-8,agent-9,agent-10,agent-11,agent-12,agent-13,agent-14,agent-15,agent-16,agent-17,agent-18,agent-19,agent-20,agent-21,agent-22,agent-23,agent-24,agent-25,agent-26,agent-27,agent-28,agent-29,agent-30,agent-31,agent-32,agent-33,agent-34,agent-35,agent-36,agent-37,agent-38,agent-39,agent-40,agent-41,agent-42,agent-43,agent-44,agent-45,agent-46,agent-47,agent-48,agent-49,agent-50,agent-51,agent-52,agent-53,agent-54,agent-55,agent-56,agent-57,agent-58,agent-59,agent-60,agent-61,agent-62,agent-63,agent-64,agent-65,agent-66,agent-67,agent-68,agent-69,agent-70,agent-71,agent-72,agent-73,agent-74,agent-75,agent-76,agent-77,agent-78,agent-79,agent-80,agent-81,agent-82,agent-83,agent-84,agent-85,agent-86,agent-87,agent-88,agent-89,agent-90,agent-91,agent-92,agent-93,agent-94,agent-95,agent-96,agent-97,agent-98,agent-99
0,0,1.0692377984680428,1.0204038730644336,1.608,0.9041870616007276,2.0819280244488136,0.8970596623535314,0.8582448316269177,2.491589391426089,1.0006814510778939,1.608,1.608,0.804,0.9091477662976593,0.9165474560825564,0.9405292720090267,0.9140831750333696,1.027340259116614,2.412,1.0125888817703417,1.608,1.6372901310753187,1.608,0.9845883769995261,1.0623811940713692,1.129384327815748,0.9786582471355956,0.9555729396614707,0.9150116968571863,1.0614929023871973,1.1477580591959926,0.953301218698336,1.8619669065800775,0.804,1.8778548234952614,0.9397142637883541,2.087285233684919,0.8994673430509568,0.804,1.0104466095521931,0.9000721434947201,1.0657946431036178,0.9264742477660874,0.9442538431996625,1.0445385388745592,1.18959133506717,2.7389953044980233,0.804,1.7121935100273995,0.804,1.0559716992729606,0.8808781435590176,1.0355788516515685,1.912277447163583,1.640296664333294,0.8291372346632966,0.804,0.9966993748998733,0.804,0.804,0.8532322901801432,0.9679290767117829,2.412,0.8533561022598635,1.0437687615124247,1.1186115776241938,1.2,1.0718830207128736,1.685200333127436,0.8906316635912015,0.9980277136691925,1.1729114342035902,1.7065594447320747,1.1627283804029818,0.9133636904563945,0.804,1.150520613627884,2.412,1.7825936134753562,2.5620218831054133,1.0094926554795727,1.0925150156034629,0.9637113844892182,1.0038276705115168,0.804,0.9934256021012309,1.608,1.1223799655526652,2.4949011116327524,1.608,0.9714181403798775,1.608,1.106348423814911,0.8682859604204809,1.608,2.7558609787085597,1.0323575861312304,1.608,0.804,1.7782955024219738,1.608
0,1,2.412,1.0204038730644336,2.441563823162678,0.9041870616007276,2.0819280244488136,0.8970596623535314,0.8582448316269177,2.491589391426089,1.0006814510778939,3.448099827850168,0.9180958346965664,0.804,0.9091477662976593,0.9165474560825564,0.9405292720090267,0.9140831750333696,1.027340259116614,0.9352593505319781,1.0125888817703417,1.1338877056244523,1.6372901310753187,1.608,0.9845883769995261,1.0623811940713692,1.129384327815748,0.9786582471355956,0.9555729396614707,0.9150116968571863,3.216,1.1477580591959926,0.953301218698336,1.8619669065800775,0.804,0.804,1.0592889651426787,0.9376664120480394,0.8994673430509568,0.804,1.0104466095521931,1.608,0.9848654415380482,0.9501854474164783,2.0691031094691446,2.066267635990287,1.0892252757920442,1.8515596973302162,0.8964399493843445,0.9652815999381907,0.804,3.216,0.8912780095995029,0.8492653326009978,1.1294025161424073,1.640296664333294,0.8291372346632966,0.804,0.8314155538772183,0.804,2.412,1.0684778613925126,0.8927829707204836,2.412,0.8533561022598635,1.0437687615124247,2.4841127047975107,1.2,1.0718830207128736,1.0401456526402988,1.959674887779427,1.8706679180991421,1.0833771607686287,3.216,0.9839202296890583,0.9305173100911764,0.8931412713407092,4.02,0.965842493374503,1.82550512161954,1.0238302299701452,0.804,1.6381765302218279,1.8903638532042173,1.7803659483045493,0.804,1.0154315100670155,1.0148801394809706,0.9866747913384778,3.216,2.470037150517225,0.9829541338834025,1.1239502152615253,0.9361451530975832,1.0455856874215448,3.216,2.412,0.9864659395471544,1.6415768584936363,0.9319062936261714,0.9777369082155233,0.9318388316909201
0,2,2.412,1.0204038730644336,2.441563823162678,0.9041870616007276,2.0819280244488136,0.8970596623535314,0.8582448316269177,2.491589391426089,1.0006814510778939,3.448099827850168,1.6565110906099592,0.804,0.9091477662976593,0.9165474560825564,0.9405292720090267,0.9140831750333696,1.027340259116614,0.9352593505319781,1.0125888817703417,1.1338877056244523,1.6372901310753187,1.608,0.8501385376976817,1.0623811940713692,1.129384327815748,0.9786582471355956,0.9555729396614707,0.9150116968571863,3.216,1.1477580591959926,0.953301218698336,1.8619669065800775,0.804,0.804,1.0592889651426787,0.8663022294340063,2.412,0.804,1.0104466095521931,1.608,0.9848654415380482,0.9501854474164783,2.0691031094691446,2.066267635990287,1.0892252757920442,1.8515596973302162,0.8964399493843445,0.9652815999381907,0.804,3.216,0.8912780095995029,0.8492653326009978,1.1294025161424073,0.804,0.9803095468207321,0.8781679242097656,0.8314155538772183,0.804,2.412,1.0684778613925126,0.8927829707204836,3.216,0.8291381234977168,1.0437687615124247,2.4841127047975107,1.2,1.0718830207128736,1.608,1.0336062037813414,1.8706679180991421,1.0833771607686287,3.216,0.9839202296890583,0.9305173100911764,0.8931412713407092,4.02,0.965842493374503,2.412,0.9690491120574525,0.804,1.6381765302218279,0.9677265065844253,1.7803659483045493,0.8204443394073313,0.8205069601543079,1.0148801394809706,0.9866747913384778,3.216,2.470037150517225,1.07554982477576,1.7207827193281795,0.9840274714188499,0.923388459959531,3.216,2.412,1.847539147595064,0.862653002265438,0.9319062936261714,0.9331697815089026,0.9361031841698101
0,3,2.412,1.0204038730644336,2.441563823162678,0.9041870616007276,2.0819280244488136,0.8970596623535314,0.8582448316269177,2.491589391426089,1.0006814510778939,1.037593797131982,1.608,0.804,0.9091477662976593,2.412,0.804,0.9140831750333696,1.027340259116614,0.9352593505319781,1.0125888817703417,1.1338877056244523,1.6372901310753187,1.608,0.8501385376976817,1.0623811940713692,1.129384327815748,0.9786582471355956,0.9555729396614707,0.9150116968571863,3.216,1.1477580591959926,0.953301218698336,1.8619669065800775,0.804,0.804,1.0592889651426787,0.8663022294340063,2.412,0.804,1.0104466095521931,1.608,0.9848654415380482,0.9501854474164783,2.0691031094691446,2.066267635990287,1.0892252757920442,1.8515596973302162,0.8964399493843445,0.9652815999381907,0.804,3.216,0.8912780095995029,0.8492653326009978,1.1294025161424073,0.804,0.9803095468207321,0.8814334015422127,0.8314155538772183,0.9414231032960529,2.412,1.0684778613925126,0.8927829707204836,3.216,0.8291381234977168,1.0437687615124247,2.4841127047975107,1.2,1.0718830207128736,1.608,1.0336062037813414,1.8706679180991421,1.0833771607686287,3.216,0.9839202296890583,0.9305173100911764,0.8931412713407092,4.02,0.965842493374503,2.412,1.632478885878089,0.804,1.6381765302218279,0.9677265065844253,1.7803659483045493,0.8204443394073313,0.8205069601543079,1.0148801394809706,0.9866747913384778,3.216,2.470037150517225,0.9413343672623258,0.8211855080600499,0.9840274714188499,0.923388459959531,3.216,2.412,1.0042774926165852,0.862653002265438,0.9319062936261714,0.9317449409764822,0.894029330691029
0,4,2.412,1.0204038730644336,2.441563823162678,0.9041870616007276,2.0819280244488136,0.8970596623535314,0.8582448316269177,2.491589391426089,1.0006814510778939,1.037593797131982,1.608,0.804,0.9091477662976593,2.412,0.804,0.9140831750333696,1.027340259116614,0.9352593505319781,1.0125888817703417,1.1338877056244523,1.6372901310753187,1.608,0.8501385376976817,1.0623811940713692,1.129384327815748,0.9786582471355956,0.9555729396614707,0.9150116968571863,3.216,1.1477580591959926,0.953301218698336,1.8619669065800775,0.804,0.804,1.0592889651426787,0.8663022294340063,2.412,0.804,1.0104466095521931,1.608,0.9848654415380482,0.9501854474164783,2.0691031094691446,2.066267635990287,1.0892252757920442,1.8515596973302162,0.8964399493843445,0.9652815999381907,0.804,3.216,0.8912780095995029,0.8492653326009978,1.1294025161424073,0.804,0.9803095468207321,0.8814334015422127,0.8314155538772183,0.9414231032960529,2.412,1.0684778613925126,0.8927829707204836,3.216,0.8291381234977168,1.0437687615124247,2.4841127047975107,1.2,1.0718830207128736,1.608,1.0336062037813414,1.8706679180991421,1.0833771607686287,3.216,0.9839202296890583,0.9305173100911764,0.8931412713407092,4.02,0.965842493374503,2.412,1.632478885878089,0.804,1.6381765302218279,0.9677265065844253,1.7803659483045493,0.8204443394073313,0.8205069601543079,1.6757402188972081,0.9866747913384778,3.216,2.470037150517225,0.9413343672623258,0.8211855080600499,0.9840274714188499,0.923388459959531,3.216,2.412,1.0042774926165852,0.862653002265438,0.8963958177724043,0.9317449409764822,0.9265991799157094
0,5,2.412,1.0204038730644336,2.441563823162678,0.9041870616007276,2.0819280244488136,0.8970596623535314,0.8582448316269177,2.491589391426089,1.0006814510778939,1.037593797131982,1.608,0.804,0.9091477662976593,2.412,0.804,0.9140831750333696,1.027340259116614,0.9352593505319781,1.0125888817703417,1.1338877056244523,1.6372901310753187,1.608,0.8501385376976817,1.0623811940713692,1.129384327815748,0.9786582471355956,0.9555729396614707,0.9150116968571863,3.216,1.1477580591959926,0.953301218698336,1.8619669065800775,0.804,0.804,1.0592889651426787,0.8663022294340063,2.412,0.804,1.0104466095521931,1.608,0.9848654415380482,0.9501854474164783,2.0691031094691446,2.066267635990287,1.0892252757920442,1.8515596973302162,0.8964399493843445,0.9652815999381907,0.804,3.216,0.8912780095995029,0.8492653326009978,1.1294025161424073,0.804,0.9803095468207321,0.8814334015422127,0.8314155538772183,0.9414231032960529,2.412,1.0684778613925126,0.8927829707204836,3.216,0.8291381234977168,1.0437687615124247,2.4841127047975107,1.2,1.0718830207128736,1.608,1.0336062037813414,1.8706679180991421,1.0833771607686287,3.216,0.9839202296890583,0.9305173100911764,0.8931412713407092,4.02,0.965842493374503,2.412,1.632478885878089,0.804,1.6381765302218279,0.9677265065844253,1.7803659483045493,0.8204443394073313,0.8205069601543079,1.6757402188972081,0.9866747913384778,3.216,2.470037150517225,0.9413343672623258,0.8211855080600499,0.9840274714188499,0.923388459959531,3.216,2.412,1.0042774926165852,0.862653002265438,0.8963958177724043,0.9317449409764822,0.9265991799157094
0,6,2.412,1.0204038730644336,2.441563823162678,0.9041870616007276,2.0819280244488136,0.8970596623535314,0.8582448316269177,2.491589391426089,1.0006814510778939,1.037593797131982,1.608,0.804,0.9091477662976593,2.412,0.804,0.9140831750333696,1.027340259116614,0.9352593505319781,1.0125888817703417,1.1338877056244523,1.6372901310753187,1.608,0.8501385376976817,1.0623811940713692,1.129384327815748,0.9786582471355956,0.9555729396614707,0.9150116968571863,3.216,1.1477580591959926,0.953301218698336,1.8619669065800775,0.804,0.804,1.0592889651426787,0.8663022294340063,2.412,0.804,1.0104466095521931,1.608,0.9848654415380482,0.9501854474164783,2.0691031094691446,2.066267635990287,1.0892252757920442,1.8515596973302162,0.8964399493843445,0.9652815999381907,0.804,3.216,0.8912780095995029,0.8492653326009978,1.1294025161424073,0.804,0.9803095468207321,0.8814334015422127,0.8314155538772183,0.9414231032960529,2.412,1.0684778613925126,0.8927829707204836,3.216,0.8291381234977168,1.0437687615124247,2.4841127047975107,1.2,1.0718830207128736,1.608,1.0336062037813414,1.8706679180991421,1.0833771607686287,3.216,0.9839202296890583,0.9305173100911764,0.8931412713407092,4.02,0.965842493374503,2.412,1.632478885878089,0.804,1.6381765302218279,0.9677265065844253,1.7803659483045493,0.8204443394073313,0.8205069601543079,1.6757402188972081,0.9866747913384778,3.216,2.470037150517225,0.9413343672623258,0.8211855080600499,0.9840274714188499,0.923388459959531,3.216,2.412,1.0042774926165852,0.862653002265438,0.8963958177724043,0.9317449409764822,0.9265991799157094
0,7,2.412,1.0204038730644336,2.441563823162678,0.9041870616007276,2.0819280244488136,0.8970596623535314,0.8582448316269177,2.491589391426089,1.0006814510778939,1.037593797131982,1.608,0.804,0.9091477662976593,2.412,0.804,0.9140831750333696,1.027340259116614,0.9352593505319781,1.0125888817703417,1.1338877056244523,1.6372901310753187,1.608,0.8501385376976817,1.0623811940713692,1.129384327815748,0.9786582471355956,0.9555729396614707,0.9150116968571863,3.216,1.1477580591959926,0.953301218698336,1.8619669065800775,0.804,0.804,1.0592889651426787,0.8663022294340063,2.412,0.804,1.0104466095521931,1.608,0.9848654415380482,0.9501854474164783,2.0691031094691446,2.066267635990287,1.0892252757920442,1.8515596973302162,0.8964399493843445,0.9652815999381907,0.804,3.216,0.8912780095995029,0.8492653326009978,1.1294025161424073,0.804,0.9803095468207321,0.8814334015422127,0.8314155538772183,0.9414231032960529,2.412,1.0684778613925126,0.8927829707204836,3.216,0.8291381234977168,1.0437687615124247,2.4841127047975107,1.2,1.0718830207128736,1.608,1.0336062037813414,1.8706679180991421,1.0833771607686287,3.216,0.9839202296890583,0.9305173100911764,0.8931412713407092,4.02,0.965842493374503,2.412,1.632478885878089,0.804,1.6381765302218279,0.9677265065844253,1.7803659483045493,0.8204443394073313,0.8205069601543079,1.6757402188972081,0.9866747913384778,3.216,2.470037150517225,0.9413343672623258,0.8211855080600499,0.9840274714188499,0.923388459959531,3.216,2.412,1.0042774926165852,0.862653002265438,0.8963958177724043,0.9317449409764822,0.9265991799157094
0,8,2.412,1.0204038730644336,2.441563823162678,0.9041870616007276,2.0819280244488136,0.8970596623535314,0.8582448316269177,2.491589391426089,1.0006814510778939,1.037593797131982,1.608,0.804,0.9091477662976593,2.412,0.804,0.9140831750333696,1.027340259116614,0.9352593505319781,1.0125888817703417,1.1338877056244523,1.6372901310753187,1.608,0.8501385376976817,1.0623811940713692,1.129384327815748,0.9786582471355956,0.9555729396614707,0.9150116968571863,3.216,1.1477580591959926,0.953301218698336,1.8619669065800775,0.804,0.804,1.0592889651426787,0.8663022294340063,2.412,0.804,1.0104466095521931,1.608,0.9848654415380482,0.9501854474164783,2.0691031094691446,2.066267635990287,1.0892252757920442,1.8515596973302162,0.8964399493843445,0.9652815999381907,0.804,3.216,0.8912780095995029,0.8492653326009978,1.1294025161424073,0.804,0.9803095468207321,0.8814334015422127,0.8314155538772183,0.9414231032960529,2.412,1.0684778613925126,0.8927829707204836,3.216,0.8291381234977168,1.0437687615124247,2.4841127047975107,1.2,1.0718830207128736,1.608,1.0336062037813414,1.8706679180991421,1.0833771607686287,3.216,0.9839202296890583,0.9305173100911764,0.8931412713407092,4.02,0.965842493374503,2.412,1.632478885878089,0.804,1.6381765302218279,0.9677265065844253,1.7803659483045493,0.8204443394073313,0.8205069601543079,1.6757402188972081,0.9866747913384778,3.216,2.470037150517225,0.9413343672623258,0.8211855080600499,0.9840274714188499,0.923388459959531,3.216,2.412,1.0042774926165852,0.862653002265438,0.8963958177724043,0.9317449409764822,0.9265991799157094
0,9,2.412,1.0204038730644336,2.441563823162678,0.9041870616007276,2.0819280244488136,0.8970596623535314,0.8582448316269177,2.491589391426089,1.0006814510778939,1.037593797131982,1.608,0.804,0.9091477662976593,2.412,0.804,0.9140831750333696,1.027340259116614,0.9352593505319781,1.0125888817703417,1.1338877056244523,1.6372901310753187,1.608,0.8501385376976817,1.0623811940713692,1.129384327815748,0.9786582471355956,0.9555729396614707,0.9150116968571863,3.216,1.1477580591959926,0.953301218698336,1.8619669065800775,0.804,0.804,1.0592889651426787,0.8663022294340063,2.412,0.804,1.0104466095521931,1.608,0.9848654415380482,0.9501854474164783,2.0691031094691446,2.066267635990287,1.0892252757920442,1.8515596973302162,0.8964399493843445,0.9652815999381907,0.804,3.216,0.8912780095995029,0.8492653326009978,1.1294025161424073,0.804,0.9803095468207321,0.8814334015422127,0.8314155538772183,0.9414231032960529,2.412,1.0684778613925126,0.8927829707204836,3.216,0.8291381234977168,1.0437687615124247,2.4841127047975107,1.2,1.0718830207128736,1.608,1.0336062037813414,1.8706679180991421,1.0833771607686287,3.216,0.9839202296890583,0.9305173100911764,0.8931412713407092,4.02,0.965842493374503,2.412,1.632478885878089,0.804,1.6381765302218279,0.9677265065844253,1.7803659483045493,0.8204443394073313,0.8205069601543079,1.6757402188972081,0.9866747913384778,3.216,2.470037150517225,0.9413343672623258,0.8211855080600499,0.9840274714188499,0.923388459959531,3.216,2.412,1.0042774926165852,0.862653002265438,0.8963958177724043,0.9317449409764822,0.9265991799157094
0,10,2.412,1.0204038730644336,2.441563823162678,0.9041870616007276,2.0819280244488136,0.8970596623535314,0.8582448316269177,2.491589391426089,1.0006814510778939,1.037593797131982,1.608,0.804,0.9091477662976593,2.412,0.804,0.9140831750333696,1.027340259116614,0.9352593505319781,1.0125888817703417,1.1338877056244523,1.6372901310753187,1.608,0.8501385376976817,1.0623811940713692,1.129384327815748,0.9786582471355956,0.9555729396614707,0.9150116968571863,3.216,1.1477580591959926,0.953301218698336,1.8619669065800775,0.804,0.804,1.0592889651426787,0.8663022294340063,2.412,0.804,1.0104466095521931,1.608,0.9848654415380482,0.9501854474164783,2.0691031094691446,2.066267635990287,1.0892252757920442,1.8515596973302162,0.8964399493843445,0.9652815999381907,0.804,3.216,0.8912780095995029,0.8492653326009978,1.1294025161424073,0.804,0.9803095468207321,0.8814334015422127,0.8314155538772183,0.9414231032960529,2.412,1.0684778613925126,0.8927829707204836,3.216,0.8291381234977168,1.0437687615124247,2.4841127047975107,1.2,1.0718830207128736,1.608,1.0336062037813414,1.8706679180991421,1.0833771607686287,3.216,0.9839202296890583,0.9305173100911764,0.8931412713407092,4.02,0.965842493374503,2.412,1.632478885878089,0.804,1.6381765302218279,0.9677265065844253,1.7803659483045493,0.8204443394073313,0.8205069601543079,1.6757402188972081,0.9866747913384778,3.216,2.470037150517225,0.9413343672623258,0.8211855080600499,0.9840274714188499,0.923388459959531,3.216,2.412,1.0042774926165852,0.862653002265438,0.8963958177724043,0.9317449409764822,0.9265991799157094
0,11,2.412,1.0204038730644336,2.441563823162678,0.9041870616007276,2.0819280244488136,0.8970596623535314,0.8582448316269177,2.491589391426089,1.0006814510778939,1.037593797131982,1.608,0.804,0.9091477662976593,2.412,0.804,0.9140831750333696,1.027340259116614,0.9352593505319781,1.0125888817703417,1.1338877056244523,1.6372901310753187,1.608,0.8501385376976817,1.0623811940713692,1.129384327815748,0.9786582471355956,0.9555729396614707,0.9150116968571863,3.216,1.1477580591959926,0.953301218698336,1.8619669065800775,0.804,0.804,1.0592889651426787,0.8663022294340063,2.412,0.804,1.0104466095521931,1.608,0.9848654415380482,0.9501854474164783,2.0691031094691446,2.066267635990287,1.0892252757920442,1.8515596973302162,0.8964399493843445,0.9652815999381907,0.804,3.216,0.8912780095995029,0.8492653326009978,1.1294025161424073,0.804,0.9803095468207321,0.8814334015422127,0.8314155538772183,0.9414231032960529,2.412,1.0684778613925126,0.8927829707204836,3.216,0.8291381234977168,1.0437687615124247,2.4841127047975107,1.2,1.0718830207128736,1.608,1.0336062037813414,1.8706679180991421,1.0833771607686287,3.216,0.9839202296890583,0.9305173100911764,0.8931412713407092,4.02,0.965842493374503,2.412,1.632478885878089,0.804,1.6381765302218279,0.9677265065844253,1.7803659483045493,0.8204443394073313,0.8205069601543079,1.6757402188972081,0.9866747913384778,3.216,2.470037150517225,0.9413343672623258,0.8211855080600499,0.9840274714188499,0.923388459959531,3.216,2.412,1.0042774926165852,0.862653002265438,0.8963958177724043,0.9317449409764822,0.9265991799157094
0,12,2.412,1.0204038730644336,2.441563823162678,0.9041870616007276,2.0819280244488136,0.8970596623535314,0.8582448316269177,2.491589391426089,1.0006814510778939,1.037593797131982,1.608,0.804,0.9091477662976593,2.412,0.804,0.9140831750333696,1.027340259116614,0.9352593505319781,1.0125888817703417,1.1338877056244523,1.6372901310753187,1.608,0.8501385376976817,1.0623811940713692,1.129384327815748,0.9786582471355956,0.9555729396614707,0.9150116968571863,3.216,1.1477580591959926,0.953301218698336,1.8619669065800775,0.804,0.804,1.0592889651426787,0.8663022294340063,2.412,0.804,1.0104466095521931,1.608,0.9848654415380482,0.9501854474164783,2.0691031094691446,2.066267635990287,1.0892252757920442,1.8515596973302162,0.8964399493843445,0.9652815999381907,0.804,3.216,0.8912780095995029,0.8492653326009978,1.1294025161424073,0.804,0.9803095468207321,0.8814334015422127,0.8314155538772183,0.9414231032960529,2.412,1.0684778613925126,0.8927829707204836,3.216,0.8291381234977168,1.0437687615124247,2.4841127047975107,1.2,1.0718830207128736,1.608,1.0336062037813414,1.8706679180991421,1.0833771607686287,3.216,0.9839202296890583,0.9305173100911764,0.8931412713407092,4.02,0.965842493374503,2.412,1.632478885878089,0.804,1.6381765302218279,0.9677265065844253,1.7803659483045493,0.8204443394073313,0.8205069601543079,1.6757402188972081,0.9866747913384778,3.216,2.470037150517225,0.9413343672623258,0.8211855080600499,0.9840274714188499,0.923388459959531,3.216,2.412,1.0042774926165852,0.862653002265438,0.8963958177724043,0.9317449409764822,0.9265991799157094
0,13,2.412,1.0204038730644336,2.441563823162678,0.9041870616007276,2.0819280244488136,0.8970596623535314,0.8582448316269177,2.491589391426089,1.0006814510778939,1.037593797131982,1.608,0.804,0.9091477662976593,2.412,0.804,0.9140831750333696,1.027340259116614,0.9352593505319781,1.0125888817703417,1.1338877056244523,1.6372901310753187,1.608,0.8501385376976817,1.0623811940713692,1.129384327815748,0.9786582471355956,0.9555729396614707,0.9150116968571863,3.216,1.1477580591959926,0.953301218698336,1.8619669065800775,0.804,0.804,1.0592889651426787,0.8663022294340063,2.412,0.804,1.0104466095521931,1.608,0.9848654415380482,0.9501854474164783,2.0691031094691446,2.066267635990287,1.0892252757920442,1.8515596973302162,0.8964399493843445,0.9652815999381907,0.804,3.216,0.8912780095995029,0.8492653326009978,1.1294025161424073,0.804,0.9803095468207321,0.8814334015422127,0.8314155538772183,0.9414231032960529,2.412,1.0684778613925126,0.8927829707204836,3.216,0.8291381234977168,1.0437687615124247,2.4841127047975107,1.2,1.0718830207128736,1.608,1.0336062037813414,1.8706679180991421,1.0833771607686287,3.216,0.9839202296890583,0.9305173100911764,0.8931412713407092,4.02,0.965842493374503,2.412,1.632478885878089,0.804,1.6381765302218279,0.9677265065844253,1.7803659483045493,0.8204443394073313,0.8205069601543079,1.6757402188972081,0.9866747913384778,3.216,2.470037150517225,0.9413343672623258,0.8211855080600499,0.9840274714188499,0.923388459959531,3.216,2.412,1.0042774926165852,0.862653002265438,0.8963958177724043,0.9317449409764822,0.9265991799157094
0,14,2.412,1.0204038730644336,2.441563823162678,0.9041870616007276,2.0819280244488136,0.8970596623535314,0.8582448316269177,2.491589391426089,1.0006814510778939,1.037593797131982,1.608,0.804,0.9091477662976593,2.412,0.804,0.9140831750333696,1.027340259116614,0.9352593505319781,1.0125888817703417,1.1338877056244523,1.6372901310753187,1.608,0.8501385376976817,1.0623811940713692,1.129384327815748,0.9786582471355956,0.9555729396614707,0.9150116968571863,3.216,1.1477580591959926,0.953301218698336,1.8619669065800775,0.804,0.804,1.0592889651426787,0.8663022294340063,2.412,0.804,1.0104466095521931,1.608,0.9848654415380482,0.9501854474164783,2.0691031094691446,2.066267635990287,1.0892252757920442,1.8515596973302162,0.8964399493843445,0.9652815999381907,0.804,3.216,0.8912780095995029,0.8492653326009978,1.1294025161424073,0.804,0.9803095468207321,0.8814334015422127,0.8314155538772183,0.9414231032960529,2.412,1.0684778613925126,0.8927829707204836,3.216,0.8291381234977168,1.0437687615124247,2.4841127047975107,1.2,1.0718830207128736,1.608,1.0336062037813414,1.8706679180991421,1.0833771607686287,3.216,0.9839202296890583,0.9305173100911764,0.8931412713407092,4.02,0.965842493374503,2.412,1.632478885878089,0.804,1.6381765302218279,0.9677265065844253,1.7803659483045493,0.8204443394073313,0.8205069601543079,1.6757402188972081,0.9866747913384778,3.216,2.470037150517225,0.9413343672623258,0.8211855080600499,0.9840274714188499,0.923388459959531,3.216,2.412,1.0042774926165852,0.862653002265438,0.8963958177724043,0.9317449409764822,0.9265991799157094
0,15,2.412,1.0204038730644336,2.441563823162678,0.9041870616007276,2.0819280244488136,0.8970596623535314,0.8582448316269177,2.491589391426089,1.0006814510778939,1.037593797131982,1.608,0.804,0.9091477662976593,2.412,0.804,0.9140831750333696,1.027340259116614,0.9352593505319781,1.0125888817703417,1.1338877056244523,1.6372901310753187,1.608,0.8501385376976817,1.0623811940713692,1.129384327815748,0.9786582471355956,0.9555729396614707,0.9150116968571863,3.216,1.1477580591959926,0.953301218698336,1.8619669065800775,0.804,0.804,1.0592889651426787,0.8663022294340063,2.412,0.804,1.0104466095521931,1.608,0.9848654415380482,0.9501854474164783,2.0691031094691446,2.066267635990287,1.0892252757920442,1.8515596973302162,0.8964399493843445,0.9652815999381907,0.804,3.216,0.8912780095995029,0.8492653326009978,1.1294025161424073,0.804,0.9803095468207321,0.8814334015422127,0.8314155538772183,0.9414231032960529,2.412,1.0684778613925126,0.8927829707204836,3.216,0.8291381234977168,1.0437687615124247,2.4841127047975107,1.2,1.0718830207128736,1.608,1.0336062037813414,1.8706679180991421,1.0833771607686287,3.216,0.9839202296890583,0.9305173100911764,0.8931412713407092,4.02,0.965842493374503,2.412,1.632478885878089,0.804,1.6381765302218279,0.9677265065844253,1.7803659483045493,0.8204443394073313,0.8205069601543079,1.6757402188972081,0.9866747913384778,3.216,2.470037150517225,0.9413343672623258,0.8211855080600499,0.9840274714188499,0.923388459959531,3.216,2.412,1.0042774926165852,0.862653002265438,0.8963958177724043,0.9317449409764822,0.9265991799157094
0,16,2.412,1.0204038730644336,2.441563823162678,0.9041870616007276,2.0819280244488136,0.8970596623535314,0.8582448316269177,2.491589391426089,1.0006814510778939,1.037593797131982,1.608,0.804,0.9091477662976593,2.412,0.804,0.9140831750333696,1.027340259116614,0.9352593505319781,1.0125888817703417,1.1338877056244523,1.6372901310753187,1.608,0.8501385376976817,1.0623811940713692,1.129384327815748,0.9786582471355956,0.9555729396614707,0.9150116968571863,3.216,1.1477580591959926,0.953301218698336,1.8619669065800775,0.804,0.804,1.0592889651426787,0.8663022294340063,2.412,0.804,1.0104466095521931,1.608,0.9848654415380482,0.9501854474164783,2.0691031094691446,2.066267635990287,1.0892252757920442,1.8515596973302162,0.8964399493843445,0.9652815999381907,0.804,3.216,0.8912780095995029,0.8492653326009978,1.1294025161424073,0.804,0.9803095468207321,0.8814334015422127,0.8314155538772183,0.9414231032960529,2.412,1.0684778613925126,0.8927829707204836,3.216,0.8291381234977168,1.0437687615124247,2.4841127047975107,1.2,1.0718830207128736,1.608,1.0336062037813414,1.8706679180991421,1.0833771607686287,3.216,0.9839202296890583,0.9305173100911764,0.8931412713407092,4.02,0.965842493374503,2.412,1.632478885878089,0.804,1.6381765302218279,0.9677265065844253,1.7803659483045493,0.8204443394073313,0.8205069601543079,1.6757402188972081,0.9866747913384778,3.216,2.470037150517225,0.9413343672623258,0.8211855080600499,0.9840274714188499,0.923388459959531,3.216,2.412,1.0042774926165852,0.862653002265438,0.8963958177724043,0.9317449409764822,0.9265991799157094
0,17,2.412,1.0204038730644336,2.441563823162678,0.9041870616007276,2.0819280244488136,0.8970596623535314,0.8582448316269177,2.491589391426089,1.0006814510778939,1.037593797131982,1.608,0.804,0.9091477662976593,2.412,0.804,0.9140831750333696,1.027340259116614,0.9352593505319781,1.0125888817703417,1.1338877056244523,1.6372901310753187,1.608,0.8501385376976817,1.0623811940713692,1.129384327815748,0.9786582471355956,0.9555729396614707,0.9150116968571863,3.216,1.1477580591959926,0.953301218698336,1.8619669065800775,0.804,0.804,1.0592889651426787,0.8663022294340063,2.412,0.804,1.0104466095521931,1.608,0.9848654415380482,0.9501854474164783,2.0691031094691446,2.066267635990287,1.0892252757920442,1.8515596973302162,0.8964399493843445,0.9652815999381907,0.804,3.216,0.8912780095995029,0.8492653326009978,1.1294025161424073,0.804,0.9803095468207321,0.8814334015422127,0.8314155538772183,0.9414231032960529,2.412,1.0684778613925126,0.8927829707204836,3.216,0.8291381234977168,1.0437687615124247,2.4841127047975107,1.2,1.0718830207128736,1.608,1.0336062037813414,1.8706679180991421,1.0833771607686287,3.216,0.9839202296890583,0.9305173100911764,0.8931412713407092,4.02,0.965842493374503,2.412,1.632478885878089,0.804,1.6381765302218279,0.9677265065844253,1.7803659483045493,0.8204443394073313,0.8205069601543079,1.6757402188972081,0.9866747913384778,3.216,2.470037150517225,0.9413343672623258,0.8211855080600499,0.9840274714188499,0.923388459959531,3.216,2.412,1.0042774926165852,0.862653002265438,0.8963958177724043,0.9317449409764822,0.9265991799157094
0,18,2.412,1.0204038730644336,2.441563823162678,0.9041870616007276,2.0819280244488136,0.8970596623535314,0.8582448316269177,2.491589391426089,1.0006814510778939,1.037593797131982,1.608,0.804,0.9091477662976593,2.412,0.804,0.9140831750333696,1.027340259116614,0.9352593505319781,1.0125888817703417,1.1338877056244523,1.6372901310753187,1.608,0.8501385376976817,1.0623811940713692,1.129384327815748,0.9786582471355956,0.9555729396614707,0.9150116968571863,3.216,1.1477580591959926,0.953301218698336,1.8619669065800775,0.804,0.804,1.0592889651426787,0.8663022294340063,2.412,0.804,1.0104466095521931,1.608,0.9848654415380482,0.9501854474164783,2.0691031094691446,2.066267635990287,1.0892252757920442,1.8515596973302162,0.8964399493843445,0.9652815999381907,0.804,3.216,0.8912780095995029,0.8492653326009978,1.1294025161424073,0.804,0.9803095468207321,0.8814334015422127,0.8314155538772183,0.9414231032960529,2.412,1.0684778613925126,0.8927829707204836,3.216,0.8291381234977168,1.0437687615124247,2.4841127047975107,1.2,1.0718830207128736,1.608,1.0336062037813414,1.8706679180991421,1.0833771607686287,3.216,0.9839202296890583,0.9305173100911764,0.8931412713407092,4.02,0.965842493374503,2.412,1.632478885878089,0.804,1.6381765302218279,0.9677265065844253,1.7803659483045493,0.8204443394073313,0.8205069601543079,1.6757402188972081,0.9866747913384778,3.216,2.470037150517225,0.9413343672623258,0.8211855080600499,0.9840274714188499,0.923388459959531,3.216,2.412,1.0042774926165852,0.862653002265438,0.8963958177724043,0.9317449409764822,0.9265991799157094
0,19,2.412,1.0204038730644336,2.441563823162678,0.9041870616007276,2.0819280244488136,0.8970596623535314,0.8582448316269177,2.491589391426089,1.0006814510778939,1.037593797131982,1.608,0.804,0.9091477662976593,2.412,0.804,0.9140831750333696,1.027340259116614,0.9352593505319781,1.0125888817703417,1.1338877056244523,1.6372901310753187,1.608,0.8501385376976817,1.0623811940713692,1.129384327815748,0.9786582471355956,0.9555729396614707,0.9150116968571863,3.216,1.1477580591959926,0.953301218698336,1.8619669065800775,0.804,0.804,1.0592889651426787,0.8663022294340063,2.412,0.804,1.0104466095521931,1.608,0.9848654415380482,0.9501854474164783,2.0691031094691446,2.066267635990287,1.0892252757920442,1.8515596973302162,0.8964399493843445,0.9652815999381907,0.804,3.216,0.8912780095995029,0.8492653326009978,1.1294025161424073,0.804,0.9803095468207321,0.8814334015422127,0.8314155538772183,0.9414231032960529,2.412,1.0684778613925126,0.8927829707204836,3.216,0.8291381234977168,1.0437687615124247,2.4841127047975107,1.2,1.0718830207128736,1.608,1.0336062037813414,1.8706679180991421,1.0833771607686287,3.216,0.9839202296890583,0.9305173100911764,0.8931412713407092,4.02,0.965842493374503,2.412,1.632478885878089,0.804,1.6381765302218279,0.9677265065844253,1.7803659483045493,0.8204443394073313,0.8205069601543079,1.6757402188972081,0.9866747913384778,3.216,2.470037150517225,0.9413343672623258,0.8211855080600499,0.9840274714188499,0.923388459959531,3.216,2.412,1.0042774926165852,0.862653002265438,0.8963958177724043,0.9317449409764822,0.9265991799157094
0,20,2.412,1.0204038730644336,2.441563823162678,0.9041870616007276,2.0819280244488136,0.8970596623535314,0.8582448316269177,2.491589391426089,1.0006814510778939,1.037593797131982,1.608,0.804,0.9091477662976593,2.412,0.804,0.9140831750333696,1.027340259116614,0.9352593505319781,1.0125888817703417,1.1338877056244523,1.6372901310753187,1.608,0.8501385376976817,1.0623811940713692,1.129384327815748,0.9786582471355956,0.9555729396614707,0.9150116968571863,3.216,1.1477580591959926,0.953301218698336,1.8619669065800775,0.804,0.804,1.0592889651426787,0.8663022294340063,2.412,0.804,1.0104466095521931,1.608,0.9848654415380482,0.9501854474164783,2.0691031094691446,2.066267635990287,1.0892252757920442,1.8515596973302162,0.8964399493843445,0.9652815999381907,0.804,3.216,0.8912780095995029,0.8492653326009978,1.1294025161424073,0.804,0.9803095468207321,0.8814334015422127,0.8314155538772183,0.9414231032960529,2.412,1.0684778613925126,0.8927829707204836,3.216,0.8291381234977168,1.0437687615124247,2.4841127047975107,1.2,1.0718830207128736,1.608,1.0336062037813414,1.8706679180991421,1.0833771607686287,3.216,0.9839202296890583,0.9305173100911764,0.8931412713407092,4.02,0.965842493374503,2.412,1.632478885878089,0.804,1.6381765302218279,0.9677265065844253,1.7803659483045493,0.8204443394073313,0.8205069601543079,1.6757402188972081,0.9866747913384778,3.216,2.470037150517225,0.9413343672623258,0.8211855080600499,0.9840274714188499,0.923388459959531,3.216,2.412,1.0042774926165852,0.862653002265438,0.8963958177724043,0.9317449409764822,0.9265991799157094
0,21,2.412,1.0204038730644336,2.441563823162678,0.9041870616007276,2.0819280244488136,0.8970596623535314,0.8582448316269177,2.491589391426089,1.0006814510778939,1.037593797131982,1.608,0.804,0.9091477662976593,2.412,0.804,0.9140831750333696,1.027340259116614,0.9352593505319781,1.0125888817703417,1.1338877056244523,1.6372901310753187,1.608,0.8501385376976817,1.0623811940713692,1.129384327815748,0.9786582471355956,0.9555729396614707,0.9150116968571863,3.216,1.1477580591959926,0.953301218698336,1.8619669065800775,0.804,0.804,1.0592889651426787,0.8663022294340063,2.412,0.804,1.0104466095521931,1.608,0.9848654415380482,0.9501854474164783,2.0691031094691446,2.066267635990287,1.0892252757920442,1.8515596973302162,0.8964399493843445,0.9652815999381907,0.804,3.216,0.8912780095995029,0.8492653326009978,1.1294025161424073,0.804,0.9803095468207321,0.8814334015422127,0.8314155538772183,0.9414231032960529,2.412,1.0684778613925126,0.8927829707204836,3.216,0.8291381234977168,1.0437687615124247,2.4841127047975107,1.2,1.0718830207128736,1.608,1.0336062037813414,1.8706679180991421,1.0833771607686287,3.216,0.9839202296890583,0.9305173100911764,0.8931412713407092,4.02,0.965842493374503,2.412,1.632478885878089,0.804,1.6381765302218279,0.9677265065844253,1.7803659483045493,0.8204443394073313,0.8205069601543079,1.6757402188972081,0.9866747913384778,3.216,2.470037150517225,0.9413343672623258,0.8211855080600499,0.9840274714188499,0.923388459959531,3.216,2.412,1.0042774926165852,0.862653002265438,0.8963958177724043,0.9317449409764822,0.9265991799157094
0,22,2.412,1.0204038730644336,2.441563823162678,0.9041870616007276,2.0819280244488136,0.8970596623535314,0.8582448316269177,2.491589391426089,1.0006814510778939,1.037593797131982,1.608,0.804,0.9091477662976593,2.412,0.804,0.9140831750333696,1.027340259116614,0.9352593505319781,1.0125888817703417,1.1338877056244523,1.6372901310753187,1.608,0.8501385376976817,1.0623811940713692,1.129384327815748,0.9786582471355956,0.9555729396614707,0.9150116968571863,3.216,1.1477580591959926,0.953301218698336,1.8619669065800775,0.804,0.804,1.0592889651426787,0.8663022294340063,2.412,0.804,1.0104466095521931,1.608,0.9848654415380482,0.9501854474164783,2.0691031094691446,2.066267635990287,1.0892252757920442,1.8515596973302162,0.8964399493843445,0.9652815999381907,0.804,3.216,0.8912780095995029,0.8492653326009978,1.1294025161424073,0.804,0.9803095468207321,0.8814334015422127,0.8314155538772183,0.9414231032960529,2.412,1.0684778613925126,0.8927829707204836,3.216,0.8291381234977168,1.0437687615124247,2.4841127047975107,1.2,1.0718830207128736,1.608,1.0336062037813414,1.8706679180991421,1.0833771607686287,3.216,0.9839202296890583,0.9305173100911764,0.8931412713407092,4.02,0.965842493374503,2.412,1.632478885878089,0.804,1.6381765302218279,0.9677265065844253,1.7803659483045493,0.8204443394073313,0.8205069601543079,1.6757402188972081,0.9866747913384778,3.216,2.470037150517225,0.9413343672623258,0.8211855080600499,0.9840274714188499,0.923388459959531,3.216,2.412,1.0042774926165852,0.862653002265438,0.8963958177724043,0.9317449409764822,0.9265991799157094
0,23,2.412,1.0204038730644336,2.441563823162678,0.9041870616007276,2.0819280244488136,0.8970596623535314,0.8582448316269177,2.491589391426089,1.0006814510778939,1.037593797131982,1.608,0.804,0.9091477662976593,2.412,0.804,0.9140831750333696,1.027340259116614,0.9352593505319781,1.0125888817703417,1.1338877056244523,1.6372901310753187,1.608,0.8501385376976817,1.0623811940713692,1.129384327815748,0.9786582471355956,0.9555729396614707,0.9150116968571863,3.216,1.1477580591959926,0.953301218698336,1.8619669065800775,0.804,0.804,1.0592889651426787,0.8663022294340063,2.412,0.804,1.0104466095521931,1.608,0.9848654415380482,0.9501854474164783,2.0691031094691446,2.066267635990287,1.0892252757920442,1.8515596973302162,0.8964399493843445,0.9652815999381907,0.804,3.216,0.8912780095995029,0.8492653326009978,1.1294025161424073,0.804,0.9803095468207321,0.8814334015422127,0.8314155538772183,0.9414231032960529,2.412,1.0684778613925126,0.8927829707204836,3.216,0.8291381234977168,1.0437687615124247,2.4841127047975107,1.2,1.0718830207128736,1.608,1.0336062037813414,1.8706679180991421,1.0833771607686287,3.216,0.9839202296890583,0.9305173100911764,0.8931412713407092,4.02,0.965842493374503,2.412,1.632478885878089,0.804,1.6381765302218279,0.9677265065844253,1.7803659483045493,0.8204443394073313,0.8205069601543079,1.6757402188972081,0.9866747913384778,3.216,2.470037150517225,0.9413343672623258,0.8211855080600499,0.9840274714188499,0.923388459959531,3.216,2.412,1.0042774926165852,0.862653002265438,0.8963958177724043,0.9317449409764822,0.9265991799157094
0,24,2.412,1.0204038730644336,2.441563823162678,0.9041870616007276,2.0819280244488136,0.8970596623535314,0.8582448316269177,2.491589391426089,1.0006814510778939,1.037593797131982,1.608,0.804,0.9091477662976593,2.412,0.804,0.9140831750333696,1.027340259116614,0.9352593505319781,1.0125888817703417,1.1338877056244523,1.6372901310753187,1.608,0.8501385376976817,1.0623811940713692,1.129384327815748,0.9786582471355956,0.9555729396614707,0.9150116968571863,3.216,1.1477580591959926,0.953301218698336,1.8619669065800775,0.804,0.804,1.0592889651426787,0.8663022294340063,2.412,0.804,1.0104466095521931,1.608,0.9848654415380482,0.9501854474164783,2.0691031094691446,2.066267635990287,1.0892252757920442,1.8515596973302162,0.8964399493843445,0.9652815999381907,0.804,3.216,0.8912780095995029,0.8492653326009978,1.1294025161424073,0.804,0.9803095468207321,0.8814334015422127,0.8314155538772183,0.9414231032960529,2.412,1.0684778613925126,0.8927829707204836,3.216,0.8291381234977168,1.0437687615124247,2.4841127047975107,1.2,1.0718830207128736,1.608,1.0336062037813414,1.8706679180991421,1.0833771607686287,3.216,0.9839202296890583,0.9305173100911764,0.8931412713407092,4.02,0.965842493374503,2.412,1.632478885878089,0.804,1.6381765302218279,0.9677265065844253,1.7803659483045493,0.8204443394073313,0.8205069601543079,1.6757402188972081,0.9866747913384778,3.216,2.470037150517225,0.9413343672623258,0.8211855080600499,0.9840274714188499,0.923388459959531,3.216,2.412,1.0042774926165852,0.862653002265438,0.8963958177724043,0.9317449409764822,0.9265991799157094
0,25,2.412,1.0204038730644336,2.441563823162678,0.9041870616007276,2.0819280244488136,0.8970596623535314,0.8582448316269177,2.491589391426089,1.0006814510778939,1.037593797131982,1.608,0.804,0.9091477662976593,2.412,0.804,0.9140831750333696,1.027340259116614,0.9352593505319781,1.0125888817703417,1.1338877056244523,1.6372901310753187,1.608,0.8501385376976817,1.0623811940713692,1.129384327815748,0.9786582471355956,0.9555729396614707,0.9150116968571863,3.216,1.1477580591959926,0.953301218698336,1.8619669065800775,0.804,0.804,1.0592889651426787,0.8663022294340063,2.412,0.804,1.0104466095521931,1.608,0.9848654415380482,0.9501854474164783,2.0691031094691446,2.066267635990287,1.0892252757920442,1.8515596973302162,0.8964399493843445,0.9652815999381907,0.804,3.216,0.8912780095995029,0.8492653326009978,1.1294025161424073,0.804,0.9803095468207321,0.8814334015422127,0.8314155538772183,0.9414231032960529,2.412,1.0684778613925126,0.8927829707204836,3.216,0.8291381234977168,1.0437687615124247,2.4841127047975107,1.2,1.0718830207128736,1.608,1.0336062037813414,1.8706679180991421,1.0833771607686287,3.216,0.9839202296890583,0.9305173100911764,0.8931412713407092,4.02,0.965842493374503,2.412,1.632478885878089,0.804,1.6381765302218279,0.9677265065844253,1.7803659483045493,0.8204443394073313,0.8205069601543079,1.6757402188972081,0.9866747913384778,3.216,2.470037150517225,0.9413343672623258,0.8211855080600499,0.9840274714188499,0.923388459959531,3.216,2.412,1.0042774926165852,0.862653002265438,0.8963958177724043,0.9317449409764822,0.9265991799157094
0,26,2.412,1.0204038730644336,2.441563823162678,0.9041870616007276,2.0819280244488136,0.8970596623535314,0.8582448316269177,2.491589391426089,1.0006814510778939,1.037593797131982,1.608,0.804,0.9091477662976593,2.412,0.804,0.9140831750333696,1.027340259116614,0.9352593505319781,1.0125888817703417,1.1338877056244523,1.6372901310753187,1.608,0.8501385376976817,1.0623811940713692,1.129384327815748,0.9786582471355956,0.9555729396614707,0.9150116968571863,3.216,1.1477580591959926,0.953301218698336,1.8619669065800775,0.804,0.804,1.0592889651426787,0.8663022294340063,2.412,0.804,1.0104466095521931,1.608,0.9848654415380482,0.9501854474164783,2.0691031094691446,2.066267635990287,1.0892252757920442,1.8515596973302162,0.8964399493843445,0.9652815999381907,0.804,3.216,0.8912780095995029,0.8492653326009978,1.1294025161424073,0.804,0.9803095468207321,0.8814334015422127,0.8314155538772183,0.9414231032960529,2.412,1.0684778613925126,0.8927829707204836,3.216,0.8291381234977168,1.0437687615124247,2.4841127047975107,1.2,1.0718830207128736,1.608,1.0336062037813414,1.8706679180991421,1.0833771607686287,3.216,0.9839202296890583,0.9305173100911764,0.8931412713407092,4.02,0.965842493374503,2.412,1.632478885878089,0.804,1.6381765302218279,0.9677265065844253,1.7803659483045493,0.8204443394073313,0.8205069601543079,1.6757402188972081,0.9866747913384778,3.216,2.470037150517225,0.9413343672623258,0.8211855080600499,0.9840274714188499,0.923388459959531,3.216,2.412,1.0042774926165852,0.862653002265438,0.8963958177724043,0.9317449409764822,0.9265991799157094
0,27,2.412,1.0204038730644336,2.441563823162678,0.9041870616007276,2.0819280244488136,0.8970596623535314,0.8582448316269177,2.491589391426089,1.0006814510778939,1.037593797131982,1.608,0.804,0.9091477662976593,2.412,0.804,0.9140831750333696,1.027340259116614,0.9352593505319781,1.0125888817703417,1.1338877056244523,1.6372901310753187,1.608,0.8501385376976817,1.0623811940713692,1.129384327815748,0.9786582471355956,0.9555729396614707,0.9150116968571863,3.216,1.1477580591959926,0.953301218698336,1.8619669065800775,0.804,0.804,1.0592889651426787,0.8663022294340063,2.412,0.804,1.0104466095521931,1.608,0.9848654415380482,0.9501854474164783,2.0691031094691446,2.066267635990287,1.0892252757920442,1.8515596973302162,0.8964399493843445,0.9652815999381907,0.804,3.216,0.8912780095995029,0.8492653326009978,1.1294025161424073,0.804,0.9803095468207321,0.8814334015422127,0.8314155538772183,0.9414231032960529,2.412,1.0684778613925126,0.8927829707204836,3.216,0.8291381234977168,1.0437687615124247,2.4841127047975107,1.2,1.0718830207128736,1.608,1.0336062037813414,1.8706679180991421,1.0833771607686287,3.216,0.9839202296890583,0.9305173100911764,0.8931412713407092,4.02,0.965842493374503,2.412,1.632478885878089,0.804,1.6381765302218279,0.9677265065844253,1.7803659483045493,0.8204443394073313,0.8205069601543079,1.6757402188972081,0.9866747913384778,3.216,2.470037150517225,0.9413343672623258,0.8211855080600499,0.9840274714188499,0.923388459959531,3.216,2.412,1.0042774926165852,0.862653002265438,0.8963958177724043,0.9317449409764822,0.9265991799157094
0,28,2.412,1.0204038730644336,2.441563823162678,0.9041870616007276,2.0819280244488136,0.8970596623535314,0.8582448316269177,2.491589391426089,1.0006814510778939,1.037593797131982,1.608,0.804,0.9091477662976593,2.412,0.804,0.9140831750333696,1.027340259116614,0.9352593505319781,1.0125888817703417,1.1338877056244523,1.6372901310753187,1.608,0.8501385376976817,1.0623811940713692,1.129384327815748,0.9786582471355956,0.9555729396614707,0.9150116968571863,3.216,1.1477580591959926,0.953301218698336,1.8619669065800775,0.804,0.804,1.0592889651426787,0.8663022294340063,2.412,0.804,1.0104466095521931,1.608,0.9848654415380482,0.9501854474164783,2.0691031094691446,2.066267635990287,1.0892252757920442,1.8515596973302162,0.8964399493843445,0.9652815999381907,0.804,3.216,0.8912780095995029,0.8492653326009978,1.1294025161424073,0.804,0.9803095468207321,0.8814334015422127,0.8314155538772183,0.9414231032960529,2.412,1.0684778613925126,0.8927829707204836,3.216,0.8291381234977168,1.0437687615124247,2.4841127047975107,1.2,1.0718830207128736,1.608,1.0336062037813414,1.8706679180991421,1.0833771607686287,3.216,0.9839202296890583,0.9305173100911764,0.8931412713407092,4.02,0.965842493374503,2.412,1.632478885878089,0.804,1.6381765302218279,0.9677265065844253,1.7803659483045493,0.8204443394073313,0.8205069601543079,1.6757402188972081,0.9866747913384778,3.216,2.470037150517225,0.9413343672623258,0.8211855080600499,0.9840274714188499,0.923388459959531,3.216,2.412,1.0042774926165852,0.862653002265438,0.8963958177724043,0.9317449409764822,0.9265991799157094
0,29,2.412,1.0204038730644336,2.441563823162678,0.9041870616007276,2.0819280244488136,0.8970596623535314,0.8582448316269177,2.491589391426089,1.0006814510778939,1.037593797131982,1.608,0.804,0.9091477662976593,2.412,0.804,0.9140831750333696,1.027340259116614,0.9352593505319781,1.0125888817703417,1.1338877056244523,1.6372901310753187,1.608,0.8501385376976817,1.0623811940713692,1.129384327815748,0.9786582471355956,0.9555729396614707,0.9150116968571863,3.216,1.1477580591959926,0.953301218698336,1.8619669065800775,0.804,0.804,1.0592889651426787,0.8663022294340063,2.412,0.804,1.0104466095521931,1.608,0.9848654415380482,0.9501854474164783,2.0691031094691446,2.066267635990287,1.0892252757920442,1.8515596973302162,0.8964399493843445,0.9652815999381907,0.804,3.216,0.8912780095995029,0.8492653326009978,1.1294025161424073,0.804,0.9803095468207321,0.8814334015422127,0.8314155538772183,0.9414231032960529,2.412,1.0684778613925126,0.8927829707204836,3.216,0.8291381234977168,1.0437687615124247,2.4841127047975107,1.2,1.0718830207128736,1.608,1.0336062037813414,1.8706679180991421,1.0833771607686287,3.216,0.9839202296890583,0.9305173100911764,0.8931412713407092,4.02,0.965842493374503,2.412,1.632478885878089,0.804,1.6381765302218279,0.9677265065844253,1.7803659483045493,0.8204443394073313,0.8205069601543079,1.6757402188972081,0.9866747913384778,3.216,2.470037150517225,0.9413343672623258,0.8211855080600499,0.9840274714188499,0.923388459959531,3.216,2.412,1.0042774926165852,0.862653002265438,0.8963958177724043,0.9317449409764822,0.9265991799157094
0,30,2.412,1.0204038730644336,2.441563823162678,0.9041870616007276,2.0819280244488136,0.8970596623535314,0.8582448316269177,2.491589391426089,1.0006814510778939,1.037593797131982,1.608,0.804,0.9091477662976593,2.412,0.804,0.9140831750333696,1.027340259116614,0.9352593505319781,1.0125888817703417,1.1338877056244523,1.6372901310753187,1.608,0.8501385376976817,1.0623811940713692,1.129384327815748,0.9786582471355956,0.9555729396614707,0.9150116968571863,3.216,1.1477580591959926,0.953301218698336,1.8619669065800775,0.804,0.804,1.0592889651426787,0.8663022294340063,2.412,0.804,1.0104466095521931,1.608,0.9848654415380482,0.9501854474164783,2.0691031094691446,2.066267635990287,1.0892252757920442,1.8515596973302162,0.8964399493843445,0.9652815999381907,0.804,3.216,0.8912780095995029,0.8492653326009978,1.1294025161424073,0.804,0.9803095468207321,0.8814334015422127,0.8314155538772183,0.9414231032960529,2.412,1.0684778613925126,0.8927829707204836,3.216,0.8291381234977168,1.0437687615124247,2.4841127047975107,1.2,1.0718830207128736,1.608,1.0336062037813414,1.8706679180991421,1.0833771607686287,3.216,0.9839202296890583,0.9305173100911764,0.8931412713407092,4.02,0.965842493374503,2.412,1.632478885878089,0.804,1.6381765302218279,0.9677265065844253,1.7803659483045493,0.8204443394073313,0.8205069601543079,1.6757402188972081,0.9866747913384778,3.216,2.470037150517225,0.9413343672623258,0.8211855080600499,0.9840274714188499,0.923388459959531,3.216,2.412,1.0042774926165852,0.862653002265438,0.8963958177724043,0.9317449409764822,0.9265991799157094
0,31,2.412,1.0204038730644336,2.441563823162678,0.9041870616007276,2.0819280244488136,0.8970596623535314,0.8582448316269177,2.491589391426089,1.0006814510778939,1.037593797131982,1.608,0.804,0.9091477662976593,2.412,0.804,0.9140831750333696,1.027340259116614,0.9352593505319781,1.0125888817703417,1.1338877056244523,1.6372901310753187,1.608,0.8501385376976817,1.0623811940713692,1.129384327815748,0.9786582471355956,0.9555729396614707,0.9150116968571863,3.216,1.1477580591959926,0.953301218698336,1.8619669065800775,0.804,0.804,1.0592889651426787,0.8663022294340063,2.412,0.804,1.0104466095521931,1.608,0.9848654415380482,0.9501854474164783,2.0691031094691446,2.066267635990287,1.0892252757920442,1.8515596973302162,0.8964399493843445,0.9652815999381907,0.804,3.216,0.8912780095995029,0.8492653326009978,1.1294025161424073,0.804,0.9803095468207321,0.8814334015422127,0.8314155538772183,0.9414231032960529,2.412,1.0684778613925126,0.8927829707204836,3.216,0.8291381234977168,1.0437687615124247,2.4841127047975107,1.2,1.0718830207128736,1.608,1.0336062037813414,1.8706679180991421,1.0833771607686287,3.216,0.9839202296890583,0.9305173100911764,0.8931412713407092,4.02,0.965842493374503,2.412,1.632478885878089,0.804,1.6381765302218279,0.9677265065844253,1.7803659483045493,0.8204443394073313,0.8205069601543079,1.6757402188972081,0.9866747913384778,3.216,2.470037150517225,0.9413343672623258,0.8211855080600499,0.9840274714188499,0.923388459959531,3.216,2.412,1.0042774926165852,0.862653002265438,0.8963958177724043,0.9317449409764822,0.9265991799157094
0,32,2.412,1.0204038730644336,2.441563823162678,0.9041870616007276,2.0819280244488136,0.8970596623535314,0.8582448316269177,2.491589391426089,1.0006814510778939,1.037593797131982,1.608,0.804,0.9091477662976593,2.412,0.804,0.9140831750333696,1.027340259116614,0.9352593505319781,1.0125888817703417,1.1338877056244523,1.6372901310753187,1.608,0.8501385376976817,1.0623811940713692,1.129384327815748,0.9786582471355956,0.9555729396614707,0.9150116968571863,3.216,1.1477580591959926,0.953301218698336,1.8619669065800775,0.804,0.804,1.0592889651426787,0.8663022294340063,2.412,0.804,1.0104466095521931,1.608,0.9848654415380482,0.9501854474164783,2.0691031094691446,2.066267635990287,1.0892252757920442,1.8515596973302162,0.8964399493843445,0.9652815999381907,0.804,3.216,0.8912780095995029,0.8492653326009978,1.1294025161424073,0.804,0.9803095468207321,0.8814334015422127,0.8314155538772183,0.9414231032960529,2.412,1.0684778613925126,0.8927829707204836,3.216,0.8291381234977168,1.0437687615124247,2.4841127047975107,1.2,1.0718830207128736,1.608,1.0336062037813414,1.8706679180991421,1.0833771607686287,3.216,0.9839202296890583,0.9305173100911764,0.8931412713407092,4.02,0.965842493374503,2.412,1.632478885878089,0.804,1.6381765302218279,0.9677265065844253,1.7803659483045493,0.8204443394073313,0.8205069601543079,1.6757402188972081,0.9866747913384778,3.216,2.470037150517225,0.9413343672623258,0.8211855080600499,0.9840274714188499,0.923388459959531,3.216,2.412,1.0042774926165852,0.862653002265438,0.8963958177724043,0.9317449409764822,0.9265991799157094
0,33,2.412,1.0204038730644336,2.441563823162678,0.9041870616007276,2.0819280244488136,0.8970596623535314,0.8582448316269177,2.491589391426089,1.0006814510778939,1.037593797131982,1.608,0.804,0.9091477662976593,2.412,0.804,0.9140831750333696,1.027340259116614,0.9352593505319781,1.0125888817703417,1.1338877056244523,1.6372901310753187,1.608,0.8501385376976817,1.0623811940713692,1.129384327815748,0.9786582471355956,0.9555729396614707,0.9150116968571863,3.216,1.1477580591959926,0.953301218698336,1.8619669065800775,0.804,0.804,1.0592889651426787,0.8663022294340063,2.412,0.804,1.0104466095521931,1.608,0.9848654415380482,0.9501854474164783,2.0691031094691446,2.066267635990287,1.0892252757920442,1.8515596973302162,0.8964399493843445,0.9652815999381907,0.804,3.216,0.8912780095995029,0.8492653326009978,1.1294025161424073,0.804,0.9803095468207321,0.8814334015422127,0.8314155538772183,0.9414231032960529,2.412,1.0684778613925126,0.8927829707204836,3.216,0.8291381234977168,1.0437687615124247,2.4841127047975107,1.2,1.0718830207128736,1.608,1.0336062037813414,1.8706679180991421,1.0833771607686287,3.216,0.9839202296890583,0.9305173100911764,0.8931412713407092,4.02,0.965842493374503,2.412,1.632478885878089,0.804,1.6381765302218279,0.9677265065844253,1.7803659483045493,0.8204443394073313,0.8205069601543079,1.6757402188972081,0.9866747913384778,3.216,2.470037150517225,0.9413343672623258,0.8211855080600499,0.9840274714188499,0.923388459959531,3.216,2.412,1.0042774926165852,0.862653002265438,0.8963958177724043,0.9317449409764822,0.9265991799157094
0,34,2.412,1.0204038730644336,2.441563823162678,0.9041870616007276,2.0819280244488136,0.8970596623535314,0.8582448316269177,2.491589391426089,1.0006814510778939,1.037593797131982,1.608,0.804,0.9091477662976593,2.412,0.804,0.9140831750333696,1.027340259116614,0.9352593505319781,1.0125888817703417,1.1338877056244523,1.6372901310753187,1.608,0.8501385376976817,1.0623811940713692,1.129384327815748,0.9786582471355956,0.9555729396614707,0.9150116968571863,3.216,1.1477580591959926,0.953301218698336,1.8619669065800775,0.804,0.804,1.0592889651426787,0.8663022294340063,2.412,0.804,1.0104466095521931,1.608,0.9848654415380482,0.9501854474164783,2.0691031094691446,2.066267635990287,1.0892252757920442,1.8515596973302162,0.8964399493843445,0.9652815999381907,0.804,3.216,0.8912780095995029,0.8492653326009978,1.1294025161424073,0.804,0.9803095468207321,0.8814334015422127,0.8314155538772183,0.9414231032960529,2.412,1.0684778613925126,0.8927829707204836,3.216,0.8291381234977168,1.0437687615124247,2.4841127047975107,1.2,1.0718830207128736,1.608,1.0336062037813414,1.8706679180991421,1.0833771607686287,3.216,0.9839202296890583,0.9305173100911764,0.8931412713407092,4.02,0.965842493374503,2.412,1.632478885878089,0.804,1.6381765302218279,0.9677265065844253,1.7803659483045493,0.8204443394073313,0.8205069601543079,1.6757402188972081,0.9866747913384778,3.216,2.470037150517225,0.9413343672623258,0.8211855080600499,0.9840274714188499,0.923388459959531,3.216,2.412,1.0042774926165852,0.862653002265438,0.8963958177724043,0.9317449409764822,0.9265991799157094
0,35,2.412,1.0204038730644336,2.441563823162678,0.9041870616007276,2.0819280244488136,0.8970596623535314,0.8582448316269177,2.491589391426089,1.0006814510778939,1.037593797131982,1.608,0.804,0.9091477662976593,2.412,0.804,0.9140831750333696,1.027340259116614,0.9352593505319781,1.0125888817703417,1.1338877056244523,1.6372901310753187,1.608,0.8501385376976817,1.0623811940713692,1.129384327815748,0.9786582471355956,0.9555729396614707,0.9150116968571863,3.216,1.1477580591959926,0.953301218698336,1.8619669065800775,0.804,0.804,1.0592889651426787,0.8663022294340063,2.412,0.804,1.0104466095521931,1.608,0.9848654415380482,0.9501854474164783,2.0691031094691446,2.066267635990287,1.0892252757920442,1.8515596973302162,0.8964399493843445,0.9652815999381907,0.804,3.216,0.8912780095995029,0.8492653326009978,1.1294025161424073,0.804,0.9803095468207321,0.8814334015422127,0.8314155538772183,0.9414231032960529,2.412,1.0684778613925126,0.8927829707204836,3.216,0.8291381234977168,1.0437687615124247,2.4841127047975107,1.2,1.0718830207128736,1.608,1.0336062037813414,1.8706679180991421,1.0833771607686287,3.216,0.9839202296890583,0.9305173100911764,0.8931412713407092,4.02,0.965842493374503,2.412,1.632478885878089,0.804,1.6381765302218279,0.9677265065844253,1.7803659483045493,0.8204443394073313,0.8205069601543079,1.6757402188972081,0.9866747913384778,3.216,2.470037150517225,0.9413343672623258,0.8211855080600499,0.9840274714188499,0.923388459959531,3.216,2.412,1.0042774926165852,0.862653002265438,0.8963958177724043,0.9317449409764822,0.9265991799157094
0,36,2.412,1.0204038730644336,2.441563823162678,0.9041870616007276,2.0819280244488136,0.8970596623535314,0.8582448316269177,2.491589391426089,1.0006814510778939,1.037593797131982,1.608,0.804,0.9091477662976593,2.412,0.804,0.9140831750333696,1.027340259116614,0.9352593505319781,1.0125888817703417,1.1338877056244523,1.6372901310753187,1.608,0.8501385376976817,1.0623811940713692,1.129384327815748,0.9786582471355956,0.9555729396614707,0.9150116968571863,3.216,1.1477580591959926,0.953301218698336,1.8619669065800775,0.804,0.804,1.0592889651426787,0.8663022294340063,2.412,0.804,1.0104466095521931,1.608,0.9848654415380482,0.9501854474164783,2.0691031094691446,2.066267635990287,1.0892252757920442,1.8515596973302162,0.8964399493843445,0.9652815999381907,0.804,3.216,0.8912780095995029,0.8492653326009978,1.1294025161424073,0.804,0.9803095468207321,0.8814334015422127,0.8314155538772183,0.9414231032960529,2.412,1.0684778613925126,0.8927829707204836,3.216,0.8291381234977168,1.0437687615124247,2.4841127047975107,1.2,1.0718830207128736,1.608,1.0336062037813414,1.8706679180991421,1.0833771607686287,3.216,0.9839202296890583,0.9305173100911764,0.8931412713407092,4.02,0.965842493374503,2.412,1.632478885878089,0.804,1.6381765302218279,0.9677265065844253,1.7803659483045493,0.8204443394073313,0.8205069601543079,1.6757402188972081,0.9866747913384778,3.216,2.470037150517225,0.9413343672623258,0.8211855080600499,0.9840274714188499,0.923388459959531,3.216,2.412,1.0042774926165852,0.862653002265438,0.8963958177724043,0.9317449409764822,0.9265991799157094
0,37,2.412,1.0204038730644336,2.441563823162678,0.9041870616007276,2.0819280244488136,0.8970596623535314,0.8582448316269177,2.491589391426089,1.0006814510778939,1.037593797131982,1.608,0.804,0.9091477662976593,2.412,0.804,0.9140831750333696,1.027340259116614,0.9352593505319781,1.0125888817703417,1.1338877056244523,1.6372901310753187,1.608,0.8501385376976817,1.0623811940713692,1.129384327815748,0.9786582471355956,0.9555729396614707,0.9150116968571863,3.216,1.1477580591959926,0.953301218698336,1.8619669065800775,0.804,0.804,1.0592889651426787,0.8663022294340063,2.412,0.804,1.0104466095521931,1.608,0.9848654415380482,0.9501854474164783,2.0691031094691446,2.066267635990287,1.0892252757920442,1.8515596973302162,0.8964399493843445,0.9652815999381907,0.804,3.216,0.8912780095995029,0.8492653326009978,1.1294025161424073,0.804,0.9803095468207321,0.8814334015422127,0.8314155538772183,0.9414231032960529,2.412,1.0684778613925126,0.8927829707204836,3.216,0.8291381234977168,1.0437687615124247,2.4841127047975107,1.2,1.0718830207128736,1.608,1.0336062037813414,1.8706679180991421,1.0833771607686287,3.216,0.9839202296890583,0.9305173100911764,0.8931412713407092,4.02,0.965842493374503,2.412,1.632478885878089,0.804,1.6381765302218279,0.9677265065844253,1.7803659483045493,0.8204443394073313,0.8205069601543079,1.6757402188972081,0.9866747913384778,3.216,2.470037150517225,0.9413343672623258,0.8211855080600499,0.9840274714188499,0.923388459959531,3.216,2.412,1.0042774926165852,0.862653002265438,0.8963958177724043,0.9317449409764822,0.9265991799157094
0,38,2.412,1.0204038730644336,2.441563823162678,0.9041870616007276,2.0819280244488136,0.8970596623535314,0.8582448316269177,2.491589391426089,1.0006814510778939,1.037593797131982,1.608,0.804,0.9091477662976593,2.412,0.804,0.9140831750333696,1.027340259116614,0.9352593505319781,1.0125888817703417,1.1338877056244523,1.6372901310753187,1.608,0.8501385376976817,1.0623811940713692,1.129384327815748,0.9786582471355956,0.9555729396614707,0.9150116968571863,3.216,1.1477580591959926,0.953301218698336,1.8619669065800775,0.804,0.804,1.0592889651426787,0.8663022294340063,2.412,0.804,1.0104466095521931,1.608,0.9848654415380482,0.9501854474164783,2.0691031094691446,2.066267635990287,1.0892252757920442,1.8515596973302162,0.8964399493843445,0.9652815999381907,0.804,3.216,0.8912780095995029,0.8492653326009978,1.1294025161424073,0.804,0.9803095468207321,0.8814334015422127,0.8314155538772183,0.9414231032960529,2.412,1.0684778613925126,0.8927829707204836,3.216,0.8291381234977168,1.0437687615124247,2.4841127047975107,1.2,1.0718830207128736,1.608,1.0336062037813414,1.8706679180991421,1.0833771607686287,3.216,0.9839202296890583,0.9305173100911764,0.8931412713407092,4.02,0.965842493374503,2.412,1.632478885878089,0.804,1.6381765302218279,0.9677265065844253,1.7803659483045493,0.8204443394073313,0.8205069601543079,1.6757402188972081,0.9866747913384778,3.216,2.470037150517225,0.9413343672623258,0.8211855080600499,0.9840274714188499,0.923388459959531,3.216,2.412,1.0042774926165852,0.862653002265438,0.8963958177724043,0.9317449409764822,0.9265991799157094
0,39,2.412,1.0204038730644336,2.441563823162678,0.9041870616007276,2.0819280244488136,0.8970596623535314,0.8582448316269177,2.491589391426089,1.0006814510778939,1.037593797131982,1.608,0.804,0.9091477662976593,2.412,0.804,0.9140831750333696,1.027340259116614,0.9352593505319781,1.0125888817703417,1.1338877056244523,1.6372901310753187,1.608,0.8501385376976817,1.0623811940713692,1.129384327815748,0.9786582471355956,0.9555729396614707,0.9150116968571863,3.216,1.1477580591959926,0.953301218698336,1.8619669065800775,0.804,0.804,1.0592889651426787,0.8663022294340063,2.412,0.804,1.0104466095521931,1.608,0.9848654415380482,0.9501854474164783,2.0691031094691446,2.066267635990287,1.0892252757920442,1.8515596973302162,0.8964399493843445,0.9652815999381907,0.804,3.216,0.8912780095995029,0.8492653326009978,1.1294025161424073,0.804,0.9803095468207321,0.8814334015422127,0.8314155538772183,0.9414231032960529,2.412,1.0684778613925126,0.8927829707204836,3.216,0.8291381234977168,1.0437687615124247,2.4841127047975107,1.2,1.0718830207128736,1.608,1.0336062037813414,1.8706679180991421,1.0833771607686287,3.216,0.9839202296890583,0.9305173100911764,0.8931412713407092,4.02,0.965842493374503,2.412,1.632478885878089,0.804,1.6381765302218279,0.9677265065844253,1.7803659483045493,0.8204443394073313,0.8205069601543079,1.6757402188972081,0.9866747913384778,3.216,2.470037150517225,0.9413343672623258,0.8211855080600499,0.9840274714188499,0.923388459959531,3.216,2.412,1.0042774926165852,0.862653002265438,0.8963958177724043,0.9317449409764822,0.9265991799157094
1,0,0.9370316702449323,1.0125888817703417,0.975050049151941,1.118330357216602,0.8807705504675459,0.9927554366861551,0.9936248061595865,1.0623811940713692,1.8778548234952614,2.0696979326434466,2.7389953044980233,2.491589391426089,1.0590949387021276,1.0204038730644336,0.9140831750333696,0.8802654687383759,1.034484215058521,1.7837359004263798,0.804,0.804,0.9264742477660874,0.804,1.0006814510778939,1.1203508188004905,0.9419274624894924,1.608,1.699330719579005,0.8998915522514921,1.608,1.608,0.957931938889747,0.9540541070468957,1.9388002980868855,0.804,1.7994669952251483,0.9397142637883541,1.0657946431036178,1.7121935100273995,0.9786582471355956,0.804,0.9150538623276434,0.9405292720090267,1.7794838545200538,0.953301218698336,1.608,1.608,2.412,1.18959133506717,0.951202883994893,0.8537327704668577,1.1549187307041067,0.804,1.081046164118417,0.9309898261637988,0.9977441945562702,2.412,0.804,1.0281518559417226,0.8888150381193103,0.951063865748046,0.804,1.0165157558888194,0.9848968064997983,2.412,1.065689720106661,0.804,3.216,1.0454977669813612,0.8897155530266783,0.8610910750320863,0.9113218121719237,1.608,1.098954922938769,0.8841721863043934,1.9488994267940485,1.0194208670147407,1.078471431144314,2.7481803316815707,0.9390175157209367,0.84941901025845,2.4690902240625103,0.9471197370886304,1.0074448382523444,1.080748362234458,0.9316292916520043,1.0833601674662587,1.608,1.608,3.216,0.9642622157477596,0.990505096768237,0.804,0.9783412743394768,0.9037190365351382,1.0424046242025895,0.8818972790462368,1.1717746516339649,0.9709062902443968,1.011385244748497,0.99771593294818
1,1,2.0176432305920144,1.0125888817703417,0.975050049151941,2.521094823394698,1.8007439925326594,0.9927554366861551,0.9936248061595865,1.0623811940713692,1.8778548234952614,2.0696979326434466,2.7389953044980233,2.491589391426089,1.0590949387021276,1.0204038730644336,0.9140831750333696,0.8802654687383759,1.034484215058521,1.7837359004263798,0.804,0.804,0.9264742477660874,0.804,1.0006814510778939,1.1203508188004905,0.9419274624894924,1.608,1.699330719579005,0.8998915522514921,1.608,1.608,0.957931938889747,0.9540541070468957,1.9388002980868855,0.804,1.7994669952251483,0.9397142637883541,1.0657946431036178,0.9688692109185062,0.9786582471355956,0.804,0.9150538623276434,0.9405292720090267,1.7794838545200538,0.953301218698336,1.608,1.608,0.9979433989674295,1.18959133506717,0.951202883994893,2.412,2.412,0.804,3.216,0.9309898261637988,0.9977441945562702,2.412,0.804,1.0281518559417226,0.8888150381193103,0.951063865748046,0.804,1.0165157558888194,0.9848968064997983,2.412,1.065689720106661,0.804,3.216,1.0454977669813612,0.8897155530266783,0.8780761265768267,0.9113218121719237,1.608,1.098954922938769,0.9891327976138101,1.9488994267940485,2.0322561485423956,1.0212668173726238,2.7481803316815707,0.9390175157209367,0.84941901025845,2.4690902240625103,0.9471197370886304,1.0074448382523444,1.080748362234458,0.9316292916520043,1.1925560380493185,0.9572991183722599,1.0786835157384917,1.1667717329719094,0.9642622157477596,0.990505096768237,0.804,0.9783412743394768,1.0393684601559203,1.1636306045453555,0.8818972790462368,1.1717746516339649,0.8569790657946783,1.011385244748497,0.9962907697871656
1,2,2.0176432305920144,1.0125888817703417,0.975050049151941,2.521094823394698,1.8007439925326594,0.9927554366861551,0.9936248061595865,1.0623811940713692,1.8778548234952614,2.0696979326434466,2.7389953044980233,2.491589391426089,1.0590949387021276,1.0204038730644336,0.9140831750333696,0.8802654687383759,1.034484215058521,1.7837359004263798,0.804,0.804,0.9264742477660874,0.9111848496387923,1.8344712758283985,1.1203508188004905,0.9419274624894924,4.02,1.699330719579005,0.8998915522514921,1.608,1.07669488855344,2.412,1.608,1.0053534670387847,0.8438434813524094,1.0214857204003653,0.9397142637883541,1.0657946431036178,0.9688692109185062,0.9786582471355956,0.804,0.9150538623276434,0.9405292720090267,1.7794838545200538,0.953301218698336,1.608,1.608,0.9979433989674295,1.18959133506717,0.951202883994893,2.412,2.412,0.804,3.216,0.9309898261637988,0.9977441945562702,2.412,0.804,1.0281518559417226,0.8888150381193103,0.951063865748046,0.804,0.9811490954402782,1.0030744562634157,1.608,0.804,0.8526987382683334,0.9617308033859552,1.0013127156273307,0.9542239852158968,0.8780761265768267,0.9113218121719237,1.608,1.098954922938769,0.9891327976138101,1.9488994267940485,2.0322561485423956,1.0212668173726238,2.7481803316815707,0.9390175157209367,0.84941901025845,2.4690902240625103,1.043869461396807,1.1225404735261124,0.9539193618116582,1.6211373484341909,1.1925560380493185,0.9572991183722599,1.0786835157384917,1.1667717329719094,0.9642622157477596,0.990505096768237,1.0149027699028226,1.8903399182773142,1.0393684601559203,1.1636306045453555,0.8887014599906444,1.0739143685767294,0.8569790657946783,1.0822494993728184,0.9436803115622029
1,3,2.0176432305920144,3.216,0.975050049151941,2.521094823394698,1.8007439925326594,0.9927554366861551,0.9936248061595865,1.0623811940713692,1.8778548234952614,2.0696979326434466,2.7389953044980233,2.491589391426089,1.0590949387021276,1.0204038730644336,0.9140831750333696,0.8802654687383759,1.034484215058521,1.7837359004263798,0.804,0.804,0.9264742477660874,0.9111848496387923,1.8344712758283985,1.1203508188004905,0.9419274624894924,4.02,1.699330719579005,0.8998915522514921,1.608,1.07669488855344,2.412,1.608,1.0053534670387847,0.8438434813524094,1.0214857204003653,0.9397142637883541,1.0657946431036178,0.9688692109185062,0.9786582471355956,0.804,0.9150538623276434,1.1005937706126323,3.216,0.953301218698336,1.608,1.608,0.9979433989674295,1.18959133506717,0.951202883994893,2.412,2.412,0.804,3.216,0.9309898261637988,0.9977441945562702,2.412,0.804,1.0281518559417226,0.8888150381193103,0.951063865748046,0.804,0.9811490954402782,1.0030744562634157,1.608,0.804,0.8526987382683334,0.9617308033859552,1.0013127156273307,0.9542239852158968,0.8780761265768267,0.9113218121719237,1.608,0.8095138396245244,0.9891327976138101,1.9488994267940485,2.0322561485423956,0.8888497495115835,2.7481803316815707,0.9390175157209367,0.84941901025845,2.4690902240625103,1.043869461396807,1.1225404735261124,0.9539193618116582,1.6211373484341909,1.1925560380493185,1.8803827801172455,1.0786835157384917,1.0244252616235159,0.9642622157477596,0.990505096768237,1.0149027699028226,1.8903399182773142,0.9363893603409801,1.1378338584990857,0.8887014599906444,1.0739143685767294,0.8185371607130658,1.0822494993728184,0.913720374533592
1,4,2.0176432305920144,3.216,0.975050049151941,2.521094823394698,1.8007439925326594,0.9927554366861551,0.9936248061595865,1.0623811940713692,0.8921016193500511,2.0696979326434466,2.7389953044980233,2.491589391426089,1.0590949387021276,1.0204038730644336,1.9148726017526774,0.8802654687383759,1.034484215058521,1.7837359004263798,0.804,0.804,0.9264742477660874,0.9111848496387923,1.8344712758283985,1.1203508188004905,0.9419274624894924,4.02,1.699330719579005,0.8998915522514921,1.608,1.07669488855344,2.412,1.608,1.0053534670387847,0.8438434813524094,1.0214857204003653,0.9397142637883541,1.0657946431036178,0.9688692109185062,0.9786582471355956,0.804,0.9150538623276434,1.1005937706126323,3.216,0.953301218698336,1.608,1.608,0.9979433989674295,1.18959133506717,0.951202883994893,2.412,2.412,0.804,3.216,0.9309898261637988,0.8459916751181539,2.412,0.8649777304990534,0.804,0.804,0.951063865748046,0.804,0.9811490954402782,1.0030744562634157,1.608,0.804,0.8526987382683334,0.9617308033859552,1.0013127156273307,0.9542239852158968,0.8780761265768267,0.9113218121719237,1.608,0.8095138396245244,0.9891327976138101,1.9488994267940485,2.0322561485423956,0.8888497495115835,2.412,0.8877679258366905,0.804,2.4690902240625103,1.043869461396807,1.1225404735261124,0.9539193618116582,1.6211373484341909,1.1925560380493185,1.8803827801172455,1.0786835157384917,1.0244252616235159,0.8930865610906118,1.608,1.0149027699028226,1.8903399182773142,0.9363893603409801,1.1378338584990857,0.8583496250332454,1.037168884945157,0.8185371607130658,1.028192650300668,0.8868285077976398
1,5,2.0176432305920144,3.216,0.975050049151941,2.521094823394698,1.8007439925326594,0.9927554366861551,0.9936248061595865,1.0623811940713692,0.8921016193500511,2.0696979326434466,2.7389953044980233,2.491589391426089,1.0590949387021276,1.0204038730644336,1.9148726017526774,0.8802654687383759,1.034484215058521,1.7837359004263798,0.804,0.804,0.9264742477660874,0.9111848496387923,1.8344712758283985,1.1203508188004905,0.9419274624894924,4.02,1.699330719579005,0.8998915522514921,1.608,1.07669488855344,2.412,1.608,1.0053534670387847,0.8438434813524094,1.0214857204003653,0.9397142637883541,1.0657946431036178,0.9688692109185062,0.9786582471355956,0.804,0.9150538623276434,1.1005937706126323,3.216,0.953301218698336,1.608,1.608,0.9979433989674295,1.18959133506717,0.951202883994893,2.412,2.412,0.804,3.216,0.9309898261637988,0.8459916751181539,2.412,0.8649777304990534,0.804,0.804,0.951063865748046,0.804,0.9811490954402782,1.0030744562634157,1.608,0.804,0.8526987382683334,0.9617308033859552,1.0013127156273307,0.9542239852158968,0.8780761265768267,0.9113218121719237,1.608,0.8095138396245244,0.9891327976138101,1.9488994267940485,2.0322561485423956,0.8888497495115835,2.412,0.8877679258366905,0.804,2.4690902240625103,1.043869461396807,1.1225404735261124,0.9539193618116582,1.6211373484341909,1.117869791165687,1.8803827801172455,1.0786835157384917,1.0244252616235159,0.8930865610906118,1.608,1.0149027699028226,1.8903399182773142,0.8952896544818326,2.0149324715491272,0.8583496250332454,1.037168884945157,0.8851326558596502,1.028192650300668,0.8573836372193018
1,6,2.0176432305920144,3.216,0.975050049151941,2.521094823394698,1.8007439925326594,0.9927554366861551,0.9936248061595865,1.0623811940713692,0.8921016193500511,2.0696979326434466,2.7389953044980233,2.491589391426089,1.0590949387021276,1.0204038730644336,1.9148726017526774,0.8802654687383759,1.034484215058521,1.7837359004263798,0.804,0.804,0.9264742477660874,0.9111848496387923,1.8344712758283985,1.1203508188004905,0.9419274624894924,4.02,1.699330719579005,0.8998915522514921,3.216,1.07669488855344,2.412,1.608,1.0053534670387847,0.8438434813524094,1.0214857204003653,0.9397142637883541,1.0657946431036178,0.9688692109185062,0.9786582471355956,0.804,0.9150538623276434,1.1005937706126323,3.216,0.953301218698336,1.608,1.608,0.9979433989674295,1.18959133506717,0.951202883994893,2.412,2.412,0.804,3.216,0.9309898261637988,0.8459916751181539,2.412,0.8649777304990534,0.804,0.804,0.951063865748046,0.804,0.9811490954402782,1.0030744562634157,1.608,0.9409175025982447,0.8526987382683334,0.9617308033859552,1.0013127156273307,0.9542239852158968,0.8780761265768267,0.9113218121719237,1.608,0.8095138396245244,0.9891327976138101,1.9488994267940485,2.0322561485423956,0.8888497495115835,2.412,0.8877679258366905,0.804,2.4690902240625103,1.043869461396807,0.9228138371124618,0.9539193618116582,1.6211373484341909,1.117869791165687,1.8803827801172455,1.0786835157384917,1.0244252616235159,0.8930865610906118,1.608,0.9446423417392622,1.7461646314411197,0.8952896544818326,2.0149324715491272,0.8455594315406179,1.0683634233022727,0.8851326558596502,0.9673824174503572,0.8699586693749515
1,7,2.0176432305920144,3.216,0.975050049151941,2.521094823394698,1.8007439925326594,0.9927554366861551,0.9936248061595865,1.0623811940713692,0.8921016193500511,2.0696979326434466,2.7389953044980233,2.491589391426089,1.0590949387021276,1.0204038730644336,1.9148726017526774,0.8802654687383759,1.034484215058521,1.7837359004263798,0.804,0.804,0.9264742477660874,0.9111848496387923,1.8344712758283985,1.1203508188004905,0.9419274624894924,4.02,1.699330719579005,0.8998915522514921,3.216,1.07669488855344,2.412,1.608,1.0053534670387847,0.8438434813524094,1.0214857204003653,0.9397142637883541,1.0657946431036178,0.9688692109185062,0.9786582471355956,0.804,0.9150538623276434,1.1005937706126323,3.216,0.953301218698336,1.608,1.608,0.9979433989674295,1.18959133506717,0.951202883994893,2.412,2.412,0.804,3.216,0.9309898261637988,0.8459916751181539,2.412,0.8649777304990534,0.804,0.804,0.951063865748046,0.804,0.9811490954402782,1.0030744562634157,1.608,0.9409175025982447,0.8526987382683334,0.9617308033859552,1.0013127156273307,0.9542239852158968,0.8780761265768267,0.9113218121719237,1.608,0.8095138396245244,0.9891327976138101,1.9488994267940485,2.0322561485423956,0.8888497495115835,2.412,0.8877679258366905,0.804,2.4690902240625103,1.043869461396807,0.9228138371124618,0.9539193618116582,1.6211373484341909,1.117869791165687,1.8803827801172455,1.0786835157384917,1.0244252616235159,0.8930865610906118,1.608,0.9446423417392622,1.7461646314411197,0.8952896544818326,2.0149324715491272,0.8455594315406179,1.0683634233022727,0.8851326558596502,0.9673824174503572,0.8699586693749518
1,8,2.0176432305920144,3.216,0.975050049151941,2.521094823394698,1.8007439925326594,0.9927554366861551,0.9936248061595865,1.0623811940713692,0.8921016193500511,2.0696979326434466,2.7389953044980233,2.491589391426089,1.0590949387021276,1.0204038730644336,1.9148726017526774,0.8802654687383759,1.034484215058521,1.7837359004263798,0.804,0.804,0.9264742477660874,0.9111848496387923,1.8344712758283985,1.1203508188004905,0.9419274624894924,4.02,1.699330719579005,0.8998915522514921,3.216,1.07669488855344,2.412,1.608,1.0053534670387847,0.8438434813524094,1.0214857204003653,0.9397142637883541,1.0657946431036178,0.9688692109185062,0.9786582471355956,0.804,0.9150538623276434,1.1005937706126323,3.216,0.953301218698336,1.608,1.608,0.9979433989674295,1.18959133506717,0.951202883994893,2.412,2.412,0.804,3.216,0.9309898261637988,0.8459916751181539,2.412,0.8649777304990534,0.804,0.804,0.951063865748046,0.804,0.9811490954402782,1.0030744562634157,1.608,0.9409175025982447,0.8526987382683334,0.9617308033859552,1.0013127156273307,0.9542239852158968,0.8780761265768267,0.9113218121719237,1.608,0.8095138396245244,0.9891327976138101,1.9488994267940485,2.0322561485423956,0.8888497495115835,2.412,0.8877679258366905,0.804,2.4690902240625103,1.043869461396807,0.9228138371124618,0.9539193618116582,1.6211373484341909,1.117869791165687,1.8803827801172455,1.0786835157384917,1.0244252616235159,0.8930865610906118,1.608,0.9446423417392622,1.7461646314411197,0.8952896544818326,2.0149324715491272,0.8455594315406179,1.0683634233022727,0.8851326558596502,0.9673824174503572,0.8699586693749518
1,9,2.0176432305920144,3.216,0.975050049151941,2.521094823394698,1.8007439925326594,0.9927554366861551,0.9936248061595865,1.0623811940713692,0.8921016193500511,2.0696979326434466,2.7389953044980233,2.491589391426089,1.0590949387021276,1.0204038730644336,1.9148726017526774,0.8802654687383759,1.034484215058521,1.7837359004263798,0.804,0.804,0.9264742477660874,0.9111848496387923,1.8344712758283985,1.1203508188004905,0.9419274624894924,4.02,1.699330719579005,0.8998915522514921,3.216,1.07669488855344,2.412,1.608,1.0053534670387847,0.8438434813524094,1.0214857204003653,0.9397142637883541,1.0657946431036178,0.9688692109185062,0.9786582471355956,0.804,0.9150538623276434,1.1005937706126323,3.216,0.953301218698336,1.608,1.608,0.9979433989674295,1.18959133506717,0.951202883994893,2.412,2.412,0.804,3.216,0.9309898261637988,0.8459916751181539,2.412,0.8649777304990534,0.804,0.804,0.951063865748046,0.804,0.9811490954402782,1.0030744562634157,1.608,0.9409175025982447,0.8526987382683334,0.9617308033859552,1.0013127156273307,0.9542239852158968,0.8780761265768267,0.9113218121719237,1.608,0.8095138396245244,0.9891327976138101,1.9488994267940485,2.0322561485423956,0.8888497495115835,2.412,0.8877679258366905,0.804,2.4690902240625103,1.043869461396807,0.9228138371124618,0.9539193618116582,1.6211373484341909,1.117869791165687,1.8803827801172455,1.0786835157384917,1.0244252616235159,0.8930865610906118,1.608,0.9446423417392622,1.7461646314411197,0.8952896544818326,2.0149324715491272,0.8455594315406179,1.0683634233022727,0.8851326558596502,0.9673824174503572,0.8699586693749518
1,10,2.0176432305920144,3.216,0.975050049151941,2.521094823394698,1.8007439925326594,0.9927554366861551,0.9936248061595865,1.0623811940713692,0.8921016193500511,2.0696979326434466,2.7389953044980233,2.491589391426089,1.0590949387021276,1.0204038730644336,1.9148726017526774,0.8802654687383759,1.034484215058521,1.7837359004263798,0.804,0.804,0.9264742477660874,0.9111848496387923,1.8344712758283985,1.1203508188004905,0.9419274624894924,4.02,1.699330719579005,0.8998915522514921,3.216,1.07669488855344,2.412,1.608,1.0053534670387847,0.8438434813524094,1.0214857204003653,0.9397142637883541,1.0657946431036178,0.9688692109185062,0.9786582471355956,0.804,0.9150538623276434,1.1005937706126323,3.216,0.953301218698336,1.608,1.608,0.9979433989674295,1.18959133506717,0.951202883994893,2.412,2.412,0.804,3.216,0.9309898261637988,0.8459916751181539,2.412,0.8649777304990534,0.804,0.804,0.951063865748046,0.804,0.9811490954402782,1.0030744562634157,1.608,0.9409175025982447,0.8526987382683334,0.9617308033859552,1.0013127156273307,0.9542239852158968,0.8780761265768267,0.9113218121719237,1.608,0.8095138396245244,0.9891327976138101,1.9488994267940485,2.0322561485423956,0.8888497495115835,2.412,0.8877679258366905,0.804,2.4690902240625103,1.043869461396807,0.9228138371124618,0.9539193618116582,1.6211373484341909,1.117869791165687,1.8803827801172455,1.0786835157384917,1.0244252616235159,0.8930865610906118,1.608,0.9446423417392622,1.7461646314411197,0.8952896544818326,2.0149324715491272,0.8455594315406179,1.0683634233022727,0.8851326558596502,0.9673824174503572,0.8699586693749518
1,11,2.0176432305920144,3.216,0.975050049151941,2.521094823394698,1.8007439925326594,0.9927554366861551,0.9936248061595865,1.0623811940713692,0.8921016193500511,2.0696979326434466,2.7389953044980233,2.491589391426089,1.0590949387021276,1.0204038730644336,1.9148726017526774,0.8802654687383759,1.034484215058521,1.7837359004263798,0.804,0.804,0.9264742477660874,0.9111848496387923,1.8344712758283985,1.1203508188004905,0.9419274624894924,4.02,1.699330719579005,0.8998915522514921,3.216,1.07669488855344,2.412,1.608,1.0053534670387847,0.8438434813524094,1.0214857204003653,0.9397142637883541,1.0657946431036178,0.9688692109185062,0.9786582471355956,0.804,0.9150538623276434,1.1005937706126323,3.216,0.953301218698336,1.608,1.608,0.9979433989674295,1.18959133506717,0.951202883994893,2.412,2.412,0.804,3.216,0.9309898261637988,0.8459916751181539,2.412,0.8649777304990534,0.804,0.804,0.951063865748046,0.804,0.9811490954402782,1.0030744562634157,1.608,0.9409175025982447,0.8526987382683334,0.9617308033859552,1.0013127156273307,0.9542239852158968,0.8780761265768267,0.9113218121719237,1.608,0.8095138396245244,0.9891327976138101,1.9488994267940485,2.0322561485423956,0.8888497495115835,2.412,0.8877679258366905,0.804,2.4690902240625103,1.043869461396807,0.9228138371124618,0.9539193618116582,1.6211373484341909,1.117869791165687,1.8803827801172455,1.0786835157384917,1.0244252616235159,0.8930865610906118,1.608,0.9446423417392622,1.7461646314411197,0.8952896544818326,2.0149324715491272,0.8455594315406179,1.0683634233022727,0.8851326558596502,0.9673824174503572,0.8699586693749518
1,12,2.0176432305920144,3.216,0.975050049151941,2.521094823394698,1.8007439925326594,0.9927554366861551,0.9936248061595865,1.0623811940713692,0.8921016193500511,2.0696979326434466,2.7389953044980233,2.491589391426089,1.0590949387021276,1.0204038730644336,1.9148726017526774,0.8802654687383759,1.034484215058521,1.7837359004263798,0.804,0.804,0.9264742477660874,0.9111848496387923,1.8344712758283985,1.1203508188004905,0.9419274624894924,4.02,1.699330719579005,0.8998915522514921,3.216,1.07669488855344,2.412,1.608,1.0053534670387847,0.8438434813524094,1.0214857204003653,0.9397142637883541,1.0657946431036178,0.9688692109185062,0.9786582471355956,0.804,0.9150538623276434,1.1005937706126323,3.216,0.953301218698336,1.608,1.608,0.9979433989674295,1.18959133506717,0.951202883994893,2.412,2.412,0.804,3.216,0.9309898261637988,0.8459916751181539,2.412,0.8649777304990534,0.804,0.804,0.951063865748046,0.804,0.9811490954402782,1.0030744562634157,1.608,0.9409175025982447,0.8526987382683334,0.9617308033859552,1.0013127156273307,0.9542239852158968,0.8780761265768267,0.9113218121719237,1.608,0.8095138396245244,0.9891327976138101,1.9488994267940485,2.0322561485423956,0.8888497495115835,2.412,0.8877679258366905,0.804,2.4690902240625103,1.043869461396807,0.9228138371124618,0.9539193618116582,1.6211373484341909,1.117869791165687,1.8803827801172455,1.0786835157384917,1.0244252616235159,0.8930865610906118,1.608,0.9446423417392622,1.7461646314411197,0.8952896544818326,2.0149324715491272,0.8455594315406179,1.0683634233022727,0.8851326558596502,0.9673824174503572,0.8699586693749518
1,13,2.0176432305920144,3.216,0.975050049151941,2.521094823394698,1.8007439925326594,0.9927554366861551,0.9936248061595865,1.0623811940713692,0.8921016193500511,2.0696979326434466,2.7389953044980233,2.491589391426089,1.0590949387021276,1.0204038730644336,1.9148726017526774,0.8802654687383759,1.034484215058521,1.7837359004263798,0.804,0.804,0.9264742477660874,0.9111848496387923,1.8344712758283985,1.1203508188004905,0.9419274624894924,4.02,1.699330719579005,0.8998915522514921,3.216,1.07669488855344,2.412,1.608,1.0053534670387847,0.8438434813524094,1.0214857204003653,0.9397142637883541,1.0657946431036178,0.9688692109185062,0.9786582471355956,0.804,0.9150538623276434,1.1005937706126323,3.216,0.953301218698336,1.608,1.608,0.9979433989674295,1.18959133506717,0.951202883994893,2.412,2.412,0.804,3.216,0.9309898261637988,0.8459916751181539,2.412,0.8649777304990534,0.804,0.804,0.951063865748046,0.804,0.9811490954402782,1.0030744562634157,1.608,0.9409175025982447,0.8526987382683334,0.9617308033859552,1.0013127156273307,0.9542239852158968,0.8780761265768267,0.9113218121719237,1.608,0.8095138396245244,0.9891327976138101,1.9488994267940485,2.0322561485423956,0.8888497495115835,2.412,0.8877679258366905,0.804,2.4690902240625103,1.043869461396807,0.9228138371124618,0.9539193618116582,1.6211373484341909,1.117869791165687,1.8803827801172455,1.0786835157384917,1.0244252616235159,0.8930865610906118,1.608,0.9446423417392622,1.7461646314411197,0.8952896544818326,2.0149324715491272,0.8455594315406179,1.0683634233022727,0.8851326558596502,0.9673824174503572,0.8699586693749518
1,14,2.0176432305920144,3.216,0.975050049151941,2.521094823394698,1.8007439925326594,0.9927554366861551,0.9936248061595865,1.0623811940713692,0.8921016193500511,2.0696979326434466,2.7389953044980233,2.491589391426089,1.0590949387021276,1.0204038730644336,1.9148726017526774,0.8802654687383759,1.034484215058521,1.7837359004263798,0.804,0.804,0.9264742477660874,0.9111848496387923,1.8344712758283985,1.1203508188004905,0.9419274624894924,4.02,1.699330719579005,0.8998915522514921,3.216,1.07669488855344,2.412,1.608,1.0053534670387847,0.8438434813524094,1.0214857204003653,0.9397142637883541,1.0657946431036178,0.9688692109185062,0.9786582471355956,0.804,0.9150538623276434,1.1005937706126323,3.216,0.953301218698336,1.608,1.608,0.9979433989674295,1.18959133506717,0.951202883994893,2.412,2.412,0.804,3.216,0.9309898261637988,0.8459916751181539,2.412,0.8649777304990534,0.804,0.804,0.951063865748046,0.804,0.9811490954402782,1.0030744562634157,1.608,0.9409175025982447,0.8526987382683334,0.9617308033859552,1.0013127156273307,0.9542239852158968,0.8780761265768267,0.9113218121719237,1.608,0.8095138396245244,0.9891327976138101,1.9488994267940485,2.0322561485423956,0.8888497495115835,2.412,0.8877679258366905,0.804,2.4690902240625103,1.043869461396807,0.9228138371124618,0.9539193618116582,1.6211373484341909,1.117869791165687,1.8803827801172455,1.0786835157384917,1.0244252616235159,0.8930865610906118,1.608,0.9446423417392622,1.7461646314411197,0.8952896544818326,2.0149324715491272,0.8455594315406179,1.0683634233022727,0.8851326558596502,0.9673824174503572,0.8699586693749518
1,15,2.0176432305920144,3.216,0.975050049151941,2.521094823394698,1.8007439925326594,0.9927554366861551,0.9936248061595865,1.0623811940713692,0.8921016193500511,2.0696979326434466,2.7389953044980233,2.491589391426089,1.0590949387021276,1.0204038730644336,1.9148726017526774,0.8802654687383759,1.034484215058521,1.7837359004263798,0.804,0.804,0.9264742477660874,0.9111848496387923,1.8344712758283985,1.1203508188004905,0.9419274624894924,4.02,1.699330719579005,0.8998915522514921,3.216,1.07669488855344,2.412,1.608,1.0053534670387847,0.8438434813524094,1.0214857204003653,0.9397142637883541,1.0657946431036178,0.9688692109185062,0.9786582471355956,0.804,0.9150538623276434,1.1005937706126323,3.216,0.953301218698336,1.608,1.608,0.9979433989674295,1.18959133506717,0.951202883994893,2.412,2.412,0.804,3.216,0.9309898261637988,0.8459916751181539,2.412,0.8649777304990534,0.804,0.804,0.951063865748046,0.804,0.9811490954402782,1.0030744562634157,1.608,0.9409175025982447,0.8526987382683334,0.9617308033859552,1.0013127156273307,0.9542239852158968,0.8780761265768267,0.9113218121719237,1.608,0.8095138396245244,0.9891327976138101,1.9488994267940485,2.0322561485423956,0.8888497495115835,2.412,0.8877679258366905,0.804,2.4690902240625103,1.043869461396807,0.9228138371124618,0.9539193618116582,1.6211373484341909,1.117869791165687,1.8803827801172455,1.0786835157384917,1.0244252616235159,0.8930865610906118,1.608,0.9446423417392622,1.7461646314411197,0.8952896544818326,2.0149324715491272,0.8455594315406179,1.0683634233022727,0.8851326558596502,0.9673824174503572,0.8699586693749518
1,16,2.0176432305920144,3.216,0.975050049151941,2.521094823394698,1.8007439925326594,0.9927554366861551,0.9936248061595865,1.0623811940713692,0.8921016193500511,2.0696979326434466,2.7389953044980233,2.491589391426089,1.0590949387021276,1.0204038730644336,1.9148726017526774,0.8802654687383759,1.034484215058521,1.7837359004263798,0.804,0.804,0.9264742477660874,0.9111848496387923,1.8344712758283985,1.1203508188004905,0.9419274624894924,4.02,1.699330719579005,0.8998915522514921,3.216,1.07669488855344,2.412,1.608,1.0053534670387847,0.8438434813524094,1.0214857204003653,0.9397142637883541,1.0657946431036178,0.9688692109185062,0.9786582471355956,0.804,0.9150538623276434,1.1005937706126323,3.216,0.953301218698336,1.608,1.608,0.9979433989674295,1.18959133506717,0.951202883994893,2.412,2.412,0.804,3.216,0.9309898261637988,0.8459916751181539,2.412,0.8649777304990534,0.804,0.804,0.951063865748046,0.804,0.9811490954402782,1.0030744562634157,1.608,0.9409175025982447,0.8526987382683334,0.9617308033859552,1.0013127156273307,0.9542239852158968,0.8780761265768267,0.9113218121719237,1.608,0.8095138396245244,0.9891327976138101,1.9488994267940485,2.0322561485423956,0.8888497495115835,2.412,0.8877679258366905,0.804,2.4690902240625103,1.043869461396807,0.9228138371124618,0.9539193618116582,1.6211373484341909,1.117869791165687,1.8803827801172455,1.0786835157384917,1.0244252616235159,0.8930865610906118,1.608,0.9446423417392622,1.7461646314411197,0.8952896544818326,2.0149324715491272,0.8455594315406179,1.0683634233022727,0.8851326558596502,0.9673824174503572,0.8699586693749518
1,17,2.0176432305920144,3.216,0.975050049151941,2.521094823394698,1.8007439925326594,0.9927554366861551,0.9936248061595865,1.0623811940713692,0.8921016193500511,2.0696979326434466,2.7389953044980233,2.491589391426089,1.0590949387021276,1.0204038730644336,1.9148726017526774,0.8802654687383759,1.034484215058521,1.7837359004263798,0.804,0.804,0.9264742477660874,0.9111848496387923,1.8344712758283985,1.1203508188004905,0.9419274624894924,4.02,1.699330719579005,0.8998915522514921,3.216,1.07669488855344,2.412,1.608,1.0053534670387847,0.8438434813524094,1.0214857204003653,0.9397142637883541,1.0657946431036178,0.9688692109185062,0.9786582471355956,0.804,0.9150538623276434,1.1005937706126323,3.216,0.953301218698336,1.608,1.608,0.9979433989674295,1.18959133506717,0.951202883994893,2.412,2.412,0.804,3.216,0.9309898261637988,0.8459916751181539,2.412,0.8649777304990534,0.804,0.804,0.951063865748046,0.804,0.9811490954402782,1.0030744562634157,1.608,0.9409175025982447,0.8526987382683334,0.9617308033859552,1.0013127156273307,0.9542239852158968,0.8780761265768267,0.9113218121719237,1.608,0.8095138396245244,0.9891327976138101,1.9488994267940485,2.0322561485423956,0.8888497495115835,2.412,0.8877679258366905,0.804,2.4690902240625103,1.043869461396807,0.9228138371124618,0.9539193618116582,1.6211373484341909,1.117869791165687,1.8803827801172455,1.0786835157384917,1.0244252616235159,0.8930865610906118,1.608,0.9446423417392622,1.7461646314411197,0.8952896544818326,2.0149324715491272,0.8455594315406179,1.0683634233022727,0.8851326558596502,0.9673824174503572,0.8699586693749518
1,18,2.0176432305920144,3.216,0.975050049151941,2.521094823394698,1.8007439925326594,0.9927554366861551,0.9936248061595865,1.0623811940713692,0.8921016193500511,2.0696979326434466,2.7389953044980233,2.491589391426089,1.0590949387021276,1.0204038730644336,1.9148726017526774,0.8802654687383759,1.034484215058521,1.7837359004263798,0.804,0.804,0.9264742477660874,0.9111848496387923,1.8344712758283985,1.1203508188004905,0.9419274624894924,4.02,1.699330719579005,0.8998915522514921,3.216,1.07669488855344,2.412,1.608,1.0053534670387847,0.8438434813524094,1.0214857204003653,0.9397142637883541,1.0657946431036178,0.9688692109185062,0.9786582471355956,0.804,0.9150538623276434,1.1005937706126323,3.216,0.953301218698336,1.608,1.608,0.9979433989674295,1.18959133506717,0.951202883994893,2.412,2.412,0.804,3.216,0.9309898261637988,0.8459916751181539,2.412,0.8649777304990534,0.804,0.804,0.951063865748046,0.804,0.9811490954402782,1.0030744562634157,1.608,0.9409175025982447,0.8526987382683334,0.9617308033859552,1.0013127156273307,0.9542239852158968,0.8780761265768267,0.9113218121719237,1.608,0.8095138396245244,0.9891327976138101,1.9488994267940485,2.0322561485423956,0.8888497495115835,2.412,0.8877679258366905,0.804,2.4690902240625103,1.043869461396807,0.9228138371124618,0.9539193618116582,1.6211373484341909,1.117869791165687,1.8803827801172455,1.0786835157384917,1.0244252616235159,0.8930865610906118,1.608,0.9446423417392622,1.7461646314411197,0.8952896544818326,2.0149324715491272,0.8455594315406179,1.0683634233022727,0.8851326558596502,0.9673824174503572,0.8699586693749518
1,19,2.0176432305920144,3.216,0.975050049151941,2.521094823394698,1.8007439925326594,0.9927554366861551,0.9936248061595865,1.0623811940713692,0.8921016193500511,2.0696979326434466,2.7389953044980233,2.491589391426089,1.0590949387021276,1.0204038730644336,1.9148726017526774,0.8802654687383759,1.034484215058521,1.7837359004263798,0.804,0.804,0.9264742477660874,0.9111848496387923,1.8344712758283985,1.1203508188004905,0.9419274624894924,4.02,1.699330719579005,0.8998915522514921,3.216,1.07669488855344,2.412,1.608,1.0053534670387847,0.8438434813524094,1.0214857204003653,0.9397142637883541,1.0657946431036178,0.9688692109185062,0.9786582471355956,0.804,0.9150538623276434,1.1005937706126323,3.216,0.953301218698336,1.608,1.608,0.9979433989674295,1.18959133506717,0.951202883994893,2.412,2.412,0.804,3.216,0.9309898261637988,0.8459916751181539,2.412,0.8649777304990534,0.804,0.804,0.951063865748046,0.804,0.9811490954402782,1.0030744562634157,1.608,0.9409175025982447,0.8526987382683334,0.9617308033859552,1.0013127156273307,0.9542239852158968,0.8780761265768267,0.9113218121719237,1.608,0.8095138396245244,0.9891327976138101,1.9488994267940485,2.0322561485423956,0.8888497495115835,2.412,0.8877679258366905,0.804,2.4690902240625103,1.043869461396807,0.9228138371124618,0.9539193618116582,1.6211373484341909,1.117869791165687,1.8803827801172455,1.0786835157384917,1.0244252616235159,0.8930865610906118,1.608,0.9446423417392622,1.7461646314411197,0.8952896544818326,2.0149324715491272,0.8455594315406179,1.0683634233022727,0.8851326558596502,0.9673824174503572,0.8699586693749518
1,20,2.0176432305920144,3.216,0.975050049151941,2.521094823394698,1.8007439925326594,0.9927554366861551,0.9936248061595865,1.0623811940713692,0.8921016193500511,2.0696979326434466,2.7389953044980233,2.491589391426089,1.0590949387021276,1.0204038730644336,1.9148726017526774,0.8802654687383759,1.034484215058521,1.7837359004263798,0.804,0.804,0.9264742477660874,0.9111848496387923,1.8344712758283985,1.1203508188004905,0.9419274624894924,4.02,1.699330719579005,0.8998915522514921,3.216,1.07669488855344,2.412,1.608,1.0053534670387847,0.8438434813524094,1.0214857204003653,0.9397142637883541,1.0657946431036178,0.9688692109185062,0.9786582471355956,0.804,0.9150538623276434,1.1005937706126323,3.216,0.953301218698336,1.608,1.608,0.9979433989674295,1.18959133506717,0.951202883994893,2.412,2.412,0.804,3.216,0.9309898261637988,0.8459916751181539,2.412,0.8649777304990534,0.804,0.804,0.951063865748046,0.804,0.9811490954402782,1.0030744562634157,1.608,0.9409175025982447,0.8526987382683334,0.9617308033859552,1.0013127156273307,0.9542239852158968,0.8780761265768267,0.9113218121719237,1.608,0.8095138396245244,0.9891327976138101,1.9488994267940485,2.0322561485423956,0.8888497495115835,2.412,0.8877679258366905,0.804,2.4690902240625103,1.043869461396807,0.9228138371124618,0.9539193618116582,1.6211373484341909,1.117869791165687,1.8803827801172455,1.0786835157384917,1.0244252616235159,0.8930865610906118,1.608,0.9446423417392622,1.7461646314411197,0.8952896544818326,2.0149324715491272,0.8455594315406179,1.0683634233022727,0.8851326558596502,0.9673824174503572,0.8699586693749518
1,21,2.0176432305920144,3.216,0.975050049151941,2.521094823394698,1.8007439925326594,0.9927554366861551,0.9936248061595865,1.0623811940713692,0.8921016193500511,2.0696979326434466,2.7389953044980233,2.491589391426089,1.0590949387021276,1.0204038730644336,1.9148726017526774,0.8802654687383759,1.034484215058521,1.7837359004263798,0.804,0.804,0.9264742477660874,0.9111848496387923,1.8344712758283985,1.1203508188004905,0.9419274624894924,4.02,1.699330719579005,0.8998915522514921,3.216,1.07669488855344,2.412,1.608,1.0053534670387847,0.8438434813524094,1.0214857204003653,0.9397142637883541,1.0657946431036178,0.9688692109185062,0.9786582471355956,0.804,0.9150538623276434,1.1005937706126323,3.216,0.953301218698336,1.608,1.608,0.9979433989674295,1.18959133506717,0.951202883994893,2.412,2.412,0.804,3.216,0.9309898261637988,0.8459916751181539,2.412,0.8649777304990534,0.804,0.804,0.951063865748046,0.804,0.9811490954402782,1.0030744562634157,1.608,0.9409175025982447,0.8526987382683334,0.9617308033859552,1.0013127156273307,0.9542239852158968,0.8780761265768267,0.9113218121719237,1.608,0.8095138396245244,0.9891327976138101,1.9488994267940485,2.0322561485423956,0.8888497495115835,2.412,0.8877679258366905,0.804,2.4690902240625103,1.043869461396807,0.9228138371124618,0.9539193618116582,1.6211373484341909,1.117869791165687,1.8803827801172455,1.0786835157384917,1.0244252616235159,0.8930865610906118,1.608,0.9446423417392622,1.7461646314411197,0.8952896544818326,2.0149324715491272,0.8455594315406179,1.0683634233022727,0.8851326558596502,0.9673824174503572,0.8699586693749518
1,22,2.0176432305920144,3.216,0.975050049151941,2.521094823394698,1.8007439925326594,0.9927554366861551,0.9936248061595865,1.0623811940713692,0.8921016193500511,2.0696979326434466,2.7389953044980233,2.491589391426089,1.0590949387021276,1.0204038730644336,1.9148726017526774,0.8802654687383759,1.034484215058521,1.7837359004263798,0.804,0.804,0.9264742477660874,0.9111848496387923,1.8344712758283985,1.1203508188004905,0.9419274624894924,4.02,1.699330719579005,0.8998915522514921,3.216,1.07669488855344,2.412,1.608,1.0053534670387847,0.8438434813524094,1.0214857204003653,0.9397142637883541,1.0657946431036178,0.9688692109185062,0.9786582471355956,0.804,0.9150538623276434,1.1005937706126323,3.216,0.953301218698336,1.608,1.608,0.9979433989674295,1.18959133506717,0.951202883994893,2.412,2.412,0.804,3.216,0.9309898261637988,0.8459916751181539,2.412,0.8649777304990534,0.804,0.804,0.951063865748046,0.804,0.9811490954402782,1.0030744562634157,1.608,0.9409175025982447,0.8526987382683334,0.9617308033859552,1.0013127156273307,0.9542239852158968,0.8780761265768267,0.9113218121719237,1.608,0.8095138396245244,0.9891327976138101,1.9488994267940485,2.0322561485423956,0.8888497495115835,2.412,0.8877679258366905,0.804,2.4690902240625103,1.043869461396807,0.9228138371124618,0.9539193618116582,1.6211373484341909,1.117869791165687,1.8803827801172455,1.0786835157384917,1.0244252616235159,0.8930865610906118,1.608,0.9446423417392622,1.7461646314411197,0.8952896544818326,2.0149324715491272,0.8455594315406179,1.0683634233022727,0.8851326558596502,0.9673824174503572,0.8699586693749518
1,23,2.0176432305920144,3.216,0.975050049151941,2.521094823394698,1.8007439925326594,0.9927554366861551,0.9936248061595865,1.0623811940713692,0.8921016193500511,2.0696979326434466,2.7389953044980233,2.491589391426089,1.0590949387021276,1.0204038730644336,1.9148726017526774,0.8802654687383759,1.034484215058521,1.7837359004263798,0.804,0.804,0.9264742477660874,0.9111848496387923,1.8344712758283985,1.1203508188004905,0.9419274624894924,4.02,1.699330719579005,0.8998915522514921,3.216,1.07669488855344,2.412,1.608,1.0053534670387847,0.8438434813524094,1.0214857204003653,0.9397142637883541,1.0657946431036178,0.9688692109185062,0.9786582471355956,0.804,0.9150538623276434,1.1005937706126323,3.216,0.953301218698336,1.608,1.608,0.9979433989674295,1.18959133506717,0.951202883994893,2.412,2.412,0.804,3.216,0.9309898261637988,0.8459916751181539,2.412,0.8649777304990534,0.804,0.804,0.951063865748046,0.804,0.9811490954402782,1.0030744562634157,1.608,0.9409175025982447,0.8526987382683334,0.9617308033859552,1.0013127156273307,0.9542239852158968,0.8780761265768267,0.9113218121719237,1.608,0.8095138396245244,0.9891327976138101,1.9488994267940485,2.0322561485423956,0.8888497495115835,2.412,0.8877679258366905,0.804,2.4690902240625103,1.043869461396807,0.9228138371124618,0.9539193618116582,1.6211373484341909,1.117869791165687,1.8803827801172455,1.0786835157384917,1.0244252616235159,0.8930865610906118,1.608,0.9446423417392622,1.7461646314411197,0.8952896544818326,2.0149324715491272,0.8455594315406179,1.0683634233022727,0.8851326558596502,0.9673824174503572,0.8699586693749518
1,24,2.0176432305920144,3.216,0.975050049151941,2.521094823394698,1.8007439925326594,0.9927554366861551,0.9936248061595865,1.0623811940713692,0.8921016193500511,2.0696979326434466,2.7389953044980233,2.491589391426089,1.0590949387021276,1.0204038730644336,1.9148726017526774,0.8802654687383759,1.034484215058521,1.7837359004263798,0.804,0.804,0.9264742477660874,0.9111848496387923,1.8344712758283985,1.1203508188004905,0.9419274624894924,4.02,1.699330719579005,0.8998915522514921,3.216,1.07669488855344,2.412,1.608,1.0053534670387847,0.8438434813524094,1.0214857204003653,0.9397142637883541,1.0657946431036178,0.9688692109185062,0.9786582471355956,0.804,0.9150538623276434,1.1005937706126323,3.216,0.953301218698336,1.608,1.608,0.9979433989674295,1.18959133506717,0.951202883994893,2.412,2.412,0.804,3.216,0.9309898261637988,0.8459916751181539,2.412,0.8649777304990534,0.804,0.804,0.951063865748046,0.804,0.9811490954402782,1.0030744562634157,1.608,0.9409175025982447,0.8526987382683334,0.9617308033859552,1.0013127156273307,0.9542239852158968,0.8780761265768267,0.9113218121719237,1.608,0.8095138396245244,0.9891327976138101,1.9488994267940485,2.0322561485423956,0.8888497495115835,2.412,0.8877679258366905,0.804,2.4690902240625103,1.043869461396807,0.9228138371124618,0.9539193618116582,1.6211373484341909,1.117869791165687,1.8803827801172455,1.0786835157384917,1.0244252616235159,0.8930865610906118,1.608,0.9446423417392622,1.7461646314411197,0.8952896544818326,2.0149324715491272,0.8455594315406179,1.0683634233022727,0.8851326558596502,0.9673824174503572,0.8699586693749518
1,25,2.0176432305920144,3.216,0.975050049151941,2.521094823394698,1.8007439925326594,0.9927554366861551,0.9936248061595865,1.0623811940713692,0.8921016193500511,2.0696979326434466,2.7389953044980233,2.491589391426089,1.0590949387021276,1.0204038730644336,1.9148726017526774,0.8802654687383759,1.034484215058521,1.7837359004263798,0.804,0.804,0.9264742477660874,0.9111848496387923,1.8344712758283985,1.1203508188004905,0.9419274624894924,4.02,1.699330719579005,0.8998915522514921,3.216,1.07669488855344,2.412,1.608,1.0053534670387847,0.8438434813524094,1.0214857204003653,0.9397142637883541,1.0657946431036178,0.9688692109185062,0.9786582471355956,0.804,0.9150538623276434,1.1005937706126323,3.216,0.953301218698336,1.608,1.608,0.9979433989674295,1.18959133506717,0.951202883994893,2.412,2.412,0.804,3.216,0.9309898261637988,0.8459916751181539,2.412,0.8649777304990534,0.804,0.804,0.951063865748046,0.804,0.9811490954402782,1.0030744562634157,1.608,0.9409175025982447,0.8526987382683334,0.9617308033859552,1.0013127156273307,0.9542239852158968,0.8780761265768267,0.9113218121719237,1.608,0.8095138396245244,0.9891327976138101,1.9488994267940485,2.0322561485423956,0.8888497495115835,2.412,0.8877679258366905,0.804,2.4690902240625103,1.043869461396807,0.9228138371124618,0.9539193618116582,1.6211373484341909,1.117869791165687,1.8803827801172455,1.0786835157384917,1.0244252616235159,0.8930865610906118,1.608,0.9446423417392622,1.7461646314411197,0.8952896544818326,2.0149324715491272,0.8455594315406179,1.0683634233022727,0.8851326558596502,0.9673824174503572,0.8699586693749518
1,26,2.0176432305920144,3.216,0.975050049151941,2.521094823394698,1.8007439925326594,0.9927554366861551,0.9936248061595865,1.0623811940713692,0.8921016193500511,2.0696979326434466,2.7389953044980233,2.491589391426089,1.0590949387021276,1.0204038730644336,1.9148726017526774,0.8802654687383759,1.034484215058521,1.7837359004263798,0.804,0.804,0.9264742477660874,0.9111848496387923,1.8344712758283985,1.1203508188004905,0.9419274624894924,4.02,1.699330719579005,0.8998915522514921,3.216,1.07669488855344,2.412,1.608,1.0053534670387847,0.8438434813524094,1.0214857204003653,0.9397142637883541,1.0657946431036178,0.9688692109185062,0.9786582471355956,0.804,0.9150538623276434,1.1005937706126323,3.216,0.953301218698336,1.608,1.608,0.9979433989674295,1.18959133506717,0.951202883994893,2.412,2.412,0.804,3.216,0.9309898261637988,0.8459916751181539,2.412,0.8649777304990534,0.804,0.804,0.951063865748046,0.804,0.9811490954402782,1.0030744562634157,1.608,0.9409175025982447,0.8526987382683334,0.9617308033859552,1.0013127156273307,0.9542239852158968,0.8780761265768267,0.9113218121719237,1.608,0.8095138396245244,0.9891327976138101,1.9488994267940485,2.0322561485423956,0.8888497495115835,2.412,0.8877679258366905,0.804,2.4690902240625103,1.043869461396807,0.9228138371124618,0.9539193618116582,1.6211373484341909,1.117869791165687,1.8803827801172455,1.0786835157384917,1.0244252616235159,0.8930865610906118,1.608,0.9446423417392622,1.7461646314411197,0.8952896544818326,2.0149324715491272,0.8455594315406179,1.0683634233022727,0.8851326558596502,0.9673824174503572,0.8699586693749518
1,27,2.0176432305920144,3.216,0.975050049151941,2.521094823394698,1.8007439925326594,0.9927554366861551,0.9936248061595865,1.0623811940713692,0.8921016193500511,2.0696979326434466,2.7389953044980233,2.491589391426089,1.0590949387021276,1.0204038730644336,1.9148726017526774,0.8802654687383759,1.034484215058521,1.7837359004263798,0.804,0.804,0.9264742477660874,0.9111848496387923,1.8344712758283985,1.1203508188004905,0.9419274624894924,4.02,1.699330719579005,0.8998915522514921,3.216,1.07669488855344,2.412,1.608,1.0053534670387847,0.8438434813524094,1.0214857204003653,0.9397142637883541,1.0657946431036178,0.9688692109185062,0.9786582471355956,0.804,0.9150538623276434,1.1005937706126323,3.216,0.953301218698336,1.608,1.608,0.9979433989674295,1.18959133506717,0.951202883994893,2.412,2.412,0.804,3.216,0.9309898261637988,0.8459916751181539,2.412,0.8649777304990534,0.804,0.804,0.951063865748046,0.804,0.9811490954402782,1.0030744562634157,1.608,0.9409175025982447,0.8526987382683334,0.9617308033859552,1.0013127156273307,0.9542239852158968,0.8780761265768267,0.9113218121719237,1.608,0.8095138396245244,0.9891327976138101,1.9488994267940485,2.0322561485423956,0.8888497495115835,2.412,0.8877679258366905,0.804,2.4690902240625103,1.043869461396807,0.9228138371124618,0.9539193618116582,1.6211373484341909,1.117869791165687,1.8803827801172455,1.0786835157384917,1.0244252616235159,0.8930865610906118,1.608,0.9446423417392622,1.7461646314411197,0.8952896544818326,2.0149324715491272,0.8455594315406179,1.0683634233022727,0.8851326558596502,0.9673824174503572,0.8699586693749518
1,28,2.0176432305920144,3.216,0.975050049151941,2.521094823394698,1.8007439925326594,0.9927554366861551,0.9936248061595865,1.0623811940713692,0.8921016193500511,2.0696979326434466,2.7389953044980233,2.491589391426089,1.0590949387021276,1.0204038730644336,1.9148726017526774,0.8802654687383759,1.034484215058521,1.7837359004263798,0.804,0.804,0.9264742477660874,0.9111848496387923,1.8344712758283985,1.1203508188004905,0.9419274624894924,4.02,1.699330719579005,0.8998915522514921,3.216,1.07669488855344,2.412,1.608,1.0053534670387847,0.8438434813524094,1.0214857204003653,0.9397142637883541,1.0657946431036178,0.9688692109185062,0.9786582471355956,0.804,0.9150538623276434,1.1005937706126323,3.216,0.953301218698336,1.608,1.608,0.9979433989674295,1.18959133506717,0.951202883994893,2.412,2.412,0.804,3.216,0.9309898261637988,0.8459916751181539,2.412,0.8649777304990534,0.804,0.804,0.951063865748046,0.804,0.9811490954402782,1.0030744562634157,1.608,0.9409175025982447,0.8526987382683334,0.9617308033859552,1.0013127156273307,0.9542239852158968,0.8780761265768267,0.9113218121719237,1.608,0.8095138396245244,0.9891327976138101,1.9488994267940485,2.0322561485423956,0.8888497495115835,2.412,0.8877679258366905,0.804,2.4690902240625103,1.043869461396807,0.9228138371124618,0.9539193618116582,1.6211373484341909,1.117869791165687,1.8803827801172455,1.0786835157384917,1.0244252616235159,0.8930865610906118,1.608,0.9446423417392622,1.7461646314411197,0.8952896544818326,2.0149324715491272,0.8455594315406179,1.0683634233022727,0.8851326558596502,0.9673824174503572,0.8699586693749518
1,29,2.0176432305920144,3.216,0.975050049151941,2.521094823394698,1.8007439925326594,0.9927554366861551,0.9936248061595865,1.0623811940713692,0.8921016193500511,2.0696979326434466,2.7389953044980233,2.491589391426089,1.0590949387021276,1.0204038730644336,1.9148726017526774,0.8802654687383759,1.034484215058521,1.7837359004263798,0.804,0.804,0.9264742477660874,0.9111848496387923,1.8344712758283985,1.1203508188004905,0.9419274624894924,4.02,1.699330719579005,0.8998915522514921,3.216,1.07669488855344,2.412,1.608,1.0053534670387847,0.8438434813524094,1.0214857204003653,0.9397142637883541,1.0657946431036178,0.9688692109185062,0.9786582471355956,0.804,0.9150538623276434,1.1005937706126323,3.216,0.953301218698336,1.608,1.608,0.9979433989674295,1.18959133506717,0.951202883994893,2.412,2.412,0.804,3.216,0.9309898261637988,0.8459916751181539,2.412,0.8649777304990534,0.804,0.804,0.951063865748046,0.804,0.9811490954402782,1.0030744562634157,1.608,0.9409175025982447,0.8526987382683334,0.9617308033859552,1.0013127156273307,0.9542239852158968,0.8780761265768267,0.9113218121719237,1.608,0.8095138396245244,0.9891327976138101,1.9488994267940485,2.0322561485423956,0.8888497495115835,2.412,0.8877679258366905,0.804,2.4690902240625103,1.043869461396807,0.9228138371124618,0.9539193618116582,1.6211373484341909,1.117869791165687,1.8803827801172455,1.0786835157384917,1.0244252616235159,0.8930865610906118,1.608,0.9446423417392622,1.7461646314411197,0.8952896544818326,2.0149324715491272,0.8455594315406179,1.0683634233022727,0.8851326558596502,0.9673824174503572,0.8699586693749518
1,30,2.0176432305920144,3.216,0.975050049151941,2.521094823394698,1.8007439925326594,0.9927554366861551,0.9936248061595865,1.0623811940713692,0.8921016193500511,2.0696979326434466,2.7389953044980233,2.491589391426089,1.0590949387021276,1.0204038730644336,1.9148726017526774,0.8802654687383759,1.034484215058521,1.7837359004263798,0.804,0.804,0.9264742477660874,0.9111848496387923,1.8344712758283985,1.1203508188004905,0.9419274624894924,4.02,1.699330719579005,0.8998915522514921,3.216,1.07669488855344,2.412,1.608,1.0053534670387847,0.8438434813524094,1.0214857204003653,0.9397142637883541,1.0657946431036178,0.9688692109185062,0.9786582471355956,0.804,0.9150538623276434,1.1005937706126323,3.216,0.953301218698336,1.608,1.608,0.9979433989674295,1.18959133506717,0.951202883994893,2.412,2.412,0.804,3.216,0.9309898261637988,0.8459916751181539,2.412,0.8649777304990534,0.804,0.804,0.951063865748046,0.804,0.9811490954402782,1.0030744562634157,1.608,0.9409175025982447,0.8526987382683334,0.9617308033859552,1.0013127156273307,0.9542239852158968,0.8780761265768267,0.9113218121719237,1.608,0.8095138396245244,0.9891327976138101,1.9488994267940485,2.0322561485423956,0.8888497495115835,2.412,0.8877679258366905,0.804,2.4690902240625103,1.043869461396807,0.9228138371124618,0.9539193618116582,1.6211373484341909,1.117869791165687,1.8803827801172455,1.0786835157384917,1.0244252616235159,0.8930865610906118,1.608,0.9446423417392622,1.7461646314411197,0.8952896544818326,2.0149324715491272,0.8455594315406179,1.0683634233022727,0.8851326558596502,0.9673824174503572,0.8699586693749518
1,31,2.0176432305920144,3.216,0.975050049151941,2.521094823394698,1.8007439925326594,0.9927554366861551,0.9936248061595865,1.0623811940713692,0.8921016193500511,2.0696979326434466,2.7389953044980233,2.491589391426089,1.0590949387021276,1.0204038730644336,1.9148726017526774,0.8802654687383759,1.034484215058521,1.7837359004263798,0.804,0.804,0.9264742477660874,0.9111848496387923,1.8344712758283985,1.1203508188004905,0.9419274624894924,4.02,1.699330719579005,0.8998915522514921,3.216,1.07669488855344,2.412,1.608,1.0053534670387847,0.8438434813524094,1.0214857204003653,0.9397142637883541,1.0657946431036178,0.9688692109185062,0.9786582471355956,0.804,0.9150538623276434,1.1005937706126323,3.216,0.953301218698336,1.608,1.608,0.9979433989674295,1.18959133506717,0.951202883994893,2.412,2.412,0.804,3.216,0.9309898261637988,0.8459916751181539,2.412,0.8649777304990534,0.804,0.804,0.951063865748046,0.804,0.9811490954402782,1.0030744562634157,1.608,0.9409175025982447,0.8526987382683334,0.9617308033859552,1.0013127156273307,0.9542239852158968,0.8780761265768267,0.9113218121719237,1.608,0.8095138396245244,0.9891327976138101,1.9488994267940485,2.0322561485423956,0.8888497495115835,2.412,0.8877679258366905,0.804,2.4690902240625103,1.043869461396807,0.9228138371124618,0.9539193618116582,1.6211373484341909,1.117869791165687,1.8803827801172455,1.0786835157384917,1.0244252616235159,0.8930865610906118,1.608,0.9446423417392622,1.7461646314411197,0.8952896544818326,2.0149324715491272,0.8455594315406179,1.0683634233022727,0.8851326558596502,0.9673824174503572,0.8699586693749518
1,32,2.0176432305920144,3.216,0.975050049151941,2.521094823394698,1.8007439925326594,0.9927554366861551,0.9936248061595865,1.0623811940713692,0.8921016193500511,2.0696979326434466,2.7389953044980233,2.491589391426089,1.0590949387021276,1.0204038730644336,1.9148726017526774,0.8802654687383759,1.034484215058521,1.7837359004263798,0.804,0.804,0.9264742477660874,0.9111848496387923,1.8344712758283985,1.1203508188004905,0.9419274624894924,4.02,1.699330719579005,0.8998915522514921,3.216,1.07669488855344,2.412,1.608,1.0053534670387847,0.8438434813524094,1.0214857204003653,0.9397142637883541,1.0657946431036178,0.9688692109185062,0.9786582471355956,0.804,0.9150538623276434,1.1005937706126323,3.216,0.953301218698336,1.608,1.608,0.9979433989674295,1.18959133506717,0.951202883994893,2.412,2.412,0.804,3.216,0.9309898261637988,0.8459916751181539,2.412,0.8649777304990534,0.804,0.804,0.951063865748046,0.804,0.9811490954402782,1.0030744562634157,1.608,0.9409175025982447,0.8526987382683334,0.9617308033859552,1.0013127156273307,0.9542239852158968,0.8780761265768267,0.9113218121719237,1.608,0.8095138396245244,0.9891327976138101,1.9488994267940485,2.0322561485423956,0.8888497495115835,2.412,0.8877679258366905,0.804,2.4690902240625103,1.043869461396807,0.9228138371124618,0.9539193618116582,1.6211373484341909,1.117869791165687,1.8803827801172455,1.0786835157384917,1.0244252616235159,0.8930865610906118,1.608,0.9446423417392622,1.7461646314411197,0.8952896544818326,2.0149324715491272,0.8455594315406179,1.0683634233022727,0.8851326558596502,0.9673824174503572,0.8699586693749518
1,33,2.0176432305920144,3.216,0.975050049151941,2.521094823394698,1.8007439925326594,0.9927554366861551,0.9936248061595865,1.0623811940713692,0.8921016193500511,2.0696979326434466,2.7389953044980233,2.491589391426089,1.0590949387021276,1.0204038730644336,1.9148726017526774,0.8802654687383759,1.034484215058521,1.7837359004263798,0.804,0.804,0.9264742477660874,0.9111848496387923,1.8344712758283985,1.1203508188004905,0.9419274624894924,4.02,1.699330719579005,0.8998915522514921,3.216,1.07669488855344,2.412,1.608,1.0053534670387847,0.8438434813524094,1.0214857204003653,0.9397142637883541,1.0657946431036178,0.9688692109185062,0.9786582471355956,0.804,0.9150538623276434,1.1005937706126323,3.216,0.953301218698336,1.608,1.608,0.9979433989674295,1.18959133506717,0.951202883994893,2.412,2.412,0.804,3.216,0.9309898261637988,0.8459916751181539,2.412,0.8649777304990534,0.804,0.804,0.951063865748046,0.804,0.9811490954402782,1.0030744562634157,1.608,0.9409175025982447,0.8526987382683334,0.9617308033859552,1.0013127156273307,0.9542239852158968,0.8780761265768267,0.9113218121719237,1.608,0.8095138396245244,0.9891327976138101,1.9488994267940485,2.0322561485423956,0.8888497495115835,2.412,0.8877679258366905,0.804,2.4690902240625103,1.043869461396807,0.9228138371124618,0.9539193618116582,1.6211373484341909,1.117869791165687,1.8803827801172455,1.0786835157384917,1.0244252616235159,0.8930865610906118,1.608,0.9446423417392622,1.7461646314411197,0.8952896544818326,2.0149324715491272,0.8455594315406179,1.0683634233022727,0.8851326558596502,0.9673824174503572,0.8699586693749518
1,34,2.0176432305920144,3.216,0.975050049151941,2.521094823394698,1.8007439925326594,0.9927554366861551,0.9936248061595865,1.0623811940713692,0.8921016193500511,2.0696979326434466,2.7389953044980233,2.491589391426089,1.0590949387021276,1.0204038730644336,1.9148726017526774,0.8802654687383759,1.034484215058521,1.7837359004263798,0.804,0.804,0.9264742477660874,0.9111848496387923,1.8344712758283985,1.1203508188004905,0.9419274624894924,4.02,1.699330719579005,0.8998915522514921,3.216,1.07669488855344,2.412,1.608,1.0053534670387847,0.8438434813524094,1.0214857204003653,0.9397142637883541,1.0657946431036178,0.9688692109185062,0.9786582471355956,0.804,0.9150538623276434,1.1005937706126323,3.216,0.953301218698336,1.608,1.608,0.9979433989674295,1.18959133506717,0.951202883994893,2.412,2.412,0.804,3.216,0.9309898261637988,0.8459916751181539,2.412,0.8649777304990534,0.804,0.804,0.951063865748046,0.804,0.9811490954402782,1.0030744562634157,1.608,0.9409175025982447,0.8526987382683334,0.9617308033859552,1.0013127156273307,0.9542239852158968,0.8780761265768267,0.9113218121719237,1.608,0.8095138396245244,0.9891327976138101,1.9488994267940485,2.0322561485423956,0.8888497495115835,2.412,0.8877679258366905,0.804,2.4690902240625103,1.043869461396807,0.9228138371124618,0.9539193618116582,1.6211373484341909,1.117869791165687,1.8803827801172455,1.0786835157384917,1.0244252616235159,0.8930865610906118,1.608,0.9446423417392622,1.7461646314411197,0.8952896544818326,2.0149324715491272,0.8455594315406179,1.0683634233022727,0.8851326558596502,0.9673824174503572,0.8699586693749518
1,35,2.0176432305920144,3.216,0.975050049151941,2.521094823394698,1.8007439925326594,0.9927554366861551,0.9936248061595865,1.0623811940713692,0.8921016193500511,2.0696979326434466,2.7389953044980233,2.491589391426089,1.0590949387021276,1.0204038730644336,1.9148726017526774,0.8802654687383759,1.034484215058521,1.7837359004263798,0.804,0.804,0.9264742477660874,0.9111848496387923,1.8344712758283985,1.1203508188004905,0.9419274624894924,4.02,1.699330719579005,0.8998915522514921,3.216,1.07669488855344,2.412,1.608,1.0053534670387847,0.8438434813524094,1.0214857204003653,0.9397142637883541,1.0657946431036178,0.9688692109185062,0.9786582471355956,0.804,0.9150538623276434,1.1005937706126323,3.216,0.953301218698336,1.608,1.608,0.9979433989674295,1.18959133506717,0.951202883994893,2.412,2.412,0.804,3.216,0.9309898261637988,0.8459916751181539,2.412,0.8649777304990534,0.804,0.804,0.951063865748046,0.804,0.9811490954402782,1.0030744562634157,1.608,0.9409175025982447,0.8526987382683334,0.9617308033859552,1.0013127156273307,0.9542239852158968,0.8780761265768267,0.9113218121719237,1.608,0.8095138396245244,0.9891327976138101,1.9488994267940485,2.0322561485423956,0.8888497495115835,2.412,0.8877679258366905,0.804,2.4690902240625103,1.043869461396807,0.9228138371124618,0.9539193618116582,1.6211373484341909,1.117869791165687,1.8803827801172455,1.0786835157384917,1.0244252616235159,0.8930865610906118,1.608,0.9446423417392622,1.7461646314411197,0.8952896544818326,2.0149324715491272,0.8455594315406179,1.0683634233022727,0.8851326558596502,0.9673824174503572,0.8699586693749518
1,36,2.0176432305920144,3.216,0.975050049151941,2.521094823394698,1.8007439925326594,0.9927554366861551,0.9936248061595865,1.0623811940713692,0.8921016193500511,2.0696979326434466,2.7389953044980233,2.491589391426089,1.0590949387021276,1.0204038730644336,1.9148726017526774,0.8802654687383759,1.034484215058521,1.7837359004263798,0.804,0.804,0.9264742477660874,0.9111848496387923,1.8344712758283985,1.1203508188004905,0.9419274624894924,4.02,1.699330719579005,0.8998915522514921,3.216,1.07669488855344,2.412,1.608,1.0053534670387847,0.8438434813524094,1.0214857204003653,0.9397142637883541,1.0657946431036178,0.9688692109185062,0.9786582471355956,0.804,0.9150538623276434,1.1005937706126323,3.216,0.953301218698336,1.608,1.608,0.9979433989674295,1.18959133506717,0.951202883994893,2.412,2.412,0.804,3.216,0.9309898261637988,0.8459916751181539,2.412,0.8649777304990534,0.804,0.804,0.951063865748046,0.804,0.9811490954402782,1.0030744562634157,1.608,0.9409175025982447,0.8526987382683334,0.9617308033859552,1.0013127156273307,0.9542239852158968,0.8780761265768267,0.9113218121719237,1.608,0.8095138396245244,0.9891327976138101,1.9488994267940485,2.0322561485423956,0.8888497495115835,2.412,0.8877679258366905,0.804,2.4690902240625103,1.043869461396807,0.9228138371124618,0.9539193618116582,1.6211373484341909,1.117869791165687,1.8803827801172455,1.0786835157384917,1.0244252616235159,0.8930865610906118,1.608,0.9446423417392622,1.7461646314411197,0.8952896544818326,2.0149324715491272,0.8455594315406179,1.0683634233022727,0.8851326558596502,0.9673824174503572,0.8699586693749518
1,37,2.0176432305920144,3.216,0.975050049151941,2.521094823394698,1.8007439925326594,0.9927554366861551,0.9936248061595865,1.0623811940713692,0.8921016193500511,2.0696979326434466,2.7389953044980233,2.491589391426089,1.0590949387021276,1.0204038730644336,1.9148726017526774,0.8802654687383759,1.034484215058521,1.7837359004263798,0.804,0.804,0.9264742477660874,0.9111848496387923,1.8344712758283985,1.1203508188004905,0.9419274624894924,4.02,1.699330719579005,0.8998915522514921,3.216,1.07669488855344,2.412,1.608,1.0053534670387847,0.8438434813524094,1.0214857204003653,0.9397142637883541,1.0657946431036178,0.9688692109185062,0.9786582471355956,0.804,0.9150538623276434,1.1005937706126323,3.216,0.953301218698336,1.608,1.608,0.9979433989674295,1.18959133506717,0.951202883994893,2.412,2.412,0.804,3.216,0.9309898261637988,0.8459916751181539,2.412,0.8649777304990534,0.804,0.804,0.951063865748046,0.804,0.9811490954402782,1.0030744562634157,1.608,0.9409175025982447,0.8526987382683334,0.9617308033859552,1.0013127156273307,0.9542239852158968,0.8780761265768267,0.9113218121719237,1.608,0.8095138396245244,0.9891327976138101,1.9488994267940485,2.0322561485423956,0.8888497495115835,2.412,0.8877679258366905,0.804,2.4690902240625103,1.043869461396807,0.9228138371124618,0.9539193618116582,1.6211373484341909,1.117869791165687,1.8803827801172455,1.0786835157384917,1.0244252616235159,0.8930865610906118,1.608,0.9446423417392622,1.7461646314411197,0.8952896544818326,2.0149324715491272,0.8455594315406179,1.0683634233022727,0.8851326558596502,0.9673824174503572,0.8699586693749518
1,38,2.0176432305920144,3.216,0.975050049151941,2.521094823394698,1.8007439925326594,0.9927554366861551,0.9936248061595865,1.0623811940713692,0.8921016193500511,2.0696979326434466,2.7389953044980233,2.491589391426089,1.0590949387021276,1.0204038730644336,1.9148726017526774,0.8802654687383759,1.034484215058521,1.7837359004263798,0.804,0.804,0.9264742477660874,0.9111848496387923,1.8344712758283985,1.1203508188004905,0.9419274624894924,4.02,1.699330719579005,0.8998915522514921,3.216,1.07669488855344,2.412,1.608,1.0053534670387847,0.8438434813524094,1.0214857204003653,0.9397142637883541,1.0657946431036178,0.9688692109185062,0.9786582471355956,0.804,0.9150538623276434,1.1005937706126323,3.216,0.953301218698336,1.608,1.608,0.9979433989674295,1.18959133506717,0.951202883994893,2.412,2.412,0.804,3.216,0.9309898261637988,0.8459916751181539,2.412,0.8649777304990534,0.804,0.804,0.951063865748046,0.804,0.9811490954402782,1.0030744562634157,1.608,0.9409175025982447,0.8526987382683334,0.9617308033859552,1.0013127156273307,0.9542239852158968,0.8780761265768267,0.9113218121719237,1.608,0.8095138396245244,0.9891327976138101,1.9488994267940485,2.0322561485423956,0.8888497495115835,2.412,0.8877679258366905,0.804,2.4690902240625103,1.043869461396807,0.9228138371124618,0.9539193618116582,1.6211373484341909,1.117869791165687,1.8803827801172455,1.0786835157384917,1.0244252616235159,0.8930865610906118,1.608,0.9446423417392622,1.7461646314411197,0.8952896544818326,2.0149324715491272,0.8455594315406179,1.0683634233022727,0.8851326558596502,0.9673824174503572,0.8699586693749518
1,39,2.0176432305920144,3.216,0.975050049151941,2.521094823394698,1.8007439925326594,0.9927554366861551,0.9936248061595865,1.0623811940713692,0.8921016193500511,2.0696979326434466,2.7389953044980233,2.491589391426089,1.0590949387021276,1.0204038730644336,1.9148726017526774,0.8802654687383759,1.034484215058521,1.7837359004263798,0.804,0.804,0.9264742477660874,0.9111848496387923,1.8344712758283985,1.1203508188004905,0.9419274624894924,4.02,1.699330719579005,0.8998915522514921,3.216,1.07669488855344,2.412,1.608,1.0053534670387847,0.8438434813524094,1.0214857204003653,0.9397142637883541,1.0657946431036178,0.9688692109185062,0.9786582471355956,0.804,0.9150538623276434,1.1005937706126323,3.216,0.953301218698336,1.608,1.608,0.9979433989674295,1.18959133506717,0.951202883994893,2.412,2.412,0.804,3.216,0.9309898261637988,0.8459916751181539,2.412,0.8649777304990534,0.804,0.804,0.951063865748046,0.804,0.9811490954402782,1.0030744562634157,1.608,0.9409175025982447,0.8526987382683334,0.9617308033859552,1.0013127156273307,0.9542239852158968,0.8780761265768267,0.9113218121719237,1.608,0.8095138396245244,0.9891327976138101,1.9488994267940485,2.0322561485423956,0.8888497495115835,2.412,0.8877679258366905,0.804,2.4690902240625103,1.043869461396807,0.9228138371124618,0.9539193618116582,1.6211373484341909,1.117869791165687,1.8803827801172455,1.0786835157384917,1.0244252616235159,0.8930865610906118,1.608,0.9446423417392622,1.7461646314411197,0.8952896544818326,2.0149324715491272,0.8455594315406179,1.0683634233022727,0.8851326558596502,0.9673824174503572,0.8699586693749518
2,0,0.9140831750333696,1.0623811940713692,1.113531397374683,1.0445385388745592,0.9397142637883541,1.118330357216602,1.7121935100273995,1.0104466095521931,0.8908904839458277,2.087285233684919,1.1257815062153578,1.8619669065800775,0.8537327704668577,1.608,1.608,0.9845883769995261,1.0204038730644336,0.804,0.804,0.8286232493666451,1.7794838545200538,0.9192051715707454,0.9927554366861551,1.0657946431036178,0.912718262509953,1.608,0.9091477662976593,0.8802654687383759,1.18959133506717,0.9540541070468957,1.0692377984680428,1.027340259116614,1.608,0.866515954206096,1.9884214984342123,0.804,0.8807705504675459,1.034484215058521,1.0125888817703417,0.9442538431996625,2.598150180902839,1.6372901310753187,2.424943396626908,1.699330719579005,1.0714306302423793,1.0623715000641336,0.951202883994893,0.804,1.608,1.608,1.043300913085755,0.9664838863299157,1.9075851848736378,0.914513229975904,1.1261980223565793,1.003804388069111,1.2,0.91045700750522,0.804,0.8493785769674067,1.2,0.804,0.8630169958860858,0.8356451408529999,2.640151877361422,2.5549810558177093,0.804,0.9470351462046496,1.026596872436232,2.412,0.804,1.1401161556773092,1.608,1.9031913422829794,0.848469204629009,0.9656114076406046,0.8828676507137836,1.0062254634865422,1.608,2.412,0.9650316962323582,1.052666042357788,1.8446546630556933,0.9333226473421793,0.8934191171082184,0.8750374522629641,1.7785514465394394,3.216,3.216,3.216,1.6285482427842282,0.9113498839050782,2.412,0.8545197972486818,2.412,0.9053163559420823,1.9138265418871652,0.804,0.9274702118761027,0.8393747683799636
2,1,0.9140831750333696,1.0623811940713692,1.113531397374683,1.0445385388745592,0.9397142637883541,1.118330357216602,1.7121935100273995,1.0104466095521931,0.8908904839458277,0.8920434791249849,1.1257815062153578,1.8619669065800775,1.739462278137092,1.608,1.608,0.9845883769995261,1.0204038730644336,0.804,0.804,0.964994130603339,1.7794838545200538,0.9192051715707454,0.9927554366861551,1.0657946431036178,0.912718262509953,1.608,0.8570101765584996,0.8802654687383759,1.18959133506717,0.9540541070468957,1.0692377984680428,1.027340259116614,1.608,1.6928855999112487,2.7848881181008585,0.804,0.8807705504675459,1.034484215058521,1.0125888817703417,0.9442538431996625,3.216,1.6372901310753187,1.608,1.699330719579005,1.0714306302423793,1.0623715000641336,0.951202883994893,0.804,2.412,1.608,1.043300913085755,0.9664838863299157,1.9075851848736378,0.914513229975904,2.0917525781389394,0.9391136270641185,0.9051575347712948,0.91045700750522,0.804,0.9213164438407931,3.3810214230328945,0.804,0.8630169958860858,2.412,3.216,2.5549810558177093,0.804,0.8691525354477911,1.0561767392583659,2.412,0.804,1.1410755136651112,1.608,0.8906597900000544,0.8842432746449795,0.9656114076406046,0.8828676507137836,0.9448893344068069,1.0788456987853337,2.412,1.1036751750171128,1.608,2.412,0.9333226473421793,1.0713365524026086,2.4632100463018816,0.9790290154675556,1.0220708657986772,3.216,1.7874406077659661,2.0319761833405514,1.009463193942906,3.231367445548174,0.912336160347186,1.0567891590593574,0.9788770028246185,1.1716916691707655,0.9071927178865011,0.944280033823253,0.804
2,2,0.9140831750333696,1.0623811940713692,1.113531397374683,1.0445385388745592,0.9397142637883541,0.9322774305909938,1.7121935100273995,1.2,1.608,1.608,1.1257815062153578,1.1049592337529286,2.536780492383919,1.608,1.608,0.9845883769995261,1.0204038730644336,0.804,0.804,0.964994130603339,1.7794838545200538,0.9192051715707454,0.9927554366861551,1.0657946431036178,0.912718262509953,1.608,0.8570101765584996,0.8802654687383759,1.18959133506717,0.9540541070468957,1.0692377984680428,1.027340259116614,1.608,1.6928855999112487,2.7848881181008585,0.804,0.8807705504675459,1.034484215058521,1.0125888817703417,0.9442538431996625,3.216,1.6372901310753187,1.608,1.699330719579005,1.0714306302423793,1.0623715000641336,3.216,0.804,2.412,1.608,1.043300913085755,0.9664838863299157,1.9075851848736378,0.9817006246318505,2.0922510797300284,0.804,0.8489777122300202,0.91045700750522,0.804,0.9213164438407931,3.3810214230328945,0.804,0.8630169958860858,2.412,3.216,2.5549810558177093,0.804,0.8691525354477911,1.0561767392583659,0.8656473671540031,0.804,1.1410755136651112,1.608,0.8791920208162411,0.8891532908362278,0.9656114076406046,0.8828676507137836,0.804,0.9135382719415905,2.412,1.1036751750171128,1.608,2.412,0.9333226473421793,1.0713365524026086,0.9096678882403288,0.9790290154675556,1.835702770629751,0.8976783467840401,1.608,2.0319761833405514,1.009463193942906,3.231367445548174,0.9226260515993812,0.9770732858895197,0.9191957534158066,1.1716916691707655,0.9522015868991708,0.936966102541507,0.804
2,3,0.9140831750333696,1.0623811940713692,1.113531397374683,1.0472327132865387,3.216,0.9322774305909938,1.7121935100273995,1.2,1.608,1.608,1.1257815062153578,1.9907496835057712,2.536780492383919,1.608,1.608,0.9845883769995261,1.0204038730644336,0.804,0.804,0.964994130603339,1.7794838545200538,0.9192051715707454,0.9927554366861551,1.0657946431036178,0.912718262509953,0.9754797795119486,1.058024400431594,0.8802654687383759,1.18959133506717,1.6714165028213936,1.0692377984680428,1.027340259116614,1.608,1.6928855999112487,2.7848881181008585,0.9290233380639972,1.701990323354901,1.034484215058521,1.0125888817703417,0.9442538431996625,3.216,1.0161158843043276,1.608,1.699330719579005,1.0714306302423793,1.0623715000641336,3.216,0.804,2.412,1.608,1.043300913085755,0.8786642214438598,0.9583715593729752,0.9817006246318505,2.0922510797300284,0.804,0.8057558249365869,1.608,0.9731844561322489,1.7079481203046227,3.3810214230328945,0.804,0.8630169958860858,1.0669172484151297,3.216,2.6779644564030205,0.8313778059817136,0.9220597416579904,1.0327773807017318,0.8656473671540031,0.804,1.022411173868941,1.0567869209898653,0.8791920208162411,0.8891532908362278,0.9656114076406046,0.9309774056361253,0.804,0.8357735074368043,0.9358922908623561,1.0659462494866163,1.608,1.7271251159762384,0.8259555786906223,0.8631646695652554,0.9096678882403288,0.9362492604775281,1.9813671175904308,1.106735890047541,1.608,1.9957191631274709,0.9698450622450064,0.9772005836583615,0.804,0.9299319648023476,0.9047257903109871,1.0271351233589086,0.844821673907692,0.9261637487093515,0.804
2,4,0.9140831750333696,1.0623811940713692,1.113531397374683,2.412,3.216,0.9322774305909938,1.7121935100273995,1.2,1.608,0.8478976734878612,0.8970769350012364,0.8132703686692561,2.412,1.608,1.608,0.9845883769995261,1.0204038730644336,0.804,0.804,1.6262250568583956,1.7794838545200538,0.9192051715707454,0.9927554366861551,1.0657946431036178,0.912718262509953,0.9754797795119486,1.058024400431594,0.8802654687383759,1.18959133506717,1.6714165028213936,1.0692377984680428,1.027340259116614,1.608,1.6928855999112487,2.7848881181008585,0.9290233380639972,1.701990323354901,1.034484215058521,1.0125888817703417,0.9442538431996625,3.216,1.0161158843043276,1.608,1.699330719579005,1.0714306302423793,1.0623715000641336,3.216,0.804,2.412,1.608,1.043300913085755,0.8786642214438598,1.608,0.9817006246318505,2.0922510797300284,0.804,0.804,1.608,0.9731844561322489,1.7079481203046227,3.216,0.804,0.8630169958860858,2.412,3.216,2.6779644564030205,0.8313778059817136,0.9220597416579904,1.0327773807017318,0.8656473671540031,0.804,1.022411173868941,1.0567869209898653,0.8791920208162411,0.8891532908362278,0.9656114076406046,0.8539627752947068,0.804,0.9295872582785711,1.0640853361765201,0.804,1.608,0.8324787338736943,0.8259555786906223,0.8631646695652554,1.608,0.9436292682542723,1.9813671175904308,0.8416800673577789,1.642409949332729,1.8766392654646382,0.9337947631069071,0.9762620618418574,0.9182971560803403,1.1021218990044654,0.804,1.1097473023216309,0.886913622433559,0.9349629792045873,0.804
2,5,0.9140831750333696,1.0623811940713692,1.113531397374683,2.412,3.216,0.9322774305909938,1.7121935100273995,1.2,1.608,1.7465206130547082,0.8970769350012364,0.8132703686692561,2.412,1.608,1.608,0.9845883769995261,1.0204038730644336,0.804,0.804,1.6262250568583956,1.7794838545200538,0.9192051715707454,0.9927554366861551,1.0657946431036178,0.912718262509953,0.9754797795119486,1.058024400431594,0.8802654687383759,1.18959133506717,1.6714165028213936,1.0692377984680428,1.027340259116614,1.608,1.6928855999112487,2.7848881181008585,0.9290233380639972,1.701990323354901,1.034484215058521,1.0125888817703417,0.9442538431996625,3.216,1.0161158843043276,1.608,1.699330719579005,1.0714306302423793,1.0623715000641336,3.216,0.804,2.412,1.608,1.043300913085755,0.8786642214438598,1.608,0.9817006246318505,2.0922510797300284,0.8650254142649505,0.804,1.608,0.9731844561322489,1.7079481203046227,3.216,0.804,0.8630169958860858,2.412,3.216,2.6779644564030205,0.8313778059817136,0.9220597416579904,1.0327773807017318,0.8656473671540031,0.804,1.022411173868941,1.0567869209898653,0.8791920208162411,0.8891532908362278,0.9656114076406046,0.8539627752947068,0.804,0.8626630590365764,1.0640853361765201,0.804,1.608,0.8324787338736943,0.8259555786906223,0.8631646695652554,1.608,0.9436292682542723,1.9813671175904308,0.8416800673577789,1.608,1.8766392654646382,0.9337947631069071,0.9762620618418574,0.9182971560803403,1.1021218990044654,0.8096415915252883,1.1097473023216309,0.886913622433559,0.9654275962626355,0.804
2,6,0.9140831750333696,1.0623811940713692,1.113531397374683,2.412,3.216,0.9322774305909938,1.7121935100273995,1.2,1.608,1.7465206130547082,0.8970769350012364,0.8132703686692561,2.412,1.608,1.608,0.9845883769995261,1.0204038730644336,0.804,0.804,1.6262250568583956,1.7794838545200538,0.9192051715707454,0.9927554366861551,1.0657946431036178,0.912718262509953,0.9754797795119486,1.058024400431594,0.8802654687383759,1.18959133506717,1.6714165028213936,1.0692377984680428,1.027340259116614,1.608,1.6928855999112487,2.7848881181008585,0.9290233380639972,1.701990323354901,1.034484215058521,1.0125888817703417,0.9442538431996625,3.216,1.0161158843043276,1.608,1.699330719579005,1.0714306302423793,1.0623715000641336,3.216,0.804,2.412,1.608,1.043300913085755,0.8786642214438598,1.608,0.9817006246318505,2.0922510797300284,0.8650254142649505,0.804,1.608,0.9731844561322489,1.7079481203046227,3.216,0.804,0.8630169958860858,2.412,3.216,2.6779644564030205,0.8313778059817136,0.9220597416579904,1.0327773807017318,0.8656473671540031,0.804,1.022411173868941,1.0567869209898653,0.8791920208162411,0.8891532908362278,0.9656114076406046,0.8539627752947068,0.804,0.8626630590365764,1.0640853361765201,0.804,1.608,1.608,0.8259555786906223,0.8631646695652554,1.608,0.9436292682542723,1.9813671175904308,0.8416800673577789,1.608,1.8766392654646382,0.9128384635517904,0.9762620618418574,0.9182971560803403,1.1021218990044654,0.8096415915252883,1.032770045565474,0.9067841384436657,0.9518000874247796,0.804
2,7,0.9140831750333696,1.0623811940713692,1.113531397374683,2.412,3.216,0.9322774305909938,1.7121935100273995,1.2,1.608,1.7465206130547082,0.8970769350012364,0.8132703686692561,2.412,1.608,1.608,0.9845883769995261,1.0204038730644336,0.804,0.804,1.6262250568583956,1.7794838545200538,0.9192051715707454,0.9927554366861551,1.0657946431036178,0.912718262509953,0.9754797795119486,1.058024400431594,0.8802654687383759,1.18959133506717,1.6714165028213936,1.0692377984680428,1.027340259116614,1.608,1.6928855999112487,2.7848881181008585,0.9290233380639972,1.701990323354901,1.034484215058521,1.0125888817703417,0.9442538431996625,3.216,1.0161158843043276,1.608,1.699330719579005,1.0714306302423793,1.0623715000641336,3.216,0.804,2.412,1.608,1.043300913085755,0.8786642214438598,1.608,0.9817006246318505,2.0922510797300284,0.8650254142649505,0.804,1.608,0.9731844561322489,1.7079481203046227,3.216,0.804,0.8630169958860858,2.412,3.216,2.6779644564030205,0.8313778059817136,0.9220597416579904,1.0327773807017318,0.8656473671540031,0.804,1.022411173868941,1.0567869209898653,0.8791920208162411,0.8891532908362278,0.9656114076406046,0.8539627752947068,0.804,0.8626630590365764,1.0640853361765201,0.804,1.608,1.608,0.8259555786906223,0.8631646695652554,1.608,0.9436292682542723,1.9813671175904308,0.8416800673577789,1.608,1.8766392654646382,0.9128384635517904,0.9762620618418574,0.9182971560803403,1.1021218990044654,0.8096415915252883,1.032770045565474,0.9067841384436657,0.9518000874247796,0.804
2,8,0.9140831750333696,1.0623811940713692,1.113531397374683,2.412,3.216,0.9322774305909938,1.7121935100273995,1.2,1.608,1.7465206130547082,0.8970769350012364,0.8132703686692561,2.412,1.608,1.608,0.9845883769995261,1.0204038730644336,0.804,0.804,1.6262250568583956,1.7794838545200538,0.9192051715707454,0.9927554366861551,1.0657946431036178,0.912718262509953,0.9754797795119486,1.058024400431594,0.8802654687383759,1.18959133506717,1.6714165028213936,1.0692377984680428,1.027340259116614,1.608,1.6928855999112487,2.7848881181008585,0.9290233380639972,1.701990323354901,1.034484215058521,1.0125888817703417,0.9442538431996625,3.216,1.0161158843043276,1.608,1.699330719579005,1.0714306302423793,1.0623715000641336,3.216,0.804,2.412,1.608,1.043300913085755,0.8786642214438598,1.608,0.9817006246318505,2.0922510797300284,0.8650254142649505,0.804,1.608,0.9731844561322489,1.7079481203046227,3.216,0.804,0.8630169958860858,2.412,3.216,2.6779644564030205,0.8313778059817136,0.9220597416579904,1.0327773807017318,0.8656473671540031,0.804,1.022411173868941,1.0567869209898653,0.8791920208162411,0.8891532908362278,0.9656114076406046,0.8539627752947068,0.804,0.8626630590365764,1.0640853361765201,0.804,1.608,1.608,0.8259555786906223,0.8631646695652554,1.608,0.9436292682542723,1.9813671175904308,0.8416800673577789,1.608,1.8766392654646382,0.9128384635517904,0.9762620618418574,0.9182971560803403,1.1021218990044654,0.8096415915252883,1.032770045565474,0.9067841384436657,0.9518000874247796,0.804
2,9,0.9140831750333696,1.0623811940713692,1.113531397374683,2.412,3.216,0.9322774305909938,1.7121935100273995,1.2,1.608,1.7465206130547082,0.8970769350012364,0.8132703686692561,2.412,1.608,1.608,0.9845883769995261,1.0204038730644336,0.804,0.804,1.6262250568583956,1.7794838545200538,0.9192051715707454,0.9927554366861551,1.0657946431036178,0.912718262509953,0.9754797795119486,1.058024400431594,0.8802654687383759,1.18959133506717,1.6714165028213936,1.0692377984680428,1.027340259116614,1.608,1.6928855999112487,2.7848881181008585,0.9290233380639972,1.701990323354901,1.034484215058521,1.0125888817703417,0.9442538431996625,3.216,1.0161158843043276,1.608,1.699330719579005,1.0714306302423793,1.0623715000641336,3.216,0.804,2.412,1.608,1.043300913085755,0.8786642214438598,1.608,0.9817006246318505,2.0922510797300284,0.8650254142649505,0.804,1.608,0.9731844561322489,1.7079481203046227,3.216,0.804,0.8630169958860858,2.412,3.216,2.6779644564030205,0.8313778059817136,0.9220597416579904,1.0327773807017318,0.8656473671540031,0.804,1.022411173868941,1.0567869209898653,0.8791920208162411,0.8891532908362278,0.9656114076406046,0.8539627752947068,0.804,0.8626630590365764,1.0640853361765201,0.804,1.608,1.608,0.8259555786906223,0.8631646695652554,1.608,0.9436292682542723,1.9813671175904308,0.8416800673577789,1.608,1.8766392654646382,0.9128384635517904,0.9762620618418574,0.9182971560803403,1.1021218990044654,0.8096415915252883,1.032770045565474,0.9067841384436657,0.9518000874247796,0.804
2,10,0.9140831750333696,1.0623811940713692,1.113531397374683,2.412,3.216,0.9322774305909938,1.7121935100273995,1.2,1.608,1.7465206130547082,0.8970769350012364,0.8132703686692561,2.412,1.608,1.608,0.9845883769995261,1.0204038730644336,0.804,0.804,1.6262250568583956,1.7794838545200538,0.9192051715707454,0.9927554366861551,1.0657946431036178,0.912718262509953,0.9754797795119486,1.058024400431594,0.8802654687383759,1.18959133506717,1.6714165028213936,1.0692377984680428,1.027340259116614,1.608,1.6928855999112487,2.7848881181008585,0.9290233380639972,1.701990323354901,1.034484215058521,1.0125888817703417,0.9442538431996625,3.216,1.0161158843043276,1.608,1.699330719579005,1.0714306302423793,1.0623715000641336,3.216,0.804,2.412,1.608,1.043300913085755,0.8786642214438598,1.608,0.9817006246318505,2.0922510797300284,0.8650254142649505,0.804,1.608,0.9731844561322489,1.7079481203046227,3.216,0.804,0.8630169958860858,2.412,3.216,2.6779644564030205,0.8313778059817136,0.9220597416579904,1.0327773807017318,0.8656473671540031,0.804,1.022411173868941,1.0567869209898653,0.8791920208162411,0.8891532908362278,0.9656114076406046,0.8539627752947068,0.804,0.8626630590365764,1.0640853361765201,0.804,1.608,1.608,0.8259555786906223,0.8631646695652554,1.608,0.9436292682542723,1.9813671175904308,0.8416800673577789,1.608,1.8766392654646382,0.9128384635517904,0.9762620618418574,0.9182971560803403,1.1021218990044654,0.8096415915252883,1.032770045565474,0.9067841384436657,0.9518000874247796,0.804
2,11,0.9140831750333696,1.0623811940713692,1.113531397374683,2.412,3.216,0.9322774305909938,1.7121935100273995,1.2,1.608,1.7465206130547082,0.8970769350012364,0.8132703686692561,2.412,1.608,1.608,0.9845883769995261,1.0204038730644336,0.804,0.804,1.6262250568583956,1.7794838545200538,0.9192051715707454,0.9927554366861551,1.0657946431036178,0.912718262509953,0.9754797795119486,1.058024400431594,0.8802654687383759,1.18959133506717,1.6714165028213936,1.0692377984680428,1.027340259116614,1.608,1.6928855999112487,2.7848881181008585,0.9290233380639972,1.701990323354901,1.034484215058521,1.0125888817703417,0.9442538431996625,3.216,1.0161158843043276,1.608,1.699330719579005,1.0714306302423793,1.0623715000641336,3.216,0.804,2.412,1.608,1.043300913085755,0.8786642214438598,1.608,0.9817006246318505,2.0922510797300284,0.8650254142649505,0.804,1.608,0.9731844561322489,1.7079481203046227,3.216,0.804,0.8630169958860858,2.412,3.216,2.6779644564030205,0.8313778059817136,0.9220597416579904,1.0327773807017318,0.8656473671540031,0.804,1.022411173868941,1.0567869209898653,0.8791920208162411,0.8891532908362278,0.9656114076406046,0.8539627752947068,0.804,0.8626630590365764,1.0640853361765201,0.804,1.608,1.608,0.8259555786906223,0.8631646695652554,1.608,0.9436292682542723,1.9813671175904308,0.8416800673577789,1.608,1.8766392654646382,0.9128384635517904,0.9762620618418574,0.9182971560803403,1.1021218990044654,0.8096415915252883,1.032770045565474,0.9067841384436657,0.9518000874247796,0.804
2,12,0.9140831750333696,1.0623811940713692,1.113531397374683,2.412,3.216,0.9322774305909938,1.7121935100273995,1.2,1.608,1.7465206130547082,0.8970769350012364,0.8132703686692561,2.412,1.608,1.608,0.9845883769995261,1.0204038730644336,0.804,0.804,1.6262250568583956,1.7794838545200538,0.9192051715707454,0.9927554366861551,1.0657946431036178,0.912718262509953,0.9754797795119486,1.058024400431594,0.8802654687383759,1.18959133506717,1.6714165028213936,1.0692377984680428,1.027340259116614,1.608,1.6928855999112487,2.7848881181008585,0.9290233380639972,1.701990323354901,1.034484215058521,1.0125888817703417,0.9442538431996625,3.216,1.0161158843043276,1.608,1.699330719579005,1.0714306302423793,1.0623715000641336,3.216,0.804,2.412,1.608,1.043300913085755,0.8786642214438598,1.608,0.9817006246318505,2.0922510797300284,0.8650254142649505,0.804,1.608,0.9731844561322489,1.7079481203046227,3.216,0.804,0.8630169958860858,2.412,3.216,2.6779644564030205,0.8313778059817136,0.9220597416579904,1.0327773807017318,0.8656473671540031,0.804,1.022411173868941,1.0567869209898653,0.8791920208162411,0.8891532908362278,0.9656114076406046,0.8539627752947068,0.804,0.8626630590365764,1.0640853361765201,0.804,1.608,1.608,0.8259555786906223,0.8631646695652554,1.608,0.9436292682542723,1.9813671175904308,0.8416800673577789,1.608,1.8766392654646382,0.9128384635517904,0.9762620618418574,0.9182971560803403,1.1021218990044654,0.8096415915252883,1.032770045565474,0.9067841384436657,0.9518000874247796,0.804
2,13,0.9140831750333696,1.0623811940713692,1.113531397374683,2.412,3.216,0.9322774305909938,1.7121935100273995,1.2,1.608,1.7465206130547082,0.8970769350012364,0.8132703686692561,2.412,1.608,1.608,0.9845883769995261,1.0204038730644336,0.804,0.804,1.6262250568583956,1.7794838545200538,0.9192051715707454,0.9927554366861551,1.0657946431036178,0.912718262509953,0.9754797795119486,1.058024400431594,0.8802654687383759,1.18959133506717,1.6714165028213936,1.0692377984680428,1.027340259116614,1.608,1.6928855999112487,2.7848881181008585,0.9290233380639972,1.701990323354901,1.034484215058521,1.0125888817703417,0.9442538431996625,3.216,1.0161158843043276,1.608,1.699330719579005,1.0714306302423793,1.0623715000641336,3.216,0.804,2.412,1.608,1.043300913085755,0.8786642214438598,1.608,0.9817006246318505,2.0922510797300284,0.8650254142649505,0.804,1.608,0.9731844561322489,1.7079481203046227,3.216,0.804,0.8630169958860858,2.412,3.216,2.6779644564030205,0.8313778059817136,0.9220597416579904,1.0327773807017318,0.8656473671540031,0.804,1.022411173868941,1.0567869209898653,0.8791920208162411,0.8891532908362278,0.9656114076406046,0.8539627752947068,0.804,0.8626630590365764,1.0640853361765201,0.804,1.608,1.608,0.8259555786906223,0.8631646695652554,1.608,0.9436292682542723,1.9813671175904308,0.8416800673577789,1.608,1.8766392654646382,0.9128384635517904,0.9762620618418574,0.9182971560803403,1.1021218990044654,0.8096415915252883,1.032770045565474,0.9067841384436657,0.9518000874247796,0.804
2,14,0.9140831750333696,1.0623811940713692,1.113531397374683,2.412,3.216,0.9322774305909938,1.7121935100273995,1.2,1.608,1.7465206130547082,0.8970769350012364,0.8132703686692561,2.412,1.608,1.608,0.9845883769995261,1.0204038730644336,0.804,0.804,1.6262250568583956,1.7794838545200538,0.9192051715707454,0.9927554366861551,1.0657946431036178,0.912718262509953,0.9754797795119486,1.058024400431594,0.8802654687383759,1.18959133506717,1.6714165028213936,1.0692377984680428,1.027340259116614,1.608,1.6928855999112487,2.7848881181008585,0.9290233380639972,1.701990323354901,1.034484215058521,1.0125888817703417,0.9442538431996625,3.216,1.0161158843043276,1.608,1.699330719579005,1.0714306302423793,1.0623715000641336,3.216,0.804,2.412,1.608,1.043300913085755,0.8786642214438598,1.608,0.9817006246318505,2.0922510797300284,0.8650254142649505,0.804,1.608,0.9731844561322489,1.7079481203046227,3.216,0.804,0.8630169958860858,2.412,3.216,2.6779644564030205,0.8313778059817136,0.9220597416579904,1.0327773807017318,0.8656473671540031,0.804,1.022411173868941,1.0567869209898653,0.8791920208162411,0.8891532908362278,0.9656114076406046,0.8539627752947068,0.804,0.8626630590365764,1.0640853361765201,0.804,1.608,1.608,0.8259555786906223,0.8631646695652554,1.608,0.9436292682542723,1.9813671175904308,0.8416800673577789,1.608,1.8766392654646382,0.9128384635517904,0.9762620618418574,0.9182971560803403,1.1021218990044654,0.8096415915252883,1.032770045565474,0.9067841384436657,0.9518000874247796,0.804
2,15,0.9140831750333696,1.0623811940713692,1.113531397374683,2.412,3.216,0.9322774305909938,1.7121935100273995,1.2,1.608,1.7465206130547082,0.8970769350012364,0.8132703686692561,2.412,1.608,1.608,0.9845883769995261,1.0204038730644336,0.804,0.804,1.6262250568583956,1.7794838545200538,0.9192051715707454,0.9927554366861551,1.0657946431036178,0.912718262509953,0.9754797795119486,1.058024400431594,0.8802654687383759,1.18959133506717,1.6714165028213936,1.0692377984680428,1.027340259116614,1.608,1.6928855999112487,2.7848881181008585,0.9290233380639972,1.701990323354901,1.034484215058521,1.0125888817703417,0.9442538431996625,3.216,1.0161158843043276,1.608,1.699330719579005,1.0714306302423793,1.0623715000641336,3.216,0.804,2.412,1.608,1.043300913085755,0.8786642214438598,1.608,0.9817006246318505,2.0922510797300284,0.8650254142649505,0.804,1.608,0.9731844561322489,1.7079481203046227,3.216,0.804,0.8630169958860858,2.412,3.216,2.6779644564030205,0.8313778059817136,0.9220597416579904,1.0327773807017318,0.8656473671540031,0.804,1.022411173868941,1.0567869209898653,0.8791920208162411,0.8891532908362278,0.9656114076406046,0.8539627752947068,0.804,0.8626630590365764,1.0640853361765201,0.804,1.608,1.608,0.8259555786906223,0.8631646695652554,1.608,0.9436292682542723,1.9813671175904308,0.8416800673577789,1.608,1.8766392654646382,0.9128384635517904,0.9762620618418574,0.9182971560803403,1.1021218990044654,0.8096415915252883,1.032770045565474,0.9067841384436657,0.9518000874247796,0.804
2,16,0.9140831750333696,1.0623811940713692,1.113531397374683,2.412,3.216,0.9322774305909938,1.7121935100273995,1.2,1.608,1.7465206130547082,0.8970769350012364,0.8132703686692561,2.412,1.608,1.608,0.9845883769995261,1.0204038730644336,0.804,0.804,1.6262250568583956,1.7794838545200538,0.9192051715707454,0.9927554366861551,1.0657946431036178,0.912718262509953,0.9754797795119486,1.058024400431594,0.8802654687383759,1.18959133506717,1.6714165028213936,1.0692377984680428,1.027340259116614,1.608,1.6928855999112487,2.7848881181008585,0.9290233380639972,1.701990323354901,1.034484215058521,1.0125888817703417,0.9442538431996625,3.216,1.0161158843043276,1.608,1.699330719579005,1.0714306302423793,1.0623715000641336,3.216,0.804,2.412,1.608,1.043300913085755,0.8786642214438598,1.608,0.9817006246318505,2.0922510797300284,0.8650254142649505,0.804,1.608,0.9731844561322489,1.7079481203046227,3.216,0.804,0.8630169958860858,2.412,3.216,2.6779644564030205,0.8313778059817136,0.9220597416579904,1.0327773807017318,0.8656473671540031,0.804,1.022411173868941,1.0567869209898653,0.8791920208162411,0.8891532908362278,0.9656114076406046,0.8539627752947068,0.804,0.8626630590365764,1.0640853361765201,0.804,1.608,1.608,0.8259555786906223,0.8631646695652554,1.608,0.9436292682542723,1.9813671175904308,0.8416800673577789,1.608,1.8766392654646382,0.9128384635517904,0.9762620618418574,0.9182971560803403,1.1021218990044654,0.8096415915252883,1.032770045565474,0.9067841384436657,0.9518000874247796,0.804
2,17,0.9140831750333696,1.0623811940713692,1.113531397374683,2.412,3.216,0.9322774305909938,1.7121935100273995,1.2,1.608,1.7465206130547082,0.8970769350012364,0.8132703686692561,2.412,1.608,1.608,0.9845883769995261,1.0204038730644336,0.804,0.804,1.6262250568583956,1.7794838545200538,0.9192051715707454,0.9927554366861551,1.0657946431036178,0.912718262509953,0.9754797795119486,1.058024400431594,0.8802654687383759,1.18959133506717,1.6714165028213936,1.0692377984680428,1.027340259116614,1.608,1.6928855999112487,2.7848881181008585,0.9290233380639972,1.701990323354901,1.034484215058521,1.0125888817703417,0.9442538431996625,3.216,1.0161158843043276,1.608,1.699330719579005,1.0714306302423793,1.0623715000641336,3.216,0.804,2.412,1.608,1.043300913085755,0.8786642214438598,1.608,0.9817006246318505,2.0922510797300284,0.8650254142649505,0.804,1.608,0.9731844561322489,1.7079481203046227,3.216,0.804,0.8630169958860858,2.412,3.216,2.6779644564030205,0.8313778059817136,0.9220597416579904,1.0327773807017318,0.8656473671540031,0.804,1.022411173868941,1.0567869209898653,0.8791920208162411,0.8891532908362278,0.9656114076406046,0.8539627752947068,0.804,0.8626630590365764,1.0640853361765201,0.804,1.608,1.608,0.8259555786906223,0.8631646695652554,1.608,0.9436292682542723,1.9813671175904308,0.8416800673577789,1.608,1.8766392654646382,0.9128384635517904,0.9762620618418574,0.9182971560803403,1.1021218990044654,0.8096415915252883,1.032770045565474,0.9067841384436657,0.9518000874247796,0.804
2,18,0.9140831750333696,1.0623811940713692,1.113531397374683,2.412,3.216,0.9322774305909938,1.7121935100273995,1.2,1.608,1.7465206130547082,0.8970769350012364,0.8132703686692561,2.412,1.608,1.608,0.9845883769995261,1.0204038730644336,0.804,0.804,1.6262250568583956,1.7794838545200538,0.9192051715707454,0.9927554366861551,1.0657946431036178,0.912718262509953,0.9754797795119486,1.058024400431594,0.8802654687383759,1.18959133506717,1.6714165028213936,1.0692377984680428,1.027340259116614,1.608,1.6928855999112487,2.7848881181008585,0.9290233380639972,1.701990323354901,1.034484215058521,1.0125888817703417,0.9442538431996625,3.216,1.0161158843043276,1.608,1.699330719579005,1.0714306302423793,1.0623715000641336,3.216,0.804,2.412,1.608,1.043300913085755,0.8786642214438598,1.608,0.9817006246318505,2.0922510797300284,0.8650254142649505,0.804,1.608,0.9731844561322489,1.7079481203046227,3.216,0.804,0.8630169958860858,2.412,3.216,2.6779644564030205,0.8313778059817136,0.9220597416579904,1.0327773807017318,0.8656473671540031,0.804,1.022411173868941,1.0567869209898653,0.8791920208162411,0.8891532908362278,0.9656114076406046,0.8539627752947068,0.804,0.8626630590365764,1.0640853361765201,0.804,1.608,1.608,0.8259555786906223,0.8631646695652554,1.608,0.9436292682542723,1.9813671175904308,0.8416800673577789,1.608,1.8766392654646382,0.9128384635517904,0.9762620618418574,0.9182971560803403,1.1021218990044654,0.8096415915252883,1.032770045565474,0.9067841384436657,0.9518000874247796,0.804
2,19,0.9140831750333696,1.0623811940713692,1.113531397374683,2.412,3.216,0.9322774305909938,1.7121935100273995,1.2,1.608,1.7465206130547082,0.8970769350012364,0.8132703686692561,2.412,1.608,1.608,0.9845883769995261,1.0204038730644336,0.804,0.804,1.6262250568583956,1.7794838545200538,0.9192051715707454,0.9927554366861551,1.0657946431036178,0.912718262509953,0.9754797795119486,1.058024400431594,0.8802654687383759,1.18959133506717,1.6714165028213936,1.0692377984680428,1.027340259116614,1.608,1.6928855999112487,2.7848881181008585,0.9290233380639972,1.701990323354901,1.034484215058521,1.0125888817703417,0.9442538431996625,3.216,1.0161158843043276,1.608,1.699330719579005,1.0714306302423793,1.0623715000641336,3.216,0.804,2.412,1.608,1.043300913085755,0.8786642214438598,1.608,0.9817006246318505,2.0922510797300284,0.8650254142649505,0.804,1.608,0.9731844561322489,1.7079481203046227,3.216,0.804,0.8630169958860858,2.412,3.216,2.6779644564030205,0.8313778059817136,0.9220597416579904,1.0327773807017318,0.8656473671540031,0.804,1.022411173868941,1.0567869209898653,0.8791920208162411,0.8891532908362278,0.9656114076406046,0.8539627752947068,0.804,0.8626630590365764,1.0640853361765201,0.804,1.608,1.608,0.8259555786906223,0.8631646695652554,1.608,0.9436292682542723,1.9813671175904308,0.8416800673577789,1.608,1.8766392654646382,0.9128384635517904,0.9762620618418574,0.9182971560803403,1.1021218990044654,0.8096415915252883,1.032770045565474,0.9067841384436657,0.9518000874247796,0.804
2,20,0.9140831750333696,1.0623811940713692,1.113531397374683,2.412,3.216,0.9322774305909938,1.7121935100273995,1.2,1.608,1.7465206130547082,0.8970769350012364,0.8132703686692561,2.412,1.608,1.608,0.9845883769995261,1.0204038730644336,0.804,0.804,1.6262250568583956,1.7794838545200538,0.9192051715707454,0.9927554366861551,1.0657946431036178,0.912718262509953,0.9754797795119486,1.058024400431594,0.8802654687383759,1.18959133506717,1.6714165028213936,1.0692377984680428,1.027340259116614,1.608,1.6928855999112487,2.7848881181008585,0.9290233380639972,1.701990323354901,1.034484215058521,1.0125888817703417,0.9442538431996625,3.216,1.0161158843043276,1.608,1.699330719579005,1.0714306302423793,1.0623715000641336,3.216,0.804,2.412,1.608,1.043300913085755,0.8786642214438598,1.608,0.9817006246318505,2.0922510797300284,0.8650254142649505,0.804,1.608,0.9731844561322489,1.7079481203046227,3.216,0.804,0.8630169958860858,2.412,3.216,2.6779644564030205,0.8313778059817136,0.9220597416579904,1.0327773807017318,0.8656473671540031,0.804,1.022411173868941,1.0567869209898653,0.8791920208162411,0.8891532908362278,0.9656114076406046,0.8539627752947068,0.804,0.8626630590365764,1.0640853361765201,0.804,1.608,1.608,0.8259555786906223,0.8631646695652554,1.608,0.9436292682542723,1.9813671175904308,0.8416800673577789,1.608,1.8766392654646382,0.9128384635517904,0.9762620618418574,0.9182971560803403,1.1021218990044654,0.8096415915252883,1.032770045565474,0.9067841384436657,0.9518000874247796,0.804
2,21,0.9140831750333696,1.0623811940713692,1.113531397374683,2.412,3.216,0.9322774305909938,1.7121935100273995,1.2,1.608,1.7465206130547082,0.8970769350012364,0.8132703686692561,2.412,1.608,1.608,0.9845883769995261,1.0204038730644336,0.804,0.804,1.6262250568583956,1.7794838545200538,0.9192051715707454,0.9927554366861551,1.0657946431036178,0.912718262509953,0.9754797795119486,1.058024400431594,0.8802654687383759,1.18959133506717,1.6714165028213936,1.0692377984680428,1.027340259116614,1.608,1.6928855999112487,2.7848881181008585,0.9290233380639972,1.701990323354901,1.034484215058521,1.0125888817703417,0.9442538431996625,3.216,1.0161158843043276,1.608,1.699330719579005,1.0714306302423793,1.0623715000641336,3.216,0.804,2.412,1.608,1.043300913085755,0.8786642214438598,1.608,0.9817006246318505,2.0922510797300284,0.8650254142649505,0.804,1.608,0.9731844561322489,1.7079481203046227,3.216,0.804,0.8630169958860858,2.412,3.216,2.6779644564030205,0.8313778059817136,0.9220597416579904,1.0327773807017318,0.8656473671540031,0.804,1.022411173868941,1.0567869209898653,0.8791920208162411,0.8891532908362278,0.9656114076406046,0.8539627752947068,0.804,0.8626630590365764,1.0640853361765201,0.804,1.608,1.608,0.8259555786906223,0.8631646695652554,1.608,0.9436292682542723,1.9813671175904308,0.8416800673577789,1.608,1.8766392654646382,0.9128384635517904,0.9762620618418574,0.9182971560803403,1.1021218990044654,0.8096415915252883,1.032770045565474,0.9067841384436657,0.9518000874247796,0.804
2,22,0.9140831750333696,1.0623811940713692,1.113531397374683,2.412,3.216,0.9322774305909938,1.7121935100273995,1.2,1.608,1.7465206130547082,0.8970769350012364,0.8132703686692561,2.412,1.608,1.608,0.9845883769995261,1.0204038730644336,0.804,0.804,1.6262250568583956,1.7794838545200538,0.9192051715707454,0.9927554366861551,1.0657946431036178,0.912718262509953,0.9754797795119486,1.058024400431594,0.8802654687383759,1.18959133506717,1.6714165028213936,1.0692377984680428,1.027340259116614,1.608,1.6928855999112487,2.7848881181008585,0.9290233380639972,1.701990323354901,1.034484215058521,1.0125888817703417,0.9442538431996625,3.216,1.0161158843043276,1.608,1.699330719579005,1.0714306302423793,1.0623715000641336,3.216,0.804,2.412,1.608,1.043300913085755,0.8786642214438598,1.608,0.9817006246318505,2.0922510797300284,0.8650254142649505,0.804,1.608,0.9731844561322489,1.7079481203046227,3.216,0.804,0.8630169958860858,2.412,3.216,2.6779644564030205,0.8313778059817136,0.9220597416579904,1.0327773807017318,0.8656473671540031,0.804,1.022411173868941,1.0567869209898653,0.8791920208162411,0.8891532908362278,0.9656114076406046,0.8539627752947068,0.804,0.8626630590365764,1.0640853361765201,0.804,1.608,1.608,0.8259555786906223,0.8631646695652554,1.608,0.9436292682542723,1.9813671175904308,0.8416800673577789,1.608,1.8766392654646382,0.9128384635517904,0.9762620618418574,0.9182971560803403,1.1021218990044654,0.8096415915252883,1.032770045565474,0.9067841384436657,0.9518000874247796,0.804
2,23,0.9140831750333696,1.0623811940713692,1.113531397374683,2.412,3.216,0.9322774305909938,1.7121935100273995,1.2,1.608,1.7465206130547082,0.8970769350012364,0.8132703686692561,2.412,1.608,1.608,0.9845883769995261,1.0204038730644336,0.804,0.804,1.6262250568583956,1.7794838545200538,0.9192051715707454,0.9927554366861551,1.0657946431036178,0.912718262509953,0.9754797795119486,1.058024400431594,0.8802654687383759,1.18959133506717,1.6714165028213936,1.0692377984680428,1.027340259116614,1.608,1.6928855999112487,2.7848881181008585,0.9290233380639972,1.701990323354901,1.034484215058521,1.0125888817703417,0.9442538431996625,3.216,1.0161158843043276,1.608,1.699330719579005,1.0714306302423793,1.0623715000641336,3.216,0.804,2.412,1.608,1.043300913085755,0.8786642214438598,1.608,0.9817006246318505,2.0922510797300284,0.8650254142649505,0.804,1.608,0.9731844561322489,1.7079481203046227,3.216,0.804,0.8630169958860858,2.412,3.216,2.6779644564030205,0.8313778059817136,0.9220597416579904,1.0327773807017318,0.8656473671540031,0.804,1.022411173868941,1.0567869209898653,0.8791920208162411,0.8891532908362278,0.9656114076406046,0.8539627752947068,0.804,0.8626630590365764,1.0640853361765201,0.804,1.608,1.608,0.8259555786906223,0.8631646695652554,1.608,0.9436292682542723,1.9813671175904308,0.8416800673577789,1.608,1.8766392654646382,0.9128384635517904,0.9762620618418574,0.9182971560803403,1.1021218990044654,0.8096415915252883,1.032770045565474,0.9067841384436657,0.9518000874247796,0.804
2,24,0.9140831750333696,1.0623811940713692,1.113531397374683,2.412,3.216,0.9322774305909938,1.7121935100273995,1.2,1.608,1.7465206130547082,0.8970769350012364,0.8132703686692561,2.412,1.608,1.608,0.9845883769995261,1.0204038730644336,0.804,0.804,1.6262250568583956,1.7794838545200538,0.9192051715707454,0.9927554366861551,1.0657946431036178,0.912718262509953,0.9754797795119486,1.058024400431594,0.8802654687383759,1.18959133506717,1.6714165028213936,1.0692377984680428,1.027340259116614,1.608,1.6928855999112487,2.7848881181008585,0.9290233380639972,1.701990323354901,1.034484215058521,1.0125888817703417,0.9442538431996625,3.216,1.0161158843043276,1.608,1.699330719579005,1.0714306302423793,1.0623715000641336,3.216,0.804,2.412,1.608,1.043300913085755,0.8786642214438598,1.608,0.9817006246318505,2.0922510797300284,0.8650254142649505,0.804,1.608,0.9731844561322489,1.7079481203046227,3.216,0.804,0.8630169958860858,2.412,3.216,2.6779644564030205,0.8313778059817136,0.9220597416579904,1.0327773807017318,0.8656473671540031,0.804,1.022411173868941,1.0567869209898653,0.8791920208162411,0.8891532908362278,0.9656114076406046,0.8539627752947068,0.804,0.8626630590365764,1.0640853361765201,0.804,1.608,1.608,0.8259555786906223,0.8631646695652554,1.608,0.9436292682542723,1.9813671175904308,0.8416800673577789,1.608,1.8766392654646382,0.9128384635517904,0.9762620618418574,0.9182971560803403,1.1021218990044654,0.8096415915252883,1.032770045565474,0.9067841384436657,0.9518000874247796,0.804
2,25,0.9140831750333696,1.0623811940713692,1.113531397374683,2.412,3.216,0.9322774305909938,1.7121935100273995,1.2,1.608,1.7465206130547082,0.8970769350012364,0.8132703686692561,2.412,1.608,1.608,0.9845883769995261,1.0204038730644336,0.804,0.804,1.6262250568583956,1.7794838545200538,0.9192051715707454,0.9927554366861551,1.0657946431036178,0.912718262509953,0.9754797795119486,1.058024400431594,0.8802654687383759,1.18959133506717,1.6714165028213936,1.0692377984680428,1.027340259116614,1.608,1.6928855999112487,2.7848881181008585,0.9290233380639972,1.701990323354901,1.034484215058521,1.0125888817703417,0.9442538431996625,3.216,1.0161158843043276,1.608,1.699330719579005,1.0714306302423793,1.0623715000641336,3.216,0.804,2.412,1.608,1.043300913085755,0.8786642214438598,1.608,0.9817006246318505,2.0922510797300284,0.8650254142649505,0.804,1.608,0.9731844561322489,1.7079481203046227,3.216,0.804,0.8630169958860858,2.412,3.216,2.6779644564030205,0.8313778059817136,0.9220597416579904,1.0327773807017318,0.8656473671540031,0.804,1.022411173868941,1.0567869209898653,0.8791920208162411,0.8891532908362278,0.9656114076406046,0.8539627752947068,0.804,0.8626630590365764,1.0640853361765201,0.804,1.608,1.608,0.8259555786906223,0.8631646695652554,1.608,0.9436292682542723,1.9813671175904308,0.8416800673577789,1.608,1.8766392654646382,0.9128384635517904,0.9762620618418574,0.9182971560803403,1.1021218990044654,0.8096415915252883,1.032770045565474,0.9067841384436657,0.9518000874247796,0.804
2,26,0.9140831750333696,1.0623811940713692,1.113531397374683,2.412,3.216,0.9322774305909938,1.7121935100273995,1.2,1.608,1.7465206130547082,0.8970769350012364,0.8132703686692561,2.412,1.608,1.608,0.9845883769995261,1.0204038730644336,0.804,0.804,1.6262250568583956,1.7794838545200538,0.9192051715707454,0.9927554366861551,1.0657946431036178,0.912718262509953,0.9754797795119486,1.058024400431594,0.8802654687383759,1.18959133506717,1.6714165028213936,1.0692377984680428,1.027340259116614,1.608,1.6928855999112487,2.7848881181008585,0.9290233380639972,1.701990323354901,1.034484215058521,1.0125888817703417,0.9442538431996625,3.216,1.0161158843043276,1.608,1.699330719579005,1.0714306302423793,1.0623715000641336,3.216,0.804,2.412,1.608,1.043300913085755,0.8786642214438598,1.608,0.9817006246318505,2.0922510797300284,0.8650254142649505,0.804,1.608,0.9731844561322489,1.7079481203046227,3.216,0.804,0.8630169958860858,2.412,3.216,2.6779644564030205,0.8313778059817136,0.9220597416579904,1.0327773807017318,0.8656473671540031,0.804,1.022411173868941,1.0567869209898653,0.8791920208162411,0.8891532908362278,0.9656114076406046,0.8539627752947068,0.804,0.8626630590365764,1.0640853361765201,0.804,1.608,1.608,0.8259555786906223,0.8631646695652554,1.608,0.9436292682542723,1.9813671175904308,0.8416800673577789,1.608,1.8766392654646382,0.9128384635517904,0.9762620618418574,0.9182971560803403,1.1021218990044654,0.8096415915252883,1.032770045565474,0.9067841384436657,0.9518000874247796,0.804
2,27,0.9140831750333696,1.0623811940713692,1.113531397374683,2.412,3.216,0.9322774305909938,1.7121935100273995,1.2,1.608,1.7465206130547082,0.8970769350012364,0.8132703686692561,2.412,1.608,1.608,0.9845883769995261,1.0204038730644336,0.804,0.804,1.6262250568583956,1.7794838545200538,0.9192051715707454,0.9927554366861551,1.0657946431036178,0.912718262509953,0.9754797795119486,1.058024400431594,0.8802654687383759,1.18959133506717,1.6714165028213936,1.0692377984680428,1.027340259116614,1.608,1.6928855999112487,2.7848881181008585,0.9290233380639972,1.701990323354901,1.034484215058521,1.0125888817703417,0.9442538431996625,3.216,1.0161158843043276,1.608,1.699330719579005,1.0714306302423793,1.0623715000641336,3.216,0.804,2.412,1.608,1.043300913085755,0.8786642214438598,1.608,0.9817006246318505,2.0922510797300284,0.8650254142649505,0.804,1.608,0.9731844561322489,1.7079481203046227,3.216,0.804,0.8630169958860858,2.412,3.216,2.6779644564030205,0.8313778059817136,0.9220597416579904,1.0327773807017318,0.8656473671540031,0.804,1.022411173868941,1.0567869209898653,0.8791920208162411,0.8891532908362278,0.9656114076406046,0.8539627752947068,0.804,0.8626630590365764,1.0640853361765201,0.804,1.608,1.608,0.8259555786906223,0.8631646695652554,1.608,0.9436292682542723,1.9813671175904308,0.8416800673577789,1.608,1.8766392654646382,0.9128384635517904,0.9762620618418574,0.9182971560803403,1.1021218990044654,0.8096415915252883,1.032770045565474,0.9067841384436657,0.9518000874247796,0.804
2,28,0.9140831750333696,1.0623811940713692,1.113531397374683,2.412,3.216,0.9322774305909938,1.7121935100273995,1.2,1.608,1.7465206130547082,0.8970769350012364,0.8132703686692561,2.412,1.608,1.608,0.9845883769995261,1.0204038730644336,0.804,0.804,1.6262250568583956,1.7794838545200538,0.9192051715707454,0.9927554366861551,1.0657946431036178,0.912718262509953,0.9754797795119486,1.058024400431594,0.8802654687383759,1.18959133506717,1.6714165028213936,1.0692377984680428,1.027340259116614,1.608,1.6928855999112487,2.7848881181008585,0.9290233380639972,1.701990323354901,1.034484215058521,1.0125888817703417,0.9442538431996625,3.216,1.0161158843043276,1.608,1.699330719579005,1.0714306302423793,1.0623715000641336,3.216,0.804,2.412,1.608,1.043300913085755,0.8786642214438598,1.608,0.9817006246318505,2.0922510797300284,0.8650254142649505,0.804,1.608,0.9731844561322489,1.7079481203046227,3.216,0.804,0.8630169958860858,2.412,3.216,2.6779644564030205,0.8313778059817136,0.9220597416579904,1.0327773807017318,0.8656473671540031,0.804,1.022411173868941,1.0567869209898653,0.8791920208162411,0.8891532908362278,0.9656114076406046,0.8539627752947068,0.804,0.8626630590365764,1.0640853361765201,0.804,1.608,1.608,0.8259555786906223,0.8631646695652554,1.608,0.9436292682542723,1.9813671175904308,0.8416800673577789,1.608,1.8766392654646382,0.9128384635517904,0.9762620618418574,0.9182971560803403,1.1021218990044654,0.8096415915252883,1.032770045565474,0.9067841384436657,0.9518000874247796,0.804
2,29,0.9140831750333696,1.0623811940713692,1.113531397374683,2.412,3.216,0.9322774305909938,1.7121935100273995,1.2,1.608,1.7465206130547082,0.8970769350012364,0.8132703686692561,2.412,1.608,1.608,0.9845883769995261,1.0204038730644336,0.804,0.804,1.6262250568583956,1.7794838545200538,0.9192051715707454,0.9927554366861551,1.0657946431036178,0.912718262509953,0.9754797795119486,1.058024400431594,0.8802654687383759,1.18959133506717,1.6714165028213936,1.0692377984680428,1.027340259116614,1.608,1.6928855999112487,2.7848881181008585,0.9290233380639972,1.701990323354901,1.034484215058521,1.0125888817703417,0.9442538431996625,3.216,1.0161158843043276,1.608,1.699330719579005,1.0714306302423793,1.0623715000641336,3.216,0.804,2.412,1.608,1.043300913085755,0.8786642214438598,1.608,0.9817006246318505,2.0922510797300284,0.8650254142649505,0.804,1.608,0.9731844561322489,1.7079481203046227,3.216,0.804,0.8630169958860858,2.412,3.216,2.6779644564030205,0.8313778059817136,0.9220597416579904,1.0327773807017318,0.8656473671540031,0.804,1.022411173868941,1.0567869209898653,0.8791920208162411,0.8891532908362278,0.9656114076406046,0.8539627752947068,0.804,0.8626630590365764,1.0640853361765201,0.804,1.608,1.608,0.8259555786906223,0.8631646695652554,1.608,0.9436292682542723,1.9813671175904308,0.8416800673577789,1.608,1.8766392654646382,0.9128384635517904,0.9762620618418574,0.9182971560803403,1.1021218990044654,0.8096415915252883,1.032770045565474,0.9067841384436657,0.9518000874247796,0.804
2,30,0.9140831750333696,1.0623811940713692,1.113531397374683,2.412,3.216,0.9322774305909938,1.7121935100273995,1.2,1.608,1.7465206130547082,0.8970769350012364,0.8132703686692561,2.412,1.608,1.608,0.9845883769995261,1.0204038730644336,0.804,0.804,1.6262250568583956,1.7794838545200538,0.9192051715707454,0.9927554366861551,1.0657946431036178,0.912718262509953,0.9754797795119486,1.058024400431594,0.8802654687383759,1.18959133506717,1.6714165028213936,1.0692377984680428,1.027340259116614,1.608,1.6928855999112487,2.7848881181008585,0.9290233380639972,1.701990323354901,1.034484215058521,1.0125888817703417,0.9442538431996625,3.216,1.0161158843043276,1.608,1.699330719579005,1.0714306302423793,1.0623715000641336,3.216,0.804,2.412,1.608,1.043300913085755,0.8786642214438598,1.608,0.9817006246318505,2.0922510797300284,0.8650254142649505,0.804,1.608,0.9731844561322489,1.7079481203046227,3.216,0.804,0.8630169958860858,2.412,3.216,2.6779644564030205,0.8313778059817136,0.9220597416579904,1.0327773807017318,0.8656473671540031,0.804,1.022411173868941,1.0567869209898653,0.8791920208162411,0.8891532908362278,0.9656114076406046,0.8539627752947068,0.804,0.8626630590365764,1.0640853361765201,0.804,1.608,1.608,0.8259555786906223,0.8631646695652554,1.608,0.9436292682542723,1.9813671175904308,0.8416800673577789,1.608,1.8766392654646382,0.9128384635517904,0.9762620618418574,0.9182971560803403,1.1021218990044654,0.8096415915252883,1.032770045565474,0.9067841384436657,0.9518000874247796,0.804
2,31,0.9140831750333696,1.0623811940713692,1.113531397374683,2.412,3.216,0.9322774305909938,1.7121935100273995,1.2,1.608,1.7465206130547082,0.8970769350012364,0.8132703686692561,2.412,1.608,1.608,0.9845883769995261,1.0204038730644336,0.804,0.804,1.6262250568583956,1.7794838545200538,0.9192051715707454,0.9927554366861551,1.0657946431036178,0.912718262509953,0.9754797795119486,1.058024400431594,0.8802654687383759,1.18959133506717,1.6714165028213936,1.0692377984680428,1.027340259116614,1.608,1.6928855999112487,2.7848881181008585,0.9290233380639972,1.701990323354901,1.034484215058521,1.0125888817703417,0.9442538431996625,3.216,1.0161158843043276,1.608,1.699330719579005,1.0714306302423793,1.0623715000641336,3.216,0.804,2.412,1.608,1.043300913085755,0.8786642214438598,1.608,0.9817006246318505,2.0922510797300284,0.8650254142649505,0.804,1.608,0.9731844561322489,1.7079481203046227,3.216,0.804,0.8630169958860858,2.412,3.216,2.6779644564030205,0.8313778059817136,0.9220597416579904,1.0327773807017318,0.8656473671540031,0.804,1.022411173868941,1.0567869209898653,0.8791920208162411,0.8891532908362278,0.9656114076406046,0.8539627752947068,0.804,0.8626630590365764,1.0640853361765201,0.804,1.608,1.608,0.8259555786906223,0.8631646695652554,1.608,0.9436292682542723,1.9813671175904308,0.8416800673577789,1.608,1.8766392654646382,0.9128384635517904,0.9762620618418574,0.9182971560803403,1.1021218990044654,0.8096415915252883,1.032770045565474,0.9067841384436657,0.9518000874247796,0.804
2,32,0.9140831750333696,1.0623811940713692,1.113531397374683,2.412,3.216,0.9322774305909938,1.7121935100273995,1.2,1.608,1.7465206130547082,0.8970769350012364,0.8132703686692561,2.412,1.608,1.608,0.9845883769995261,1.0204038730644336,0.804,0.804,1.6262250568583956,1.7794838545200538,0.9192051715707454,0.9927554366861551,1.0657946431036178,0.912718262509953,0.9754797795119486,1.058024400431594,0.8802654687383759,1.18959133506717,1.6714165028213936,1.0692377984680428,1.027340259116614,1.608,1.6928855999112487,2.7848881181008585,0.9290233380639972,1.701990323354901,1.034484215058521,1.0125888817703417,0.9442538431996625,3.216,1.0161158843043276,1.608,1.699330719579005,1.0714306302423793,1.0623715000641336,3.216,0.804,2.412,1.608,1.043300913085755,0.8786642214438598,1.608,0.9817006246318505,2.0922510797300284,0.8650254142649505,0.804,1.608,0.9731844561322489,1.7079481203046227,3.216,0.804,0.8630169958860858,2.412,3.216,2.6779644564030205,0.8313778059817136,0.9220597416579904,1.0327773807017318,0.8656473671540031,0.804,1.022411173868941,1.0567869209898653,0.8791920208162411,0.8891532908362278,0.9656114076406046,0.8539627752947068,0.804,0.8626630590365764,1.0640853361765201,0.804,1.608,1.608,0.8259555786906223,0.8631646695652554,1.608,0.9436292682542723,1.9813671175904308,0.8416800673577789,1.608,1.8766392654646382,0.9128384635517904,0.9762620618418574,0.9182971560803403,1.1021218990044654,0.8096415915252883,1.032770045565474,0.9067841384436657,0.9518000874247796,0.804
2,33,0.9140831750333696,1.0623811940713692,1.113531397374683,2.412,3.216,0.9322774305909938,1.7121935100273995,1.2,1.608,1.7465206130547082,0.8970769350012364,0.8132703686692561,2.412,1.608,1.608,0.9845883769995261,1.0204038730644336,0.804,0.804,1.6262250568583956,1.7794838545200538,0.9192051715707454,0.9927554366861551,1.0657946431036178,0.912718262509953,0.9754797795119486,1.058024400431594,0.8802654687383759,1.18959133506717,1.6714165028213936,1.0692377984680428,1.027340259116614,1.608,1.6928855999112487,2.7848881181008585,0.9290233380639972,1.701990323354901,1.034484215058521,1.0125888817703417,0.9442538431996625,3.216,1.0161158843043276,1.608,1.699330719579005,1.0714306302423793,1.0623715000641336,3.216,0.804,2.412,1.608,1.043300913085755,0.8786642214438598,1.608,0.9817006246318505,2.0922510797300284,0.8650254142649505,0.804,1.608,0.9731844561322489,1.7079481203046227,3.216,0.804,0.8630169958860858,2.412,3.216,2.6779644564030205,0.8313778059817136,0.9220597416579904,1.0327773807017318,0.8656473671540031,0.804,1.022411173868941,1.0567869209898653,0.8791920208162411,0.8891532908362278,0.9656114076406046,0.8539627752947068,0.804,0.8626630590365764,1.0640853361765201,0.804,1.608,1.608,0.8259555786906223,0.8631646695652554,1.608,0.9436292682542723,1.9813671175904308,0.8416800673577789,1.608,1.8766392654646382,0.9128384635517904,0.9762620618418574,0.9182971560803403,1.1021218990044654,0.8096415915252883,1.032770045565474,0.9067841384436657,0.9518000874247796,0.804
2,34,0.9140831750333696,1.0623811940713692,1.113531397374683,2.412,3.216,0.9322774305909938,1.7121935100273995,1.2,1.608,1.7465206130547082,0.8970769350012364,0.8132703686692561,2.412,1.608,1.608,0.9845883769995261,1.0204038730644336,0.804,0.804,1.6262250568583956,1.7794838545200538,0.9192051715707454,0.9927554366861551,1.0657946431036178,0.912718262509953,0.9754797795119486,1.058024400431594,0.8802654687383759,1.18959133506717,1.6714165028213936,1.0692377984680428,1.027340259116614,1.608,1.6928855999112487,2.7848881181008585,0.9290233380639972,1.701990323354901,1.034484215058521,1.0125888817703417,0.9442538431996625,3.216,1.0161158843043276,1.608,1.699330719579005,1.0714306302423793,1.0623715000641336,3.216,0.804,2.412,1.608,1.043300913085755,0.8786642214438598,1.608,0.9817006246318505,2.0922510797300284,0.8650254142649505,0.804,1.608,0.9731844561322489,1.7079481203046227,3.216,0.804,0.8630169958860858,2.412,3.216,2.6779644564030205,0.8313778059817136,0.9220597416579904,1.0327773807017318,0.8656473671540031,0.804,1.022411173868941,1.0567869209898653,0.8791920208162411,0.8891532908362278,0.9656114076406046,0.8539627752947068,0.804,0.8626630590365764,1.0640853361765201,0.804,1.608,1.608,0.8259555786906223,0.8631646695652554,1.608,0.9436292682542723,1.9813671175904308,0.8416800673577789,1.608,1.8766392654646382,0.9128384635517904,0.9762620618418574,0.9182971560803403,1.1021218990044654,0.8096415915252883,1.032770045565474,0.9067841384436657,0.9518000874247796,0.804
2,35,0.9140831750333696,1.0623811940713692,1.113531397374683,2.412,3.216,0.9322774305909938,1.7121935100273995,1.2,1.608,1.7465206130547082,0.8970769350012364,0.8132703686692561,2.412,1.608,1.608,0.9845883769995261,1.0204038730644336,0.804,0.804,1.6262250568583956,1.7794838545200538,0.9192051715707454,0.9927554366861551,1.0657946431036178,0.912718262509953,0.9754797795119486,1.058024400431594,0.8802654687383759,1.18959133506717,1.6714165028213936,1.0692377984680428,1.027340259116614,1.608,1.6928855999112487,2.7848881181008585,0.9290233380639972,1.701990323354901,1.034484215058521,1.0125888817703417,0.9442538431996625,3.216,1.0161158843043276,1.608,1.699330719579005,1.0714306302423793,1.0623715000641336,3.216,0.804,2.412,1.608,1.043300913085755,0.8786642214438598,1.608,0.9817006246318505,2.0922510797300284,0.8650254142649505,0.804,1.608,0.9731844561322489,1.7079481203046227,3.216,0.804,0.8630169958860858,2.412,3.216,2.6779644564030205,0.8313778059817136,0.9220597416579904,1.0327773807017318,0.8656473671540031,0.804,1.022411173868941,1.0567869209898653,0.8791920208162411,0.8891532908362278,0.9656114076406046,0.8539627752947068,0.804,0.8626630590365764,1.0640853361765201,0.804,1.608,1.608,0.8259555786906223,0.8631646695652554,1.608,0.9436292682542723,1.9813671175904308,0.8416800673577789,1.608,1.8766392654646382,0.9128384635517904,0.9762620618418574,0.9182971560803403,1.1021218990044654,0.8096415915252883,1.032770045565474,0.9067841384436657,0.9518000874247796,0.804
2,36,0.9140831750333696,1.0623811940713692,1.113531397374683,2.412,3.216,0.9322774305909938,1.7121935100273995,1.2,1.608,1.7465206130547082,0.8970769350012364,0.8132703686692561,2.412,1.608,1.608,0.9845883769995261,1.0204038730644336,0.804,0.804,1.6262250568583956,1.7794838545200538,0.9192051715707454,0.9927554366861551,1.0657946431036178,0.912718262509953,0.9754797795119486,1.058024400431594,0.8802654687383759,1.18959133506717,1.6714165028213936,1.0692377984680428,1.027340259116614,1.608,1.6928855999112487,2.7848881181008585,0.9290233380639972,1.701990323354901,1.034484215058521,1.0125888817703417,0.9442538431996625,3.216,1.0161158843043276,1.608,1.699330719579005,1.0714306302423793,1.0623715000641336,3.216,0.804,2.412,1.608,1.043300913085755,0.8786642214438598,1.608,0.9817006246318505,2.0922510797300284,0.8650254142649505,0.804,1.608,0.9731844561322489,1.7079481203046227,3.216,0.804,0.8630169958860858,2.412,3.216,2.6779644564030205,0.8313778059817136,0.9220597416579904,1.0327773807017318,0.8656473671540031,0.804,1.022411173868941,1.0567869209898653,0.8791920208162411,0.8891532908362278,0.9656114076406046,0.8539627752947068,0.804,0.8626630590365764,1.0640853361765201,0.804,1.608,1.608,0.8259555786906223,0.8631646695652554,1.608,0.9436292682542723,1.9813671175904308,0.8416800673577789,1.608,1.8766392654646382,0.9128384635517904,0.9762620618418574,0.9182971560803403,1.1021218990044654,0.8096415915252883,1.032770045565474,0.9067841384436657,0.9518000874247796,0.804
2,37,0.9140831750333696,1.0623811940713692,1.113531397374683,2.412,3.216,0.9322774305909938,1.7121935100273995,1.2,1.608,1.7465206130547082,0.8970769350012364,0.8132703686692561,2.412,1.608,1.608,0.9845883769995261,1.0204038730644336,0.804,0.804,1.6262250568583956,1.7794838545200538,0.9192051715707454,0.9927554366861551,1.0657946431036178,0.912718262509953,0.9754797795119486,1.058024400431594,0.8802654687383759,1.18959133506717,1.6714165028213936,1.0692377984680428,1.027340259116614,1.608,1.6928855999112487,2.7848881181008585,0.9290233380639972,1.701990323354901,1.034484215058521,1.0125888817703417,0.9442538431996625,3.216,1.0161158843043276,1.608,1.699330719579005,1.0714306302423793,1.0623715000641336,3.216,0.804,2.412,1.608,1.043300913085755,0.8786642214438598,1.608,0.9817006246318505,2.0922510797300284,0.8650254142649505,0.804,1.608,0.9731844561322489,1.7079481203046227,3.216,0.804,0.8630169958860858,2.412,3.216,2.6779644564030205,0.8313778059817136,0.9220597416579904,1.0327773807017318,0.8656473671540031,0.804,1.022411173868941,1.0567869209898653,0.8791920208162411,0.8891532908362278,0.9656114076406046,0.8539627752947068,0.804,0.8626630590365764,1.0640853361765201,0.804,1.608,1.608,0.8259555786906223,0.8631646695652554,1.608,0.9436292682542723,1.9813671175904308,0.8416800673577789,1.608,1.8766392654646382,0.9128384635517904,0.9762620618418574,0.9182971560803403,1.1021218990044654,0.8096415915252883,1.032770045565474,0.9067841384436657,0.9518000874247796,0.804
2,38,0.9140831750333696,1.0623811940713692,1.113531397374683,2.412,3.216,0.9322774305909938,1.7121935100273995,1.2,1.608,1.7465206130547082,0.8970769350012364,0.8132703686692561,2.412,1.608,1.608,0.9845883769995261,1.0204038730644336,0.804,0.804,1.6262250568583956,1.7794838545200538,0.9192051715707454,0.9927554366861551,1.0657946431036178,0.912718262509953,0.9754797795119486,1.058024400431594,0.8802654687383759,1.18959133506717,1.6714165028213936,1.0692377984680428,1.027340259116614,1.608,1.6928855999112487,2.7848881181008585,0.9290233380639972,1.701990323354901,1.034484215058521,1.0125888817703417,0.9442538431996625,3.216,1.0161158843043276,1.608,1.699330719579005,1.0714306302423793,1.0623715000641336,3.216,0.804,2.412,1.608,1.043300913085755,0.8786642214438598,1.608,0.9817006246318505,2.0922510797300284,0.8650254142649505,0.804,1.608,0.9731844561322489,1.7079481203046227,3.216,0.804,0.8630169958860858,2.412,3.216,2.6779644564030205,0.8313778059817136,0.9220597416579904,1.0327773807017318,0.8656473671540031,0.804,1.022411173868941,1.0567869209898653,0.8791920208162411,0.8891532908362278,0.9656114076406046,0.8539627752947068,0.804,0.8626630590365764,1.0640853361765201,0.804,1.608,1.608,0.8259555786906223,0.8631646695652554,1.608,0.9436292682542723,1.9813671175904308,0.8416800673577789,1.608,1.8766392654646382,0.9128384635517904,0.9762620618418574,0.9182971560803403,1.1021218990044654,0.8096415915252883,1.032770045565474,0.9067841384436657,0.9518000874247796,0.804
2,39,0.9140831750333696,1.0623811940713692,1.113531397374683,2.412,3.216,0.9322774305909938,1.7121935100273995,1.2,1.608,1.7465206130547082,0.8970769350012364,0.8132703686692561,2.412,1.608,1.608,0.9845883769995261,1.0204038730644336,0.804,0.804,1.6262250568583956,1.7794838545200538,0.9192051715707454,0.9927554366861551,1.0657946431036178,0.912718262509953,0.9754797795119486,1.058024400431594,0.8802654687383759,1.18959133506717,1.6714165028213936,1.0692377984680428,1.027340259116614,1.608,1.6928855999112487,2.7848881181008585,0.9290233380639972,1.701990323354901,1.034484215058521,1.0125888817703417,0.9442538431996625,3.216,1.0161158843043276,1.608,1.699330719579005,1.0714306302423793,1.0623715000641336,3.216,0.804,2.412,1.608,1.043300913085755,0.8786642214438598,1.608,0.9817006246318505,2.0922510797300284,0.8650254142649505,0.804,1.608,0.9731844561322489,1.7079481203046227,3.216,0.804,0.8630169958860858,2.412,3.216,2.6779644564030205,0.8313778059817136,0.9220597416579904,1.0327773807017318,0.8656473671540031,0.804,1.022411173868941,1.0567869209898653,0.8791920208162411,0.8891532908362278,0.9656114076406046,0.8539627752947068,0.804,0.8626630590365764,1.0640853361765201,0.804,1.608,1.608,0.8259555786906223,0.8631646695652554,1.608,0.9436292682542723,1.9813671175904308,0.8416800673577789,1.608,1.8766392654646382,0.9128384635517904,0.9762620618418574,0.9182971560803403,1.1021218990044654,0.8096415915252883,1.032770045565474,0.9067841384436657,0.9518000874247796,0.804
3,0,0.953301218698336,2.087285233684919,1.1257815062153578,0.804,0.804,0.9845883769995261,0.9165474560825564,1.699330719579005,1.0692377984680428,0.9264742477660874,0.8537327704668577,1.7994669952251483,1.608,0.9150538623276434,0.9000721434947201,0.9936248061595865,0.9540541070468957,1.0204038730644336,1.0006814510778939,0.866515954206096,0.9397142637883541,2.7389953044980233,0.804,1.0213516712059538,1.9388002980868855,1.0614929023871973,1.608,1.608,0.8582448316269177,1.118330357216602,0.975050049151941,0.951202883994893,0.804,0.8994673430509568,1.608,1.0104466095521931,1.1142837568652884,0.8286232493666451,1.0310684975286788,1.6372901310753187,1.0657946431036178,2.0819280244488136,0.9150116968571863,0.804,1.1477580591959926,0.804,2.598150180902839,0.9192051715707454,2.491589391426089,0.9442538431996625,0.9225198764171759,1.08798117414292,0.8975995797271978,1.8881630315297655,0.8432040631908027,1.7194137832172296,0.8633108389644906,2.412,1.608,0.8863135290084944,0.8988961157634822,0.9321656287539342,1.819348368515206,0.9878247642115691,1.7373910727105049,0.8565375809077672,1.8275837217221889,1.098160331146789,1.8510281985117873,0.9038973523714199,1.0145103051766151,0.9968496424795338,1.0217966054525087,1.9783596912163866,2.000771291798781,0.9736479686054895,1.0135121403218008,0.8952908944540526,0.8826115953524137,1.1565012374550379,0.9419805456314576,1.7602968914959831,1.07329692946825,2.412,0.9247097536933109,0.804,1.1219595806753655,0.8472182729099161,2.5391835638381144,0.9013692370111605,1.0159760034374181,0.8857740372787026,1.9852625606906864,1.104444403522687,1.7770284414534094,0.8304733774528196,1.0326793285657756,0.9032090099923227,0.9203028866943427,1.0974605941586892
3,1,0.953301218698336,0.804,1.0610312794060879,0.804,0.804,0.9845883769995261,0.9165474560825564,1.699330719579005,1.0692377984680428,1.0540384594225625,2.412,1.7994669952251483,1.608,1.0057809954611654,1.608,1.1703380944617359,1.9473043798962224,1.0204038730644336,1.0006814510778939,2.412,3.216,2.7389953044980233,0.804,1.0213516712059538,1.9388002980868855,1.0614929023871973,1.608,1.608,0.8582448316269177,1.118330357216602,0.975050049151941,0.951202883994893,0.804,0.8994673430509568,1.608,1.0104466095521931,1.1142837568652884,0.9499148758869211,2.412,3.216,1.0657946431036178,2.0819280244488136,2.412,0.804,1.1477580591959926,0.804,2.598150180902839,0.9192051715707454,2.491589391426089,0.9442538431996625,0.9225198764171759,0.966507731997504,0.8975995797271978,2.652992268131448,0.804,1.912076834365139,0.9688601551278708,0.840713268669962,0.9631850317506089,1.0067200298836863,0.9139151828023009,0.9321656287539342,1.819348368515206,0.9878247642115691,1.7373910727105049,0.8565375809077672,1.8275837217221889,1.098160331146789,1.8510281985117873,0.88278446975971,0.804,1.1736136526152683,1.0217966054525087,1.9783596912163866,2.000771291798781,0.9736479686054895,0.956479842311545,0.9260539993058228,1.608,0.9591251856118335,0.8919508435218982,1.7602968914959831,1.07329692946825,2.412,0.9247097536933109,0.9865511547239383,0.8948114690118463,0.8472182729099161,1.9906927560951386,1.1207876934083159,1.0509067675075372,0.8857740372787026,1.9852625606906864,1.050785832904674,0.8333823453031848,0.8600559844526612,1.1590425282596386,0.98418524008186,0.9403657815007034,0.907070545188722
3,2,0.953301218698336,0.804,1.0610312794060879,0.804,0.804,0.9845883769995261,0.9165474560825564,1.699330719579005,1.709849068735883,1.0540384594225625,2.412,3.216,1.608,1.0057809954611654,1.608,1.1703380944617359,1.9473043798962224,1.0204038730644336,1.0006814510778939,2.412,3.216,2.7389953044980233,0.804,1.0213516712059538,1.9388002980868855,1.0614929023871973,1.608,1.608,0.8582448316269177,1.118330357216602,0.975050049151941,0.951202883994893,0.804,0.8994673430509568,1.608,1.0104466095521931,1.1142837568652884,0.9499148758869211,2.412,3.216,1.0657946431036178,2.0819280244488136,0.896496947501811,0.804,1.1477580591959926,0.804,2.598150180902839,0.9546705318964656,2.491589391426089,0.9442538431996625,0.9225198764171759,0.966507731997504,0.8975995797271978,2.652992268131448,0.804,1.912076834365139,2.412,0.840713268669962,0.9631850317506089,1.0067200298836863,0.9139151828023009,0.9321656287539342,1.819348368515206,0.9878247642115691,1.7373910727105049,0.8565375809077672,1.8275837217221889,1.098160331146789,1.8510281985117873,0.88278446975971,0.804,1.0827906046108315,1.0118654077001585,1.9783596912163866,1.0462862299116074,0.9736479686054895,0.956479842311545,0.9278078867576255,0.9700370549620585,0.9591251856118335,0.8919508435218982,1.7602968914959831,1.07329692946825,2.412,0.9247097536933109,0.804,0.804,0.9404279469799716,2.553253448352085,1.0552877078588856,2.061854262030077,0.8857740372787026,1.9852625606906864,0.8831358628504797,1.6574016196386188,0.804,1.1590425282596386,1.152030459237753,0.8628208163217392,0.993502095579278
3,3,0.953301218698336,0.804,1.0610312794060879,0.804,0.804,0.9845883769995261,0.9165474560825564,1.7253222988622832,0.9750069982558102,1.0540384594225625,2.412,3.216,1.608,1.0057809954611654,1.608,1.1703380944617359,1.9473043798962224,1.0204038730644336,1.0006814510778939,2.412,3.216,2.7389953044980233,0.804,1.0213516712059538,0.9090452946048488,1.0614929023871973,1.608,1.608,0.8582448316269177,1.118330357216602,0.975050049151941,0.951202883994893,0.804,0.8994673430509568,1.608,1.0104466095521931,1.1142837568652884,0.9499148758869211,2.412,3.216,1.0657946431036178,2.0819280244488136,0.896496947501811,0.804,1.1477580591959926,0.804,2.598150180902839,0.9546705318964656,2.491589391426089,0.9442538431996625,0.9225198764171759,0.966507731997504,0.8975995797271978,2.5474241564120605,0.804,1.912076834365139,2.412,0.840713268669962,0.9631850317506089,1.0067200298836863,0.9139151828023009,0.9321656287539342,1.7760422812036878,0.9878247642115691,1.7373910727105049,0.8565375809077672,1.8275837217221889,1.098160331146789,1.8510281985117873,0.88278446975971,0.804,1.0827906046108315,1.0118654077001585,1.9783596912163866,1.0462862299116074,0.9736479686054895,0.956479842311545,0.8768195214733121,1.7378666160424978,0.9591251856118335,0.8919508435218982,1.007708093527087,0.804,0.9021105847914476,0.9247097536933109,0.804,0.804,0.9404279469799716,2.553253448352085,1.0619607753869198,2.061854262030077,1.085745176792474,1.1101959224099112,0.8831358628504797,1.6574016196386188,0.8631117320461527,0.902111548386177,1.0764804358229605,0.8895165927051947,1.0077604823475819
3,4,0.953301218698336,0.804,1.0610312794060879,0.804,0.804,0.9845883769995261,0.9165474560825564,1.7253222988622832,0.9750069982558102,1.0540384594225625,2.412,3.216,1.608,1.0057809954611654,1.608,1.1703380944617359,1.9473043798962224,1.0204038730644336,1.0006814510778939,2.412,3.216,2.7389953044980233,0.804,1.0213516712059538,0.9090452946048488,1.0614929023871973,1.608,1.608,0.8582448316269177,1.118330357216602,0.975050049151941,0.951202883994893,0.804,0.8994673430509568,1.608,1.0104466095521931,1.1142837568652884,0.9499148758869211,2.412,3.216,1.0657946431036178,2.0819280244488136,0.896496947501811,0.804,1.1477580591959926,0.804,3.216,0.9546705318964656,2.491589391426089,1.9967941701308538,0.804,0.966507731997504,0.8975995797271978,2.5474241564120605,0.804,1.912076834365139,2.412,0.840713268669962,0.9631850317506089,1.0067200298836863,0.9139151828023009,0.9321656287539342,1.7760422812036878,0.9878247642115691,1.7373910727105049,0.8565375809077672,1.8275837217221889,1.098160331146789,1.8510281985117873,0.88278446975971,0.804,1.0827906046108315,1.0118654077001585,0.899900252588579,1.0462862299116074,0.8742453169654872,0.9144014847206785,0.8768195214733121,1.7378666160424978,0.9591251856118335,0.8919508435218982,1.007708093527087,0.804,0.9021105847914476,0.9247097536933109,0.804,0.804,0.8217254894588719,2.4412387969915574,1.0619607753869198,2.061854262030077,1.085745176792474,1.1101959224099112,0.9626375552413229,1.608,0.8631117320461527,0.902111548386177,1.0063859507267974,0.8895165927051947,1.0494308091326294
3,5,0.953301218698336,0.804,1.0610312794060879,0.804,0.804,0.9845883769995261,0.9165474560825564,1.7253222988622832,0.9750069982558102,1.0540384594225625,2.412,3.216,1.608,1.0057809954611654,1.608,1.1703380944617359,1.9473043798962224,1.0204038730644336,1.0006814510778939,2.412,3.216,2.7389953044980233,0.804,1.0213516712059538,0.9090452946048488,1.0614929023871973,1.608,1.608,0.8582448316269177,1.118330357216602,0.975050049151941,0.951202883994893,0.804,0.8994673430509568,1.608,1.0104466095521931,1.1142837568652884,0.9499148758869211,2.412,3.216,1.0657946431036178,2.0819280244488136,0.896496947501811,0.804,1.1477580591959926,0.804,3.216,0.9546705318964656,2.491589391426089,1.9967941701308538,0.804,0.966507731997504,0.8975995797271978,2.5474241564120605,0.804,1.912076834365139,2.412,0.840713268669962,0.9631850317506089,1.0067200298836863,0.9139151828023009,0.9321656287539342,1.7760422812036878,0.9878247642115691,1.7373910727105049,0.8565375809077672,1.8275837217221889,1.098160331146789,1.8510281985117873,0.88278446975971,0.804,1.0827906046108315,1.0118654077001585,0.899900252588579,1.0462862299116074,0.8742453169654872,0.9144014847206785,0.8768195214733121,1.7378666160424978,0.9591251856118335,0.8919508435218982,1.007708093527087,0.804,0.9021105847914476,0.9247097536933109,0.804,0.804,0.8217254894588719,2.4412387969915574,1.0619607753869198,2.061854262030077,1.085745176792474,1.1101959224099112,0.9626375552413229,1.608,0.8631117320461527,0.902111548386177,1.0063859507267974,0.8895165927051947,1.0494308091326294
3,6,0.953301218698336,0.804,1.0610312794060879,0.804,0.804,0.9845883769995261,0.9165474560825564,1.7253222988622832,0.9750069982558102,1.0540384594225625,2.412,3.216,1.608,1.0057809954611654,1.608,1.1703380944617359,1.9473043798962224,1.0204038730644336,1.0006814510778939,2.412,3.216,2.7389953044980233,0.804,1.0213516712059538,0.9090452946048488,1.0614929023871973,1.608,1.608,0.8582448316269177,1.118330357216602,0.975050049151941,0.951202883994893,0.804,0.8994673430509568,1.608,1.0104466095521931,1.1142837568652884,0.9499148758869211,2.412,3.216,1.0657946431036178,2.0819280244488136,0.896496947501811,0.804,1.1477580591959926,0.804,3.216,0.9546705318964656,2.491589391426089,1.9967941701308538,0.804,0.966507731997504,0.8975995797271978,2.5474241564120605,0.804,1.912076834365139,2.412,0.840713268669962,0.9631850317506089,1.0067200298836863,0.9139151828023009,0.9321656287539342,1.7760422812036878,0.9878247642115691,1.7373910727105049,0.8565375809077672,1.8275837217221889,1.098160331146789,1.8510281985117873,0.88278446975971,0.804,1.0827906046108315,1.0118654077001585,0.899900252588579,1.0462862299116074,0.8742453169654872,0.9144014847206785,0.8768195214733121,1.7378666160424978,0.9591251856118335,0.8919508435218982,1.007708093527087,0.804,0.9021105847914476,0.9247097536933109,0.804,0.804,0.8217254894588719,2.4412387969915574,1.0619607753869198,2.061854262030077,1.085745176792474,1.1101959224099112,0.9626375552413229,1.608,0.8631117320461527,0.902111548386177,1.0063859507267974,0.8895165927051947,1.0494308091326294
3,7,0.953301218698336,0.804,1.0610312794060879,0.804,0.804,0.9845883769995261,0.9165474560825564,1.7253222988622832,0.9750069982558102,1.0540384594225625,2.412,3.216,1.608,1.0057809954611654,1.608,1.1703380944617359,1.9473043798962224,1.0204038730644336,1.0006814510778939,2.412,3.216,2.7389953044980233,0.804,1.0213516712059538,0.9090452946048488,1.0614929023871973,1.608,1.608,0.8582448316269177,1.118330357216602,0.975050049151941,0.951202883994893,0.804,0.8994673430509568,1.608,1.0104466095521931,1.1142837568652884,0.9499148758869211,2.412,3.216,1.0657946431036178,2.0819280244488136,0.896496947501811,0.804,1.1477580591959926,0.804,3.216,0.9546705318964656,2.491589391426089,1.9967941701308538,0.804,0.966507731997504,0.8975995797271978,2.5474241564120605,0.804,1.912076834365139,2.412,0.840713268669962,0.9631850317506089,1.0067200298836863,0.9139151828023009,0.9321656287539342,1.7760422812036878,0.9878247642115691,1.7373910727105049,0.8565375809077672,1.8275837217221889,1.098160331146789,1.8510281985117873,0.88278446975971,0.804,1.0827906046108315,1.0118654077001585,0.899900252588579,1.0462862299116074,0.8742453169654872,0.9144014847206785,0.8768195214733121,1.7378666160424978,0.9591251856118335,0.8919508435218982,1.007708093527087,0.804,0.9021105847914476,0.9247097536933109,0.804,0.804,0.8217254894588719,2.4412387969915574,1.0619607753869198,2.061854262030077,1.085745176792474,1.1101959224099112,0.9626375552413229,1.608,0.8631117320461527,0.902111548386177,1.0063859507267974,0.8895165927051947,1.0494308091326294
3,8,0.953301218698336,0.804,1.0610312794060879,0.804,0.804,0.9845883769995261,0.9165474560825564,1.7253222988622832,0.9750069982558102,1.0540384594225625,2.412,3.216,1.608,1.0057809954611654,1.608,1.1703380944617359,1.9473043798962224,1.0204038730644336,1.0006814510778939,2.412,3.216,2.7389953044980233,0.804,1.0213516712059538,0.9090452946048488,1.0614929023871973,1.608,1.608,0.8582448316269177,1.118330357216602,0.975050049151941,0.951202883994893,0.804,0.8994673430509568,1.608,1.0104466095521931,1.1142837568652884,0.9499148758869211,2.412,3.216,1.0657946431036178,2.0819280244488136,0.896496947501811,0.804,1.1477580591959926,0.804,3.216,0.9546705318964656,2.491589391426089,1.9967941701308538,0.804,0.966507731997504,0.8975995797271978,2.5474241564120605,0.804,1.912076834365139,2.412,0.840713268669962,0.9631850317506089,1.0067200298836863,0.9139151828023009,0.9321656287539342,1.7760422812036878,0.9878247642115691,1.7373910727105049,0.8565375809077672,1.8275837217221889,1.098160331146789,1.8510281985117873,0.88278446975971,0.804,1.0827906046108315,1.0118654077001585,0.899900252588579,1.0462862299116074,0.8742453169654872,0.9144014847206785,0.8768195214733121,1.7378666160424978,0.9591251856118335,0.8919508435218982,1.007708093527087,0.804,0.9021105847914476,0.9247097536933109,0.804,0.804,0.8217254894588719,2.4412387969915574,1.0619607753869198,2.061854262030077,1.085745176792474,1.1101959224099112,0.9626375552413229,1.608,0.8631117320461527,0.902111548386177,1.0063859507267974,0.8895165927051947,1.0494308091326294
3,9,0.953301218698336,0.804,1.0610312794060879,0.804,0.804,0.9845883769995261,0.9165474560825564,1.7253222988622832,0.9750069982558102,1.0540384594225625,2.412,3.216,1.608,1.0057809954611654,1.608,1.1703380944617359,1.9473043798962224,1.0204038730644336,1.0006814510778939,2.412,3.216,2.7389953044980233,0.804,1.0213516712059538,0.9090452946048488,1.0614929023871973,1.608,1.608,0.8582448316269177,1.118330357216602,0.975050049151941,0.951202883994893,0.804,0.8994673430509568,1.608,1.0104466095521931,1.1142837568652884,0.9499148758869211,2.412,3.216,1.0657946431036178,2.0819280244488136,0.896496947501811,0.804,1.1477580591959926,0.804,3.216,0.9546705318964656,2.491589391426089,1.9967941701308538,0.804,0.966507731997504,0.8975995797271978,2.5474241564120605,0.804,1.912076834365139,2.412,0.840713268669962,0.9631850317506089,1.0067200298836863,0.9139151828023009,0.9321656287539342,1.7760422812036878,0.9878247642115691,1.7373910727105049,0.8565375809077672,1.8275837217221889,1.098160331146789,1.8510281985117873,0.88278446975971,0.804,1.0827906046108315,1.0118654077001585,0.899900252588579,1.0462862299116074,0.8742453169654872,0.9144014847206785,0.8768195214733121,1.7378666160424978,0.9591251856118335,0.8919508435218982,1.007708093527087,0.804,0.9021105847914476,0.9247097536933109,0.804,0.804,0.8217254894588719,2.4412387969915574,1.0619607753869198,2.061854262030077,1.085745176792474,1.1101959224099112,0.9626375552413229,1.608,0.8631117320461527,0.902111548386177,1.0063859507267974,0.8895165927051947,1.0494308091326294
3,10,0.953301218698336,0.804,1.0610312794060879,0.804,0.804,0.9845883769995261,0.9165474560825564,1.7253222988622832,0.9750069982558102,1.0540384594225625,2.412,3.216,1.608,1.0057809954611654,1.608,1.1703380944617359,1.9473043798962224,1.0204038730644336,1.0006814510778939,2.412,3.216,2.7389953044980233,0.804,1.0213516712059538,0.9090452946048488,1.0614929023871973,1.608,1.608,0.8582448316269177,1.118330357216602,0.975050049151941,0.951202883994893,0.804,0.8994673430509568,1.608,1.0104466095521931,1.1142837568652884,0.9499148758869211,2.412,3.216,1.0657946431036178,2.0819280244488136,0.896496947501811,0.804,1.1477580591959926,0.804,3.216,0.9546705318964656,2.491589391426089,1.9967941701308538,0.804,0.966507731997504,0.8975995797271978,2.5474241564120605,0.804,1.912076834365139,2.412,0.840713268669962,0.9631850317506089,1.0067200298836863,0.9139151828023009,0.9321656287539342,1.7760422812036878,0.9878247642115691,1.7373910727105049,0.8565375809077672,1.8275837217221889,1.098160331146789,1.8510281985117873,0.88278446975971,0.804,1.0827906046108315,1.0118654077001585,0.899900252588579,1.0462862299116074,0.8742453169654872,0.9144014847206785,0.8768195214733121,1.7378666160424978,0.9591251856118335,0.8919508435218982,1.007708093527087,0.804,0.9021105847914476,0.9247097536933109,0.804,0.804,0.8217254894588719,2.4412387969915574,1.0619607753869198,2.061854262030077,1.085745176792474,1.1101959224099112,0.9626375552413229,1.608,0.8631117320461527,0.902111548386177,1.0063859507267974,0.8895165927051947,1.0494308091326294
3,11,0.953301218698336,0.804,1.0610312794060879,0.804,0.804,0.9845883769995261,0.9165474560825564,1.7253222988622832,0.9750069982558102,1.0540384594225625,2.412,3.216,1.608,1.0057809954611654,1.608,1.1703380944617359,1.9473043798962224,1.0204038730644336,1.0006814510778939,2.412,3.216,2.7389953044980233,0.804,1.0213516712059538,0.9090452946048488,1.0614929023871973,1.608,1.608,0.8582448316269177,1.118330357216602,0.975050049151941,0.951202883994893,0.804,0.8994673430509568,1.608,1.0104466095521931,1.1142837568652884,0.9499148758869211,2.412,3.216,1.0657946431036178,2.0819280244488136,0.896496947501811,0.804,1.1477580591959926,0.804,3.216,0.9546705318964656,2.491589391426089,1.9967941701308538,0.804,0.966507731997504,0.8975995797271978,2.5474241564120605,0.804,1.912076834365139,2.412,0.840713268669962,0.9631850317506089,1.0067200298836863,0.9139151828023009,0.9321656287539342,1.7760422812036878,0.9878247642115691,1.7373910727105049,0.8565375809077672,1.8275837217221889,1.098160331146789,1.8510281985117873,0.88278446975971,0.804,1.0827906046108315,1.0118654077001585,0.899900252588579,1.0462862299116074,0.8742453169654872,0.9144014847206785,0.8768195214733121,1.7378666160424978,0.9591251856118335,0.8919508435218982,1.007708093527087,0.804,0.9021105847914476,0.9247097536933109,0.804,0.804,0.8217254894588719,2.4412387969915574,1.0619607753869198,2.061854262030077,1.085745176792474,1.1101959224099112,0.9626375552413229,1.608,0.8631117320461527,0.902111548386177,1.0063859507267974,0.8895165927051947,1.0494308091326294
3,12,0.953301218698336,0.804,1.0610312794060879,0.804,0.804,0.9845883769995261,0.9165474560825564,1.7253222988622832,0.9750069982558102,1.0540384594225625,2.412,3.216,1.608,1.0057809954611654,1.608,1.1703380944617359,1.9473043798962224,1.0204038730644336,1.0006814510778939,2.412,3.216,2.7389953044980233,0.804,1.0213516712059538,0.9090452946048488,1.0614929023871973,1.608,1.608,0.8582448316269177,1.118330357216602,0.975050049151941,0.951202883994893,0.804,0.8994673430509568,1.608,1.0104466095521931,1.1142837568652884,0.9499148758869211,2.412,3.216,1.0657946431036178,2.0819280244488136,0.896496947501811,0.804,1.1477580591959926,0.804,3.216,0.9546705318964656,2.491589391426089,1.9967941701308538,0.804,0.966507731997504,0.8975995797271978,2.5474241564120605,0.804,1.912076834365139,2.412,0.840713268669962,0.9631850317506089,1.0067200298836863,0.9139151828023009,0.9321656287539342,1.7760422812036878,0.9878247642115691,1.7373910727105049,0.8565375809077672,1.8275837217221889,1.098160331146789,1.8510281985117873,0.88278446975971,0.804,1.0827906046108315,1.0118654077001585,0.899900252588579,1.0462862299116074,0.8742453169654872,0.9144014847206785,0.8768195214733121,1.7378666160424978,0.9591251856118335,0.8919508435218982,1.007708093527087,0.804,0.9021105847914476,0.9247097536933109,0.804,0.804,0.8217254894588719,2.4412387969915574,1.0619607753869198,2.061854262030077,1.085745176792474,1.1101959224099112,0.9626375552413229,1.608,0.8631117320461527,0.902111548386177,1.0063859507267974,0.8895165927051947,1.0494308091326294
3,13,0.953301218698336,0.804,1.0610312794060879,0.804,0.804,0.9845883769995261,0.9165474560825564,1.7253222988622832,0.9750069982558102,1.0540384594225625,2.412,3.216,1.608,1.0057809954611654,1.608,1.1703380944617359,1.9473043798962224,1.0204038730644336,1.0006814510778939,2.412,3.216,2.7389953044980233,0.804,1.0213516712059538,0.9090452946048488,1.0614929023871973,1.608,1.608,0.8582448316269177,1.118330357216602,0.975050049151941,0.951202883994893,0.804,0.8994673430509568,1.608,1.0104466095521931,1.1142837568652884,0.9499148758869211,2.412,3.216,1.0657946431036178,2.0819280244488136,0.896496947501811,0.804,1.1477580591959926,0.804,3.216,0.9546705318964656,2.491589391426089,1.9967941701308538,0.804,0.966507731997504,0.8975995797271978,2.5474241564120605,0.804,1.912076834365139,2.412,0.840713268669962,0.9631850317506089,1.0067200298836863,0.9139151828023009,0.9321656287539342,1.7760422812036878,0.9878247642115691,1.7373910727105049,0.8565375809077672,1.8275837217221889,1.098160331146789,1.8510281985117873,0.88278446975971,0.804,1.0827906046108315,1.0118654077001585,0.899900252588579,1.0462862299116074,0.8742453169654872,0.9144014847206785,0.8768195214733121,1.7378666160424978,0.9591251856118335,0.8919508435218982,1.007708093527087,0.804,0.9021105847914476,0.9247097536933109,0.804,0.804,0.8217254894588719,2.4412387969915574,1.0619607753869198,2.061854262030077,1.085745176792474,1.1101959224099112,0.9626375552413229,1.608,0.8631117320461527,0.902111548386177,1.0063859507267974,0.8895165927051947,1.0494308091326294
3,14,0.953301218698336,0.804,1.0610312794060879,0.804,0.804,0.9845883769995261,0.9165474560825564,1.7253222988622832,0.9750069982558102,1.0540384594225625,2.412,3.216,1.608,1.0057809954611654,1.608,1.1703380944617359,1.9473043798962224,1.0204038730644336,1.0006814510778939,2.412,3.216,2.7389953044980233,0.804,1.0213516712059538,0.9090452946048488,1.0614929023871973,1.608,1.608,0.8582448316269177,1.118330357216602,0.975050049151941,0.951202883994893,0.804,0.8994673430509568,1.608,1.0104466095521931,1.1142837568652884,0.9499148758869211,2.412,3.216,1.0657946431036178,2.0819280244488136,0.896496947501811,0.804,1.1477580591959926,0.804,3.216,0.9546705318964656,2.491589391426089,1.9967941701308538,0.804,0.966507731997504,0.8975995797271978,2.5474241564120605,0.804,1.912076834365139,2.412,0.840713268669962,0.9631850317506089,1.0067200298836863,0.9139151828023009,0.9321656287539342,1.7760422812036878,0.9878247642115691,1.7373910727105049,0.8565375809077672,1.8275837217221889,1.098160331146789,1.8510281985117873,0.88278446975971,0.804,1.0827906046108315,1.0118654077001585,0.899900252588579,1.0462862299116074,0.8742453169654872,0.9144014847206785,0.8768195214733121,1.7378666160424978,0.9591251856118335,0.8919508435218982,1.007708093527087,0.804,0.9021105847914476,0.9247097536933109,0.804,0.804,0.8217254894588719,2.4412387969915574,1.0619607753869198,2.061854262030077,1.085745176792474,1.1101959224099112,0.9626375552413229,1.608,0.8631117320461527,0.902111548386177,1.0063859507267974,0.8895165927051947,1.0494308091326294
3,15,0.953301218698336,0.804,1.0610312794060879,0.804,0.804,0.9845883769995261,0.9165474560825564,1.7253222988622832,0.9750069982558102,1.0540384594225625,2.412,3.216,1.608,1.0057809954611654,1.608,1.1703380944617359,1.9473043798962224,1.0204038730644336,1.0006814510778939,2.412,3.216,2.7389953044980233,0.804,1.0213516712059538,0.9090452946048488,1.0614929023871973,1.608,1.608,0.8582448316269177,1.118330357216602,0.975050049151941,0.951202883994893,0.804,0.8994673430509568,1.608,1.0104466095521931,1.1142837568652884,0.9499148758869211,2.412,3.216,1.0657946431036178,2.0819280244488136,0.896496947501811,0.804,1.1477580591959926,0.804,3.216,0.9546705318964656,2.491589391426089,1.9967941701308538,0.804,0.966507731997504,0.8975995797271978,2.5474241564120605,0.804,1.912076834365139,2.412,0.840713268669962,0.9631850317506089,1.0067200298836863,0.9139151828023009,0.9321656287539342,1.7760422812036878,0.9878247642115691,1.7373910727105049,0.8565375809077672,1.8275837217221889,1.098160331146789,1.8510281985117873,0.88278446975971,0.804,1.0827906046108315,1.0118654077001585,0.899900252588579,1.0462862299116074,0.8742453169654872,0.9144014847206785,0.8768195214733121,1.7378666160424978,0.9591251856118335,0.8919508435218982,1.007708093527087,0.804,0.9021105847914476,0.9247097536933109,0.804,0.804,0.8217254894588719,2.4412387969915574,1.0619607753869198,2.061854262030077,1.085745176792474,1.1101959224099112,0.9626375552413229,1.608,0.8631117320461527,0.902111548386177,1.0063859507267974,0.8895165927051947,1.0494308091326294
3,16,0.953301218698336,0.804,1.0610312794060879,0.804,0.804,0.9845883769995261,0.9165474560825564,1.7253222988622832,0.9750069982558102,1.0540384594225625,2.412,3.216,1.608,1.0057809954611654,1.608,1.1703380944617359,1.9473043798962224,1.0204038730644336,1.0006814510778939,2.412,3.216,2.7389953044980233,0.804,1.0213516712059538,0.9090452946048488,1.0614929023871973,1.608,1.608,0.8582448316269177,1.118330357216602,0.975050049151941,0.951202883994893,0.804,0.8994673430509568,1.608,1.0104466095521931,1.1142837568652884,0.9499148758869211,2.412,3.216,1.0657946431036178,2.0819280244488136,0.896496947501811,0.804,1.1477580591959926,0.804,3.216,0.9546705318964656,2.491589391426089,1.9967941701308538,0.804,0.966507731997504,0.8975995797271978,2.5474241564120605,0.804,1.912076834365139,2.412,0.840713268669962,0.9631850317506089,1.0067200298836863,0.9139151828023009,0.9321656287539342,1.7760422812036878,0.9878247642115691,1.7373910727105049,0.8565375809077672,1.8275837217221889,1.098160331146789,1.8510281985117873,0.88278446975971,0.804,1.0827906046108315,1.0118654077001585,0.899900252588579,1.0462862299116074,0.8742453169654872,0.9144014847206785,0.8768195214733121,1.7378666160424978,0.9591251856118335,0.8919508435218982,1.007708093527087,0.804,0.9021105847914476,0.9247097536933109,0.804,0.804,0.8217254894588719,2.4412387969915574,1.0619607753869198,2.061854262030077,1.085745176792474,1.1101959224099112,0.9626375552413229,1.608,0.8631117320461527,0.902111548386177,1.0063859507267974,0.8895165927051947,1.0494308091326294
3,17,0.953301218698336,0.804,1.0610312794060879,0.804,0.804,0.9845883769995261,0.9165474560825564,1.7253222988622832,0.9750069982558102,1.0540384594225625,2.412,3.216,1.608,1.0057809954611654,1.608,1.1703380944617359,1.9473043798962224,1.0204038730644336,1.0006814510778939,2.412,3.216,2.7389953044980233,0.804,1.0213516712059538,0.9090452946048488,1.0614929023871973,1.608,1.608,0.8582448316269177,1.118330357216602,0.975050049151941,0.951202883994893,0.804,0.8994673430509568,1.608,1.0104466095521931,1.1142837568652884,0.9499148758869211,2.412,3.216,1.0657946431036178,2.0819280244488136,0.896496947501811,0.804,1.1477580591959926,0.804,3.216,0.9546705318964656,2.491589391426089,1.9967941701308538,0.804,0.966507731997504,0.8975995797271978,2.5474241564120605,0.804,1.912076834365139,2.412,0.840713268669962,0.9631850317506089,1.0067200298836863,0.9139151828023009,0.9321656287539342,1.7760422812036878,0.9878247642115691,1.7373910727105049,0.8565375809077672,1.8275837217221889,1.098160331146789,1.8510281985117873,0.88278446975971,0.804,1.0827906046108315,1.0118654077001585,0.899900252588579,1.0462862299116074,0.8742453169654872,0.9144014847206785,0.8768195214733121,1.7378666160424978,0.9591251856118335,0.8919508435218982,1.007708093527087,0.804,0.9021105847914476,0.9247097536933109,0.804,0.804,0.8217254894588719,2.4412387969915574,1.0619607753869198,2.061854262030077,1.085745176792474,1.1101959224099112,0.9626375552413229,1.608,0.8631117320461527,0.902111548386177,1.0063859507267974,0.8895165927051947,1.0494308091326294
3,18,0.953301218698336,0.804,1.0610312794060879,0.804,0.804,0.9845883769995261,0.9165474560825564,1.7253222988622832,0.9750069982558102,1.0540384594225625,2.412,3.216,1.608,1.0057809954611654,1.608,1.1703380944617359,1.9473043798962224,1.0204038730644336,1.0006814510778939,2.412,3.216,2.7389953044980233,0.804,1.0213516712059538,0.9090452946048488,1.0614929023871973,1.608,1.608,0.8582448316269177,1.118330357216602,0.975050049151941,0.951202883994893,0.804,0.8994673430509568,1.608,1.0104466095521931,1.1142837568652884,0.9499148758869211,2.412,3.216,1.0657946431036178,2.0819280244488136,0.896496947501811,0.804,1.1477580591959926,0.804,3.216,0.9546705318964656,2.491589391426089,1.9967941701308538,0.804,0.966507731997504,0.8975995797271978,2.5474241564120605,0.804,1.912076834365139,2.412,0.840713268669962,0.9631850317506089,1.0067200298836863,0.9139151828023009,0.9321656287539342,1.7760422812036878,0.9878247642115691,1.7373910727105049,0.8565375809077672,1.8275837217221889,1.098160331146789,1.8510281985117873,0.88278446975971,0.804,1.0827906046108315,1.0118654077001585,0.899900252588579,1.0462862299116074,0.8742453169654872,0.9144014847206785,0.8768195214733121,1.7378666160424978,0.9591251856118335,0.8919508435218982,1.007708093527087,0.804,0.9021105847914476,0.9247097536933109,0.804,0.804,0.8217254894588719,2.4412387969915574,1.0619607753869198,2.061854262030077,1.085745176792474,1.1101959224099112,0.9626375552413229,1.608,0.8631117320461527,0.902111548386177,1.0063859507267974,0.8895165927051947,1.0494308091326294
3,19,0.953301218698336,0.804,1.0610312794060879,0.804,0.804,0.9845883769995261,0.9165474560825564,1.7253222988622832,0.9750069982558102,1.0540384594225625,2.412,3.216,1.608,1.0057809954611654,1.608,1.1703380944617359,1.9473043798962224,1.0204038730644336,1.0006814510778939,2.412,3.216,2.7389953044980233,0.804,1.0213516712059538,0.9090452946048488,1.0614929023871973,1.608,1.608,0.8582448316269177,1.118330357216602,0.975050049151941,0.951202883994893,0.804,0.8994673430509568,1.608,1.0104466095521931,1.1142837568652884,0.9499148758869211,2.412,3.216,1.0657946431036178,2.0819280244488136,0.896496947501811,0.804,1.1477580591959926,0.804,3.216,0.9546705318964656,2.491589391426089,1.9967941701308538,0.804,0.966507731997504,0.8975995797271978,2.5474241564120605,0.804,1.912076834365139,2.412,0.840713268669962,0.9631850317506089,1.0067200298836863,0.9139151828023009,0.9321656287539342,1.7760422812036878,0.9878247642115691,1.7373910727105049,0.8565375809077672,1.8275837217221889,1.098160331146789,1.8510281985117873,0.88278446975971,0.804,1.0827906046108315,1.0118654077001585,0.899900252588579,1.0462862299116074,0.8742453169654872,0.9144014847206785,0.8768195214733121,1.7378666160424978,0.9591251856118335,0.8919508435218982,1.007708093527087,0.804,0.9021105847914476,0.9247097536933109,0.804,0.804,0.8217254894588719,2.4412387969915574,1.0619607753869198,2.061854262030077,1.085745176792474,1.1101959224099112,0.9626375552413229,1.608,0.8631117320461527,0.902111548386177,1.0063859507267974,0.8895165927051947,1.0494308091326294
3,20,0.953301218698336,0.804,1.0610312794060879,0.804,0.804,0.9845883769995261,0.9165474560825564,1.7253222988622832,0.9750069982558102,1.0540384594225625,2.412,3.216,1.608,1.0057809954611654,1.608,1.1703380944617359,1.9473043798962224,1.0204038730644336,1.0006814510778939,2.412,3.216,2.7389953044980233,0.804,1.0213516712059538,0.9090452946048488,1.0614929023871973,1.608,1.608,0.8582448316269177,1.118330357216602,0.975050049151941,0.951202883994893,0.804,0.8994673430509568,1.608,1.0104466095521931,1.1142837568652884,0.9499148758869211,2.412,3.216,1.0657946431036178,2.0819280244488136,0.896496947501811,0.804,1.1477580591959926,0.804,3.216,0.9546705318964656,2.491589391426089,1.9967941701308538,0.804,0.966507731997504,0.8975995797271978,2.5474241564120605,0.804,1.912076834365139,2.412,0.840713268669962,0.9631850317506089,1.0067200298836863,0.9139151828023009,0.9321656287539342,1.7760422812036878,0.9878247642115691,1.7373910727105049,0.8565375809077672,1.8275837217221889,1.098160331146789,1.8510281985117873,0.88278446975971,0.804,1.0827906046108315,1.0118654077001585,0.899900252588579,1.0462862299116074,0.8742453169654872,0.9144014847206785,0.8768195214733121,1.7378666160424978,0.9591251856118335,0.8919508435218982,1.007708093527087,0.804,0.9021105847914476,0.9247097536933109,0.804,0.804,0.8217254894588719,2.4412387969915574,1.0619607753869198,2.061854262030077,1.085745176792474,1.1101959224099112,0.9626375552413229,1.608,0.8631117320461527,0.902111548386177,1.0063859507267974,0.8895165927051947,1.0494308091326294
3,21,0.953301218698336,0.804,1.0610312794060879,0.804,0.804,0.9845883769995261,0.9165474560825564,1.7253222988622832,0.9750069982558102,1.0540384594225625,2.412,3.216,1.608,1.0057809954611654,1.608,1.1703380944617359,1.9473043798962224,1.0204038730644336,1.0006814510778939,2.412,3.216,2.7389953044980233,0.804,1.0213516712059538,0.9090452946048488,1.0614929023871973,1.608,1.608,0.8582448316269177,1.118330357216602,0.975050049151941,0.951202883994893,0.804,0.8994673430509568,1.608,1.0104466095521931,1.1142837568652884,0.9499148758869211,2.412,3.216,1.0657946431036178,2.0819280244488136,0.896496947501811,0.804,1.1477580591959926,0.804,3.216,0.9546705318964656,2.491589391426089,1.9967941701308538,0.804,0.966507731997504,0.8975995797271978,2.5474241564120605,0.804,1.912076834365139,2.412,0.840713268669962,0.9631850317506089,1.0067200298836863,0.9139151828023009,0.9321656287539342,1.7760422812036878,0.9878247642115691,1.7373910727105049,0.8565375809077672,1.8275837217221889,1.098160331146789,1.8510281985117873,0.88278446975971,0.804,1.0827906046108315,1.0118654077001585,0.899900252588579,1.0462862299116074,0.8742453169654872,0.9144014847206785,0.8768195214733121,1.7378666160424978,0.9591251856118335,0.8919508435218982,1.007708093527087,0.804,0.9021105847914476,0.9247097536933109,0.804,0.804,0.8217254894588719,2.4412387969915574,1.0619607753869198,2.061854262030077,1.085745176792474,1.1101959224099112,0.9626375552413229,1.608,0.8631117320461527,0.902111548386177,1.0063859507267974,0.8895165927051947,1.0494308091326294
3,22,0.953301218698336,0.804,1.0610312794060879,0.804,0.804,0.9845883769995261,0.9165474560825564,1.7253222988622832,0.9750069982558102,1.0540384594225625,2.412,3.216,1.608,1.0057809954611654,1.608,1.1703380944617359,1.9473043798962224,1.0204038730644336,1.0006814510778939,2.412,3.216,2.7389953044980233,0.804,1.0213516712059538,0.9090452946048488,1.0614929023871973,1.608,1.608,0.8582448316269177,1.118330357216602,0.975050049151941,0.951202883994893,0.804,0.8994673430509568,1.608,1.0104466095521931,1.1142837568652884,0.9499148758869211,2.412,3.216,1.0657946431036178,2.0819280244488136,0.896496947501811,0.804,1.1477580591959926,0.804,3.216,0.9546705318964656,2.491589391426089,1.9967941701308538,0.804,0.966507731997504,0.8975995797271978,2.5474241564120605,0.804,1.912076834365139,2.412,0.840713268669962,0.9631850317506089,1.0067200298836863,0.9139151828023009,0.9321656287539342,1.7760422812036878,0.9878247642115691,1.7373910727105049,0.8565375809077672,1.8275837217221889,1.098160331146789,1.8510281985117873,0.88278446975971,0.804,1.0827906046108315,1.0118654077001585,0.899900252588579,1.0462862299116074,0.8742453169654872,0.9144014847206785,0.8768195214733121,1.7378666160424978,0.9591251856118335,0.8919508435218982,1.007708093527087,0.804,0.9021105847914476,0.9247097536933109,0.804,0.804,0.8217254894588719,2.4412387969915574,1.0619607753869198,2.061854262030077,1.085745176792474,1.1101959224099112,0.9626375552413229,1.608,0.8631117320461527,0.902111548386177,1.0063859507267974,0.8895165927051947,1.0494308091326294
3,23,0.953301218698336,0.804,1.0610312794060879,0.804,0.804,0.9845883769995261,0.9165474560825564,1.7253222988622832,0.9750069982558102,1.0540384594225625,2.412,3.216,1.608,1.0057809954611654,1.608,1.1703380944617359,1.9473043798962224,1.0204038730644336,1.0006814510778939,2.412,3.216,2.7389953044980233,0.804,1.0213516712059538,0.9090452946048488,1.0614929023871973,1.608,1.608,0.8582448316269177,1.118330357216602,0.975050049151941,0.951202883994893,0.804,0.8994673430509568,1.608,1.0104466095521931,1.1142837568652884,0.9499148758869211,2.412,3.216,1.0657946431036178,2.0819280244488136,0.896496947501811,0.804,1.1477580591959926,0.804,3.216,0.9546705318964656,2.491589391426089,1.9967941701308538,0.804,0.966507731997504,0.8975995797271978,2.5474241564120605,0.804,1.912076834365139,2.412,0.840713268669962,0.9631850317506089,1.0067200298836863,0.9139151828023009,0.9321656287539342,1.7760422812036878,0.9878247642115691,1.7373910727105049,0.8565375809077672,1.8275837217221889,1.098160331146789,1.8510281985117873,0.88278446975971,0.804,1.0827906046108315,1.0118654077001585,0.899900252588579,1.0462862299116074,0.8742453169654872,0.9144014847206785,0.8768195214733121,1.7378666160424978,0.9591251856118335,0.8919508435218982,1.007708093527087,0.804,0.9021105847914476,0.9247097536933109,0.804,0.804,0.8217254894588719,2.4412387969915574,1.0619607753869198,2.061854262030077,1.085745176792474,1.1101959224099112,0.9626375552413229,1.608,0.8631117320461527,0.902111548386177,1.0063859507267974,0.8895165927051947,1.0494308091326294
3,24,0.953301218698336,0.804,1.0610312794060879,0.804,0.804,0.9845883769995261,0.9165474560825564,1.7253222988622832,0.9750069982558102,1.0540384594225625,2.412,3.216,1.608,1.0057809954611654,1.608,1.1703380944617359,1.9473043798962224,1.0204038730644336,1.0006814510778939,2.412,3.216,2.7389953044980233,0.804,1.0213516712059538,0.9090452946048488,1.0614929023871973,1.608,1.608,0.8582448316269177,1.118330357216602,0.975050049151941,0.951202883994893,0.804,0.8994673430509568,1.608,1.0104466095521931,1.1142837568652884,0.9499148758869211,2.412,3.216,1.0657946431036178,2.0819280244488136,0.896496947501811,0.804,1.1477580591959926,0.804,3.216,0.9546705318964656,2.491589391426089,1.9967941701308538,0.804,0.966507731997504,0.8975995797271978,2.5474241564120605,0.804,1.912076834365139,2.412,0.840713268669962,0.9631850317506089,1.0067200298836863,0.9139151828023009,0.9321656287539342,1.7760422812036878,0.9878247642115691,1.7373910727105049,0.8565375809077672,1.8275837217221889,1.098160331146789,1.8510281985117873,0.88278446975971,0.804,1.0827906046108315,1.0118654077001585,0.899900252588579,1.0462862299116074,0.8742453169654872,0.9144014847206785,0.8768195214733121,1.7378666160424978,0.9591251856118335,0.8919508435218982,1.007708093527087,0.804,0.9021105847914476,0.9247097536933109,0.804,0.804,0.8217254894588719,2.4412387969915574,1.0619607753869198,2.061854262030077,1.085745176792474,1.1101959224099112,0.9626375552413229,1.608,0.8631117320461527,0.902111548386177,1.0063859507267974,0.8895165927051947,1.0494308091326294
3,25,0.953301218698336,0.804,1.0610312794060879,0.804,0.804,0.9845883769995261,0.9165474560825564,1.7253222988622832,0.9750069982558102,1.0540384594225625,2.412,3.216,1.608,1.0057809954611654,1.608,1.1703380944617359,1.9473043798962224,1.0204038730644336,1.0006814510778939,2.412,3.216,2.7389953044980233,0.804,1.0213516712059538,0.9090452946048488,1.0614929023871973,1.608,1.608,0.8582448316269177,1.118330357216602,0.975050049151941,0.951202883994893,0.804,0.8994673430509568,1.608,1.0104466095521931,1.1142837568652884,0.9499148758869211,2.412,3.216,1.0657946431036178,2.0819280244488136,0.896496947501811,0.804,1.1477580591959926,0.804,3.216,0.9546705318964656,2.491589391426089,1.9967941701308538,0.804,0.966507731997504,0.8975995797271978,2.5474241564120605,0.804,1.912076834365139,2.412,0.840713268669962,0.9631850317506089,1.0067200298836863,0.9139151828023009,0.9321656287539342,1.7760422812036878,0.9878247642115691,1.7373910727105049,0.8565375809077672,1.8275837217221889,1.098160331146789,1.8510281985117873,0.88278446975971,0.804,1.0827906046108315,1.0118654077001585,0.899900252588579,1.0462862299116074,0.8742453169654872,0.9144014847206785,0.8768195214733121,1.7378666160424978,0.9591251856118335,0.8919508435218982,1.007708093527087,0.804,0.9021105847914476,0.9247097536933109,0.804,0.804,0.8217254894588719,2.4412387969915574,1.0619607753869198,2.061854262030077,1.085745176792474,1.1101959224099112,0.9626375552413229,1.608,0.8631117320461527,0.902111548386177,1.0063859507267974,0.8895165927051947,1.0494308091326294
3,26,0.953301218698336,0.804,1.0610312794060879,0.804,0.804,0.9845883769995261,0.9165474560825564,1.7253222988622832,0.9750069982558102,1.0540384594225625,2.412,3.216,1.608,1.0057809954611654,1.608,1.1703380944617359,1.9473043798962224,1.0204038730644336,1.0006814510778939,2.412,3.216,2.7389953044980233,0.804,1.0213516712059538,0.9090452946048488,1.0614929023871973,1.608,1.608,0.8582448316269177,1.118330357216602,0.975050049151941,0.951202883994893,0.804,0.8994673430509568,1.608,1.0104466095521931,1.1142837568652884,0.9499148758869211,2.412,3.216,1.0657946431036178,2.0819280244488136,0.896496947501811,0.804,1.1477580591959926,0.804,3.216,0.9546705318964656,2.491589391426089,1.9967941701308538,0.804,0.966507731997504,0.8975995797271978,2.5474241564120605,0.804,1.912076834365139,2.412,0.840713268669962,0.9631850317506089,1.0067200298836863,0.9139151828023009,0.9321656287539342,1.7760422812036878,0.9878247642115691,1.7373910727105049,0.8565375809077672,1.8275837217221889,1.098160331146789,1.8510281985117873,0.88278446975971,0.804,1.0827906046108315,1.0118654077001585,0.899900252588579,1.0462862299116074,0.8742453169654872,0.9144014847206785,0.8768195214733121,1.7378666160424978,0.9591251856118335,0.8919508435218982,1.007708093527087,0.804,0.9021105847914476,0.9247097536933109,0.804,0.804,0.8217254894588719,2.4412387969915574,1.0619607753869198,2.061854262030077,1.085745176792474,1.1101959224099112,0.9626375552413229,1.608,0.8631117320461527,0.902111548386177,1.0063859507267974,0.8895165927051947,1.0494308091326294
3,27,0.953301218698336,0.804,1.0610312794060879,0.804,0.804,0.9845883769995261,0.9165474560825564,1.7253222988622832,0.9750069982558102,1.0540384594225625,2.412,3.216,1.608,1.0057809954611654,1.608,1.1703380944617359,1.9473043798962224,1.0204038730644336,1.0006814510778939,2.412,3.216,2.7389953044980233,0.804,1.0213516712059538,0.9090452946048488,1.0614929023871973,1.608,1.608,0.8582448316269177,1.118330357216602,0.975050049151941,0.951202883994893,0.804,0.8994673430509568,1.608,1.0104466095521931,1.1142837568652884,0.9499148758869211,2.412,3.216,1.0657946431036178,2.0819280244488136,0.896496947501811,0.804,1.1477580591959926,0.804,3.216,0.9546705318964656,2.491589391426089,1.9967941701308538,0.804,0.966507731997504,0.8975995797271978,2.5474241564120605,0.804,1.912076834365139,2.412,0.840713268669962,0.9631850317506089,1.0067200298836863,0.9139151828023009,0.9321656287539342,1.7760422812036878,0.9878247642115691,1.7373910727105049,0.8565375809077672,1.8275837217221889,1.098160331146789,1.8510281985117873,0.88278446975971,0.804,1.0827906046108315,1.0118654077001585,0.899900252588579,1.0462862299116074,0.8742453169654872,0.9144014847206785,0.8768195214733121,1.7378666160424978,0.9591251856118335,0.8919508435218982,1.007708093527087,0.804,0.9021105847914476,0.9247097536933109,0.804,0.804,0.8217254894588719,2.4412387969915574,1.0619607753869198,2.061854262030077,1.085745176792474,1.1101959224099112,0.9626375552413229,1.608,0.8631117320461527,0.902111548386177,1.0063859507267974,0.8895165927051947,1.0494308091326294
3,28,0.953301218698336,0.804,1.0610312794060879,0.804,0.804,0.9845883769995261,0.9165474560825564,1.7253222988622832,0.9750069982558102,1.0540384594225625,2.412,3.216,1.608,1.0057809954611654,1.608,1.1703380944617359,1.9473043798962224,1.0204038730644336,1.0006814510778939,2.412,3.216,2.7389953044980233,0.804,1.0213516712059538,0.9090452946048488,1.0614929023871973,1.608,1.608,0.8582448316269177,1.118330357216602,0.975050049151941,0.951202883994893,0.804,0.8994673430509568,1.608,1.0104466095521931,1.1142837568652884,0.9499148758869211,2.412,3.216,1.0657946431036178,2.0819280244488136,0.896496947501811,0.804,1.1477580591959926,0.804,3.216,0.9546705318964656,2.491589391426089,1.9967941701308538,0.804,0.966507731997504,0.8975995797271978,2.5474241564120605,0.804,1.912076834365139,2.412,0.840713268669962,0.9631850317506089,1.0067200298836863,0.9139151828023009,0.9321656287539342,1.7760422812036878,0.9878247642115691,1.7373910727105049,0.8565375809077672,1.8275837217221889,1.098160331146789,1.8510281985117873,0.88278446975971,0.804,1.0827906046108315,1.0118654077001585,0.899900252588579,1.0462862299116074,0.8742453169654872,0.9144014847206785,0.8768195214733121,1.7378666160424978,0.9591251856118335,0.8919508435218982,1.007708093527087,0.804,0.9021105847914476,0.9247097536933109,0.804,0.804,0.8217254894588719,2.4412387969915574,1.0619607753869198,2.061854262030077,1.085745176792474,1.1101959224099112,0.9626375552413229,1.608,0.8631117320461527,0.902111548386177,1.0063859507267974,0.8895165927051947,1.0494308091326294
3,29,0.953301218698336,0.804,1.0610312794060879,0.804,0.804,0.9845883769995261,0.9165474560825564,1.7253222988622832,0.9750069982558102,1.0540384594225625,2.412,3.216,1.608,1.0057809954611654,1.608,1.1703380944617359,1.9473043798962224,1.0204038730644336,1.0006814510778939,2.412,3.216,2.7389953044980233,0.804,1.0213516712059538,0.9090452946048488,1.0614929023871973,1.608,1.608,0.8582448316269177,1.118330357216602,0.975050049151941,0.951202883994893,0.804,0.8994673430509568,1.608,1.0104466095521931,1.1142837568652884,0.9499148758869211,2.412,3.216,1.0657946431036178,2.0819280244488136,0.896496947501811,0.804,1.1477580591959926,0.804,3.216,0.9546705318964656,2.491589391426089,1.9967941701308538,0.804,0.966507731997504,0.8975995797271978,2.5474241564120605,0.804,1.912076834365139,2.412,0.840713268669962,0.9631850317506089,1.0067200298836863,0.9139151828023009,0.9321656287539342,1.7760422812036878,0.9878247642115691,1.7373910727105049,0.8565375809077672,1.8275837217221889,1.098160331146789,1.8510281985117873,0.88278446975971,0.804,1.0827906046108315,1.0118654077001585,0.899900252588579,1.0462862299116074,0.8742453169654872,0.9144014847206785,0.8768195214733121,1.7378666160424978,0.9591251856118335,0.8919508435218982,1.007708093527087,0.804,0.9021105847914476,0.9247097536933109,0.804,0.804,0.8217254894588719,2.4412387969915574,1.0619607753869198,2.061854262030077,1.085745176792474,1.1101959224099112,0.9626375552413229,1.608,0.8631117320461527,0.902111548386177,1.0063859507267974,0.8895165927051947,1.0494308091326294
3,30,0.953301218698336,0.804,1.0610312794060879,0.804,0.804,0.9845883769995261,0.9165474560825564,1.7253222988622832,0.9750069982558102,1.0540384594225625,2.412,3.216,1.608,1.0057809954611654,1.608,1.1703380944617359,1.9473043798962224,1.0204038730644336,1.0006814510778939,2.412,3.216,2.7389953044980233,0.804,1.0213516712059538,0.9090452946048488,1.0614929023871973,1.608,1.608,0.8582448316269177,1.118330357216602,0.975050049151941,0.951202883994893,0.804,0.8994673430509568,1.608,1.0104466095521931,1.1142837568652884,0.9499148758869211,2.412,3.216,1.0657946431036178,2.0819280244488136,0.896496947501811,0.804,1.1477580591959926,0.804,3.216,0.9546705318964656,2.491589391426089,1.9967941701308538,0.804,0.966507731997504,0.8975995797271978,2.5474241564120605,0.804,1.912076834365139,2.412,0.840713268669962,0.9631850317506089,1.0067200298836863,0.9139151828023009,0.9321656287539342,1.7760422812036878,0.9878247642115691,1.7373910727105049,0.8565375809077672,1.8275837217221889,1.098160331146789,1.8510281985117873,0.88278446975971,0.804,1.0827906046108315,1.0118654077001585,0.899900252588579,1.0462862299116074,0.8742453169654872,0.9144014847206785,0.8768195214733121,1.7378666160424978,0.9591251856118335,0.8919508435218982,1.007708093527087,0.804,0.9021105847914476,0.9247097536933109,0.804,0.804,0.8217254894588719,2.4412387969915574,1.0619607753869198,2.061854262030077,1.085745176792474,1.1101959224099112,0.9626375552413229,1.608,0.8631117320461527,0.902111548386177,1.0063859507267974,0.8895165927051947,1.0494308091326294
3,31,0.953301218698336,0.804,1.0610312794060879,0.804,0.804,0.9845883769995261,0.9165474560825564,1.7253222988622832,0.9750069982558102,1.0540384594225625,2.412,3.216,1.608,1.0057809954611654,1.608,1.1703380944617359,1.9473043798962224,1.0204038730644336,1.0006814510778939,2.412,3.216,2.7389953044980233,0.804,1.0213516712059538,0.9090452946048488,1.0614929023871973,1.608,1.608,0.8582448316269177,1.118330357216602,0.975050049151941,0.951202883994893,0.804,0.8994673430509568,1.608,1.0104466095521931,1.1142837568652884,0.9499148758869211,2.412,3.216,1.0657946431036178,2.0819280244488136,0.896496947501811,0.804,1.1477580591959926,0.804,3.216,0.9546705318964656,2.491589391426089,1.9967941701308538,0.804,0.966507731997504,0.8975995797271978,2.5474241564120605,0.804,1.912076834365139,2.412,0.840713268669962,0.9631850317506089,1.0067200298836863,0.9139151828023009,0.9321656287539342,1.7760422812036878,0.9878247642115691,1.7373910727105049,0.8565375809077672,1.8275837217221889,1.098160331146789,1.8510281985117873,0.88278446975971,0.804,1.0827906046108315,1.0118654077001585,0.899900252588579,1.0462862299116074,0.8742453169654872,0.9144014847206785,0.8768195214733121,1.7378666160424978,0.9591251856118335,0.8919508435218982,1.007708093527087,0.804,0.9021105847914476,0.9247097536933109,0.804,0.804,0.8217254894588719,2.4412387969915574,1.0619607753869198,2.061854262030077,1.085745176792474,1.1101959224099112,0.9626375552413229,1.608,0.8631117320461527,0.902111548386177,1.0063859507267974,0.8895165927051947,1.0494308091326294
3,32,0.953301218698336,0.804,1.0610312794060879,0.804,0.804,0.9845883769995261,0.9165474560825564,1.7253222988622832,0.9750069982558102,1.0540384594225625,2.412,3.216,1.608,1.0057809954611654,1.608,1.1703380944617359,1.9473043798962224,1.0204038730644336,1.0006814510778939,2.412,3.216,2.7389953044980233,0.804,1.0213516712059538,0.9090452946048488,1.0614929023871973,1.608,1.608,0.8582448316269177,1.118330357216602,0.975050049151941,0.951202883994893,0.804,0.8994673430509568,1.608,1.0104466095521931,1.1142837568652884,0.9499148758869211,2.412,3.216,1.0657946431036178,2.0819280244488136,0.896496947501811,0.804,1.1477580591959926,0.804,3.216,0.9546705318964656,2.491589391426089,1.9967941701308538,0.804,0.966507731997504,0.8975995797271978,2.5474241564120605,0.804,1.912076834365139,2.412,0.840713268669962,0.9631850317506089,1.0067200298836863,0.9139151828023009,0.9321656287539342,1.7760422812036878,0.9878247642115691,1.7373910727105049,0.8565375809077672,1.8275837217221889,1.098160331146789,1.8510281985117873,0.88278446975971,0.804,1.0827906046108315,1.0118654077001585,0.899900252588579,1.0462862299116074,0.8742453169654872,0.9144014847206785,0.8768195214733121,1.7378666160424978,0.9591251856118335,0.8919508435218982,1.007708093527087,0.804,0.9021105847914476,0.9247097536933109,0.804,0.804,0.8217254894588719,2.4412387969915574,1.0619607753869198,2.061854262030077,1.085745176792474,1.1101959224099112,0.9626375552413229,1.608,0.8631117320461527,0.902111548386177,1.0063859507267974,0.8895165927051947,1.0494308091326294
3,33,0.953301218698336,0.804,1.0610312794060879,0.804,0.804,0.9845883769995261,0.9165474560825564,1.7253222988622832,0.9750069982558102,1.0540384594225625,2.412,3.216,1.608,1.0057809954611654,1.608,1.1703380944617359,1.9473043798962224,1.0204038730644336,1.0006814510778939,2.412,3.216,2.7389953044980233,0.804,1.0213516712059538,0.9090452946048488,1.0614929023871973,1.608,1.608,0.8582448316269177,1.118330357216602,0.975050049151941,0.951202883994893,0.804,0.8994673430509568,1.608,1.0104466095521931,1.1142837568652884,0.9499148758869211,2.412,3.216,1.0657946431036178,2.0819280244488136,0.896496947501811,0.804,1.1477580591959926,0.804,3.216,0.9546705318964656,2.491589391426089,1.9967941701308538,0.804,0.966507731997504,0.8975995797271978,2.5474241564120605,0.804,1.912076834365139,2.412,0.840713268669962,0.9631850317506089,1.0067200298836863,0.9139151828023009,0.9321656287539342,1.7760422812036878,0.9878247642115691,1.7373910727105049,0.8565375809077672,1.8275837217221889,1.098160331146789,1.8510281985117873,0.88278446975971,0.804,1.0827906046108315,1.0118654077001585,0.899900252588579,1.0462862299116074,0.8742453169654872,0.9144014847206785,0.8768195214733121,1.7378666160424978,0.9591251856118335,0.8919508435218982,1.007708093527087,0.804,0.9021105847914476,0.9247097536933109,0.804,0.804,0.8217254894588719,2.4412387969915574,1.0619607753869198,2.061854262030077,1.085745176792474,1.1101959224099112,0.9626375552413229,1.608,0.8631117320461527,0.902111548386177,1.0063859507267974,0.8895165927051947,1.0494308091326294
3,34,0.953301218698336,0.804,1.0610312794060879,0.804,0.804,0.9845883769995261,0.9165474560825564,1.7253222988622832,0.9750069982558102,1.0540384594225625,2.412,3.216,1.608,1.0057809954611654,1.608,1.1703380944617359,1.9473043798962224,1.0204038730644336,1.0006814510778939,2.412,3.216,2.7389953044980233,0.804,1.0213516712059538,0.9090452946048488,1.0614929023871973,1.608,1.608,0.8582448316269177,1.118330357216602,0.975050049151941,0.951202883994893,0.804,0.8994673430509568,1.608,1.0104466095521931,1.1142837568652884,0.9499148758869211,2.412,3.216,1.0657946431036178,2.0819280244488136,0.896496947501811,0.804,1.1477580591959926,0.804,3.216,0.9546705318964656,2.491589391426089,1.9967941701308538,0.804,0.966507731997504,0.8975995797271978,2.5474241564120605,0.804,1.912076834365139,2.412,0.840713268669962,0.9631850317506089,1.0067200298836863,0.9139151828023009,0.9321656287539342,1.7760422812036878,0.9878247642115691,1.7373910727105049,0.8565375809077672,1.8275837217221889,1.098160331146789,1.8510281985117873,0.88278446975971,0.804,1.0827906046108315,1.0118654077001585,0.899900252588579,1.0462862299116074,0.8742453169654872,0.9144014847206785,0.8768195214733121,1.7378666160424978,0.9591251856118335,0.8919508435218982,1.007708093527087,0.804,0.9021105847914476,0.9247097536933109,0.804,0.804,0.8217254894588719,2.4412387969915574,1.0619607753869198,2.061854262030077,1.085745176792474,1.1101959224099112,0.9626375552413229,1.608,0.8631117320461527,0.902111548386177,1.0063859507267974,0.8895165927051947,1.0494308091326294
3,35,0.953301218698336,0.804,1.0610312794060879,0.804,0.804,0.9845883769995261,0.9165474560825564,1.7253222988622832,0.9750069982558102,1.0540384594225625,2.412,3.216,1.608,1.0057809954611654,1.608,1.1703380944617359,1.9473043798962224,1.0204038730644336,1.0006814510778939,2.412,3.216,2.7389953044980233,0.804,1.0213516712059538,0.9090452946048488,1.0614929023871973,1.608,1.608,0.8582448316269177,1.118330357216602,0.975050049151941,0.951202883994893,0.804,0.8994673430509568,1.608,1.0104466095521931,1.1142837568652884,0.9499148758869211,2.412,3.216,1.0657946431036178,2.0819280244488136,0.896496947501811,0.804,1.1477580591959926,0.804,3.216,0.9546705318964656,2.491589391426089,1.9967941701308538,0.804,0.966507731997504,0.8975995797271978,2.5474241564120605,0.804,1.912076834365139,2.412,0.840713268669962,0.9631850317506089,1.0067200298836863,0.9139151828023009,0.9321656287539342,1.7760422812036878,0.9878247642115691,1.7373910727105049,0.8565375809077672,1.8275837217221889,1.098160331146789,1.8510281985117873,0.88278446975971,0.804,1.0827906046108315,1.0118654077001585,0.899900252588579,1.0462862299116074,0.8742453169654872,0.9144014847206785,0.8768195214733121,1.7378666160424978,0.9591251856118335,0.8919508435218982,1.007708093527087,0.804,0.9021105847914476,0.9247097536933109,0.804,0.804,0.8217254894588719,2.4412387969915574,1.0619607753869198,2.061854262030077,1.085745176792474,1.1101959224099112,0.9626375552413229,1.608,0.8631117320461527,0.902111548386177,1.0063859507267974,0.8895165927051947,1.0494308091326294
3,36,0.953301218698336,0.804,1.0610312794060879,0.804,0.804,0.9845883769995261,0.9165474560825564,1.7253222988622832,0.9750069982558102,1.0540384594225625,2.412,3.216,1.608,1.0057809954611654,1.608,1.1703380944617359,1.9473043798962224,1.0204038730644336,1.0006814510778939,2.412,3.216,2.7389953044980233,0.804,1.0213516712059538,0.9090452946048488,1.0614929023871973,1.608,1.608,0.8582448316269177,1.118330357216602,0.975050049151941,0.951202883994893,0.804,0.8994673430509568,1.608,1.0104466095521931,1.1142837568652884,0.9499148758869211,2.412,3.216,1.0657946431036178,2.0819280244488136,0.896496947501811,0.804,1.1477580591959926,0.804,3.216,0.9546705318964656,2.491589391426089,1.9967941701308538,0.804,0.966507731997504,0.8975995797271978,2.5474241564120605,0.804,1.912076834365139,2.412,0.840713268669962,0.9631850317506089,1.0067200298836863,0.9139151828023009,0.9321656287539342,1.7760422812036878,0.9878247642115691,1.7373910727105049,0.8565375809077672,1.8275837217221889,1.098160331146789,1.8510281985117873,0.88278446975971,0.804,1.0827906046108315,1.0118654077001585,0.899900252588579,1.0462862299116074,0.8742453169654872,0.9144014847206785,0.8768195214733121,1.7378666160424978,0.9591251856118335,0.8919508435218982,1.007708093527087,0.804,0.9021105847914476,0.9247097536933109,0.804,0.804,0.8217254894588719,2.4412387969915574,1.0619607753869198,2.061854262030077,1.085745176792474,1.1101959224099112,0.9626375552413229,1.608,0.8631117320461527,0.902111548386177,1.0063859507267974,0.8895165927051947,1.0494308091326294
3,37,0.953301218698336,0.804,1.0610312794060879,0.804,0.804,0.9845883769995261,0.9165474560825564,1.7253222988622832,0.9750069982558102,1.0540384594225625,2.412,3.216,1.608,1.0057809954611654,1.608,1.1703380944617359,1.9473043798962224,1.0204038730644336,1.0006814510778939,2.412,3.216,2.7389953044980233,0.804,1.0213516712059538,0.9090452946048488,1.0614929023871973,1.608,1.608,0.8582448316269177,1.118330357216602,0.975050049151941,0.951202883994893,0.804,0.8994673430509568,1.608,1.0104466095521931,1.1142837568652884,0.9499148758869211,2.412,3.216,1.0657946431036178,2.0819280244488136,0.896496947501811,0.804,1.1477580591959926,0.804,3.216,0.9546705318964656,2.491589391426089,1.9967941701308538,0.804,0.966507731997504,0.8975995797271978,2.5474241564120605,0.804,1.912076834365139,2.412,0.840713268669962,0.9631850317506089,1.0067200298836863,0.9139151828023009,0.9321656287539342,1.7760422812036878,0.9878247642115691,1.7373910727105049,0.8565375809077672,1.8275837217221889,1.098160331146789,1.8510281985117873,0.88278446975971,0.804,1.0827906046108315,1.0118654077001585,0.899900252588579,1.0462862299116074,0.8742453169654872,0.9144014847206785,0.8768195214733121,1.7378666160424978,0.9591251856118335,0.8919508435218982,1.007708093527087,0.804,0.9021105847914476,0.9247097536933109,0.804,0.804,0.8217254894588719,2.4412387969915574,1.0619607753869198,2.061854262030077,1.085745176792474,1.1101959224099112,0.9626375552413229,1.608,0.8631117320461527,0.902111548386177,1.0063859507267974,0.8895165927051947,1.0494308091326294
3,38,0.953301218698336,0.804,1.0610312794060879,0.804,0.804,0.9845883769995261,0.9165474560825564,1.7253222988622832,0.9750069982558102,1.0540384594225625,2.412,3.216,1.608,1.0057809954611654,1.608,1.1703380944617359,1.9473043798962224,1.0204038730644336,1.0006814510778939,2.412,3.216,2.7389953044980233,0.804,1.0213516712059538,0.9090452946048488,1.0614929023871973,1.608,1.608,0.8582448316269177,1.118330357216602,0.975050049151941,0.951202883994893,0.804,0.8994673430509568,1.608,1.0104466095521931,1.1142837568652884,0.9499148758869211,2.412,3.216,1.0657946431036178,2.0819280244488136,0.896496947501811,0.804,1.1477580591959926,0.804,3.216,0.9546705318964656,2.491589391426089,1.9967941701308538,0.804,0.966507731997504,0.8975995797271978,2.5474241564120605,0.804,1.912076834365139,2.412,0.840713268669962,0.9631850317506089,1.0067200298836863,0.9139151828023009,0.9321656287539342,1.7760422812036878,0.9878247642115691,1.7373910727105049,0.8565375809077672,1.8275837217221889,1.098160331146789,1.8510281985117873,0.88278446975971,0.804,1.0827906046108315,1.0118654077001585,0.899900252588579,1.0462862299116074,0.8742453169654872,0.9144014847206785,0.8768195214733121,1.7378666160424978,0.9591251856118335,0.8919508435218982,1.007708093527087,0.804,0.9021105847914476,0.9247097536933109,0.804,0.804,0.8217254894588719,2.4412387969915574,1.0619607753869198,2.061854262030077,1.085745176792474,1.1101959224099112,0.9626375552413229,1.608,0.8631117320461527,0.902111548386177,1.0063859507267974,0.8895165927051947,1.0494308091326294
3,39,0.953301218698336,0.804,1.0610312794060879,0.804,0.804,0.9845883769995261,0.9165474560825564,1.7253222988622832,0.9750069982558102,1.0540384594225625,2.412,3.216,1.608,1.0057809954611654,1.608,1.1703380944617359,1.9473043798962224,1.0204038730644336,1.0006814510778939,2.412,3.216,2.7389953044980233,0.804,1.0213516712059538,0.9090452946048488,1.0614929023871973,1.608,1.608,0.8582448316269177,1.118330357216602,0.975050049151941,0.951202883994893,0.804,0.8994673430509568,1.608,1.0104466095521931,1.1142837568652884,0.9499148758869211,2.412,3.216,1.0657946431036178,2.0819280244488136,0.896496947501811,0.804,1.1477580591959926,0.804,3.216,0.9546705318964656,2.491589391426089,1.9967941701308538,0.804,0.966507731997504,0.8975995797271978,2.5474241564120605,0.804,1.912076834365139,2.412,0.840713268669962,0.9631850317506089,1.0067200298836863,0.9139151828023009,0.9321656287539342,1.7760422812036878,0.9878247642115691,1.7373910727105049,0.8565375809077672,1.8275837217221889,1.098160331146789,1.8510281985117873,0.88278446975971,0.804,1.0827906046108315,1.0118654077001585,0.899900252588579,1.0462862299116074,0.8742453169654872,0.9144014847206785,0.8768195214733121,1.7378666160424978,0.9591251856118335,0.8919508435218982,1.007708093527087,0.804,0.9021105847914476,0.9247097536933109,0.804,0.804,0.8217254894588719,2.4412387969915574,1.0619607753869198,2.061854262030077,1.085745176792474,1.1101959224099112,0.9626375552413229,1.608,0.8631117320461527,0.902111548386177,1.0063859507267974,0.8895165927051947,1.0494308091326294
4,0,1.7794838545200538,1.608,1.608,1.608,0.8802654687383759,1.9884214984342123,1.0104466095521931,0.804,0.8970596623535314,2.087285233684919,0.8994673430509568,0.9419274624894924,0.9442538431996625,0.9397142637883541,0.8416162967306895,2.0696979326434466,2.5542566486221707,1.7994669952251483,1.608,0.804,1.0692377984680428,1.0006814510778939,1.1142837568652884,1.0657946431036178,1.0714306302423793,1.0310684975286788,1.8619669065800775,0.804,0.9264742477660874,0.975050049151941,1.0229705477740194,0.8537327704668577,1.608,0.9927554366861551,1.7837359004263798,0.8908904839458277,0.8807705504675459,1.608,0.9091477662976593,0.9165474560825564,0.866515954206096,0.8582448316269177,1.1203508188004905,1.0590949387021276,0.804,1.027340259116614,0.9150116968571863,1.118330357216602,0.9845883769995261,1.1196338590694188,1.0268238450480038,0.8401896106089617,2.412,1.117723009629024,0.9571156448213256,2.750956185374891,0.9280969095976983,1.754563242103337,0.9833342282141209,1.0375986117589175,0.804,0.8833336788244683,3.3440641364976598,1.2,0.9480983320665026,1.0605828081329718,1.0106535250039994,1.131268846056542,1.608,1.7909119663305044,1.795580763302616,1.7652545554384136,1.6978278223979264,0.9585658881236219,0.804,0.913527017155589,1.0971801629362594,1.0796102702466983,1.0044062237462015,1.0126671653557324,1.0900951375569192,1.608,3.3634067781993444,2.678306043785769,1.1666987895900047,0.9070902436017485,1.0083949926568956,0.8236161918505149,0.991489782928941,0.8098422211523528,1.181818940113223,0.8764325387606653,0.8406777216629971,1.6638200693211105,1.1365358575285796,1.2,0.9302527667219351,0.8355398368511627,0.9796241331197757,1.0191812369445923
4,1,0.8418876009498157,1.608,2.4264863429816357,0.9640840618152178,0.8802654687383759,2.4606570297407773,1.0104466095521931,0.804,0.8970596623535314,0.9074513217410797,0.8998196491076211,2.412,0.9442538431996625,2.6244237382978683,0.804,2.747510664584712,2.5542566486221707,1.0104602836537455,1.608,0.804,1.0692377984680428,1.0006814510778939,1.1142837568652884,1.0657946431036178,1.0714306302423793,1.0686307853917532,1.1154763262275187,0.804,0.9264742477660874,0.975050049151941,1.0229705477740194,0.8537327704668577,1.608,0.9927554366861551,1.7837359004263798,0.8908904839458277,0.8807705504675459,1.608,0.9091477662976593,0.9165474560825564,0.866515954206096,0.8582448316269177,1.1203508188004905,1.0590949387021276,0.804,1.027340259116614,0.9150116968571863,1.118330357216602,0.9845883769995261,1.8019180332272962,1.9031871537361238,0.9256161043316614,1.0104359313010125,1.0178399047162583,1.0621443242615474,3.216,0.8366406199194618,1.8709139649201996,0.957975083935827,0.973480030233519,0.804,0.8833336788244683,3.3440641364976598,1.126435480192917,0.9480983320665026,1.0605828081329718,1.0106535250039994,1.131268846056542,1.608,0.9350227558104496,1.795580763302616,0.804,1.8795081841907826,0.9585658881236219,0.804,0.9351790085153893,0.8638608538245841,1.7603241530027103,3.216,0.9280744918154644,0.8950794819243191,1.608,1.0679466468649113,2.678306043785769,1.1666987895900047,2.412,3.379822374189053,0.8236161918505149,0.9411192684861371,0.804,1.2,1.608,0.8406777216629971,0.9593770930165633,1.0272837796819665,1.0336037675525673,0.94122722515793,0.9354561532689496,0.9074348107507832,0.9640155206569581
4,2,3.216,1.608,2.4264863429816357,0.9640840618152178,0.8802654687383759,2.4606570297407773,1.0104466095521931,0.804,0.8970596623535314,0.9074513217410797,0.8998196491076211,2.412,0.9442538431996625,2.6244237382978683,0.804,2.747510664584712,2.5542566486221707,1.0104602836537455,1.608,0.804,1.0692377984680428,1.0006814510778939,1.1142837568652884,1.0657946431036178,1.0714306302423793,1.0686307853917532,1.1154763262275187,0.804,0.9264742477660874,0.975050049151941,1.0229705477740194,0.8537327704668577,1.608,0.9927554366861551,1.7837359004263798,0.8908904839458277,0.8807705504675459,1.608,0.9091477662976593,0.9165474560825564,0.866515954206096,0.8582448316269177,1.1203508188004905,1.0590949387021276,0.804,1.027340259116614,0.9150116968571863,1.118330357216602,0.9845883769995261,1.8019180332272962,1.8721320262639725,0.9256161043316614,1.0104359313010125,1.0178399047162583,1.0621443242615474,3.216,0.8366406199194618,1.8709139649201996,0.957975083935827,0.973480030233519,0.804,0.8833336788244683,3.3440641364976598,1.126435480192917,0.9480983320665026,1.0605828081329718,1.0106535250039994,1.131268846056542,1.608,0.9350227558104496,1.795580763302616,0.804,1.8795081841907826,0.9585658881236219,0.804,0.804,0.8638608538245841,1.7603241530027103,3.216,0.9280744918154644,0.8950794819243191,1.608,1.0679466468649113,2.678306043785769,1.1666987895900047,2.412,3.216,0.9962180338316104,0.8136844834881873,0.804,1.2,1.608,0.8406777216629971,1.6768523833378133,0.8463902217639704,1.0336037675525673,0.94122722515793,0.940005898381436,0.9074348107507832,1.0222608622300586
4,3,3.216,1.608,2.4264863429816357,0.9640840618152178,0.8802654687383759,2.4606570297407773,1.0104466095521931,0.804,0.8970596623535314,0.9074513217410797,0.8998196491076211,2.412,0.9442538431996625,2.6244237382978683,0.804,2.747510664584712,0.8969062636922595,1.0104602836537455,1.608,0.804,1.0692377984680428,1.0006814510778939,1.1142837568652884,1.0657946431036178,1.0714306302423793,1.0686307853917532,1.1154763262275187,0.804,0.9264742477660874,0.975050049151941,1.0229705477740194,0.8537327704668577,1.608,0.9927554366861551,1.7837359004263798,0.8908904839458277,0.8807705504675459,1.608,0.9091477662976593,0.9165474560825564,0.866515954206096,0.8582448316269177,1.1203508188004905,1.0590949387021276,0.804,1.027340259116614,0.9150116968571863,1.118330357216602,0.9845883769995261,1.8019180332272962,1.8721320262639725,0.9256161043316614,1.0104359313010125,1.0178399047162583,1.0621443242615474,3.216,0.8366406199194618,1.7237112353369617,0.8261751655974039,0.973480030233519,0.804,0.8833336788244683,3.3440641364976598,1.126435480192917,0.9480983320665026,1.0605828081329718,1.0106535250039994,1.131268846056542,1.608,0.9350227558104496,1.795580763302616,0.804,1.8795081841907826,0.9585658881236219,0.804,0.804,0.8638608538245841,1.7603241530027103,3.216,0.8425183459681176,0.8100960680666265,1.608,1.0679466468649113,2.678306043785769,1.1666987895900047,2.412,3.216,0.9962180338316104,0.8136844834881873,0.804,1.056694146413459,1.608,0.8406777216629971,1.6768523833378133,0.8463902217639704,0.9931813407583763,0.94122722515793,0.940005898381436,0.9043517380239592,1.0200860533021654
4,4,3.216,1.608,2.4264863429816357,0.9640840618152178,0.8802654687383759,2.4606570297407773,1.0104466095521931,0.804,0.8970596623535314,0.9074513217410797,0.8998196491076211,2.412,0.9442538431996625,2.6244237382978683,0.804,2.747510664584712,0.8969062636922595,1.0104602836537455,1.608,0.804,1.0692377984680428,1.0006814510778939,1.1142837568652884,1.0657946431036178,1.0714306302423793,1.0686307853917532,1.1154763262275187,0.804,0.9264742477660874,0.975050049151941,1.0229705477740194,0.8537327704668577,1.608,0.9927554366861551,1.7837359004263798,0.8908904839458277,0.8807705504675459,1.608,0.9091477662976593,0.9165474560825564,0.866515954206096,0.8582448316269177,1.1203508188004905,1.0590949387021276,0.804,1.027340259116614,0.9150116968571863,1.118330357216602,0.9845883769995261,1.8019180332272962,1.8721320262639725,0.9256161043316614,1.0104359313010125,1.0178399047162583,1.0621443242615474,3.216,0.8366406199194618,1.7237112353369617,0.8261751655974039,0.973480030233519,0.804,0.8833336788244683,3.3440641364976598,1.126435480192917,0.9480983320665026,1.0605828081329718,1.0106535250039994,1.131268846056542,1.608,0.9350227558104496,1.795580763302616,0.804,1.8795081841907826,0.9585658881236219,0.804,0.804,0.8638608538245841,1.7603241530027103,3.216,0.8425183459681176,0.8100960680666265,1.608,1.0679466468649113,2.678306043785769,1.1666987895900047,2.412,3.216,0.9962180338316104,0.8136844834881873,0.804,1.056694146413459,1.608,0.8406777216629971,1.6768523833378133,0.8463902217639704,0.9931813407583763,0.94122722515793,0.940005898381436,0.9043517380239592,1.0200860533021654
4,5,3.216,1.608,2.4264863429816357,0.9640840618152178,0.8802654687383759,2.4606570297407773,1.0104466095521931,0.804,0.8970596623535314,0.9074513217410797,0.8998196491076211,2.412,0.9442538431996625,2.6244237382978683,0.804,2.747510664584712,0.8969062636922595,1.0104602836537455,1.608,0.804,1.0692377984680428,1.0006814510778939,1.1142837568652884,1.0657946431036178,1.0714306302423793,1.0686307853917532,1.1154763262275187,0.804,0.9264742477660874,0.975050049151941,1.0229705477740194,0.8537327704668577,1.608,0.9927554366861551,1.7837359004263798,0.8908904839458277,0.8807705504675459,1.608,0.9091477662976593,0.9165474560825564,0.866515954206096,0.8582448316269177,1.1203508188004905,1.0590949387021276,0.804,1.027340259116614,0.9150116968571863,1.118330357216602,0.9845883769995261,1.8019180332272962,1.8721320262639725,0.9256161043316614,1.0104359313010125,1.0178399047162583,1.0621443242615474,3.216,0.8366406199194618,1.7237112353369617,0.8261751655974039,0.973480030233519,0.804,0.8833336788244683,3.3440641364976598,1.126435480192917,0.9480983320665026,1.0605828081329718,1.0106535250039994,1.131268846056542,1.608,0.9350227558104496,1.795580763302616,0.804,1.8795081841907826,0.9585658881236219,0.804,0.804,0.8638608538245841,1.7603241530027103,3.216,0.8425183459681176,0.8100960680666265,1.608,1.0679466468649113,2.678306043785769,1.1666987895900047,2.412,3.216,0.9962180338316104,0.8136844834881873,0.804,1.056694146413459,1.608,0.8406777216629971,1.6768523833378133,0.8463902217639704,0.9931813407583763,0.94122722515793,0.940005898381436,0.9043517380239592,1.0200860533021654
4,6,3.216,1.608,2.4264863429816357,0.9640840618152178,0.8802654687383759,2.4606570297407773,1.0104466095521931,0.804,0.8970596623535314,0.9074513217410797,0.8998196491076211,2.412,0.9442538431996625,2.6244237382978683,0.804,2.747510664584712,0.8969062636922595,1.0104602836537455,1.608,0.804,1.0692377984680428,1.0006814510778939,1.1142837568652884,1.0657946431036178,1.0714306302423793,1.0686307853917532,1.1154763262275187,0.804,0.9264742477660874,0.975050049151941,1.0229705477740194,0.8537327704668577,1.608,0.9927554366861551,1.7837359004263798,0.8908904839458277,0.8807705504675459,1.608,0.9091477662976593,0.9165474560825564,0.866515954206096,0.8582448316269177,1.1203508188004905,1.0590949387021276,0.804,1.027340259116614,0.9150116968571863,1.118330357216602,0.9845883769995261,1.8019180332272962,1.8721320262639725,0.9256161043316614,1.0104359313010125,1.0178399047162583,1.0621443242615474,3.216,0.8366406199194618,1.7237112353369617,0.8261751655974039,0.973480030233519,0.804,0.8833336788244683,3.3440641364976598,1.126435480192917,0.9480983320665026,1.0605828081329718,1.0106535250039994,1.131268846056542,1.608,0.9350227558104496,1.795580763302616,0.804,1.8795081841907826,0.9585658881236219,0.804,0.804,0.8638608538245841,1.7603241530027103,3.216,0.8425183459681176,0.8100960680666265,1.608,1.0679466468649113,2.678306043785769,1.1666987895900047,2.412,3.216,0.9962180338316104,0.8136844834881873,0.804,1.056694146413459,1.608,0.8406777216629971,1.6768523833378133,0.8463902217639704,0.9931813407583763,0.94122722515793,0.940005898381436,0.9043517380239592,1.0200860533021654
4,7,3.216,1.608,2.4264863429816357,0.9640840618152178,0.8802654687383759,2.4606570297407773,1.0104466095521931,0.804,0.8970596623535314,0.9074513217410797,0.8998196491076211,2.412,0.9442538431996625,2.6244237382978683,0.804,2.747510664584712,0.8969062636922595,1.0104602836537455,1.608,0.804,1.0692377984680428,1.0006814510778939,1.1142837568652884,1.0657946431036178,1.0714306302423793,1.0686307853917532,1.1154763262275187,0.804,0.9264742477660874,0.975050049151941,1.0229705477740194,0.8537327704668577,1.608,0.9927554366861551,1.7837359004263798,0.8908904839458277,0.8807705504675459,1.608,0.9091477662976593,0.9165474560825564,0.866515954206096,0.8582448316269177,1.1203508188004905,1.0590949387021276,0.804,1.027340259116614,0.9150116968571863,1.118330357216602,0.9845883769995261,1.8019180332272962,1.8721320262639725,0.9256161043316614,1.0104359313010125,1.0178399047162583,1.0621443242615474,3.216,0.8366406199194618,1.7237112353369617,0.8261751655974039,0.973480030233519,0.804,0.8833336788244683,3.3440641364976598,1.126435480192917,0.9480983320665026,1.0605828081329718,1.0106535250039994,1.131268846056542,1.608,0.9350227558104496,1.795580763302616,0.804,1.8795081841907826,0.9585658881236219,0.804,0.804,0.8638608538245841,1.7603241530027103,3.216,0.8425183459681176,0.8100960680666265,1.608,1.0679466468649113,2.678306043785769,1.1666987895900047,2.412,3.216,0.9962180338316104,0.8136844834881873,0.804,1.056694146413459,1.608,0.8406777216629971,1.6768523833378133,0.8463902217639704,0.9931813407583763,0.94122722515793,0.940005898381436,0.9043517380239592,1.0200860533021654
4,8,3.216,1.608,2.4264863429816357,0.9640840618152178,0.8802654687383759,2.4606570297407773,1.0104466095521931,0.804,0.8970596623535314,0.9074513217410797,0.8998196491076211,2.412,0.9442538431996625,2.6244237382978683,0.804,2.747510664584712,0.8969062636922595,1.0104602836537455,1.608,0.804,1.0692377984680428,1.0006814510778939,1.1142837568652884,1.0657946431036178,1.0714306302423793,1.0686307853917532,1.1154763262275187,0.804,0.9264742477660874,0.975050049151941,1.0229705477740194,0.8537327704668577,1.608,0.9927554366861551,1.7837359004263798,0.8908904839458277,0.8807705504675459,1.608,0.9091477662976593,0.9165474560825564,0.866515954206096,0.8582448316269177,1.1203508188004905,1.0590949387021276,0.804,1.027340259116614,0.9150116968571863,1.118330357216602,0.9845883769995261,1.8019180332272962,1.8721320262639725,0.9256161043316614,1.0104359313010125,1.0178399047162583,1.0621443242615474,3.216,0.8366406199194618,1.7237112353369617,0.8261751655974039,0.973480030233519,0.804,0.8833336788244683,3.3440641364976598,1.126435480192917,0.9480983320665026,1.0605828081329718,1.0106535250039994,1.131268846056542,1.608,0.9350227558104496,1.795580763302616,0.804,1.8795081841907826,0.9585658881236219,0.804,0.804,0.8638608538245841,1.7603241530027103,3.216,0.8425183459681176,0.8100960680666265,1.608,1.0679466468649113,2.678306043785769,1.1666987895900047,2.412,3.216,0.9962180338316104,0.8136844834881873,0.804,1.056694146413459,1.608,0.8406777216629971,1.6768523833378133,0.8463902217639704,0.9931813407583763,0.94122722515793,0.940005898381436,0.9043517380239592,1.0200860533021654
4,9,3.216,1.608,2.4264863429816357,0.9640840618152178,0.8802654687383759,2.4606570297407773,1.0104466095521931,0.804,0.8970596623535314,0.9074513217410797,0.8998196491076211,2.412,0.9442538431996625,2.6244237382978683,0.804,2.747510664584712,0.8969062636922595,1.0104602836537455,1.608,0.804,1.0692377984680428,1.0006814510778939,1.1142837568652884,1.0657946431036178,1.0714306302423793,1.0686307853917532,1.1154763262275187,0.804,0.9264742477660874,0.975050049151941,1.0229705477740194,0.8537327704668577,1.608,0.9927554366861551,1.7837359004263798,0.8908904839458277,0.8807705504675459,1.608,0.9091477662976593,0.9165474560825564,0.866515954206096,0.8582448316269177,1.1203508188004905,1.0590949387021276,0.804,1.027340259116614,0.9150116968571863,1.118330357216602,0.9845883769995261,1.8019180332272962,1.8721320262639725,0.9256161043316614,1.0104359313010125,1.0178399047162583,1.0621443242615474,3.216,0.8366406199194618,1.7237112353369617,0.8261751655974039,0.973480030233519,0.804,0.8833336788244683,3.3440641364976598,1.126435480192917,0.9480983320665026,1.0605828081329718,1.0106535250039994,1.131268846056542,1.608,0.9350227558104496,1.795580763302616,0.804,1.8795081841907826,0.9585658881236219,0.804,0.804,0.8638608538245841,1.7603241530027103,3.216,0.8425183459681176,0.8100960680666265,1.608,1.0679466468649113,2.678306043785769,1.1666987895900047,2.412,3.216,0.9962180338316104,0.8136844834881873,0.804,1.056694146413459,1.608,0.8406777216629971,1.6768523833378133,0.8463902217639704,0.9931813407583763,0.94122722515793,0.940005898381436,0.9043517380239592,1.0200860533021654
4,10,3.216,1.608,2.4264863429816357,0.9640840618152178,0.8802654687383759,2.4606570297407773,1.0104466095521931,0.804,0.8970596623535314,0.9074513217410797,0.8998196491076211,2.412,0.9442538431996625,2.6244237382978683,0.804,2.747510664584712,0.8969062636922595,1.0104602836537455,1.608,0.804,1.0692377984680428,1.0006814510778939,1.1142837568652884,1.0657946431036178,1.0714306302423793,1.0686307853917532,1.1154763262275187,0.804,0.9264742477660874,0.975050049151941,1.0229705477740194,0.8537327704668577,1.608,0.9927554366861551,1.7837359004263798,0.8908904839458277,0.8807705504675459,1.608,0.9091477662976593,0.9165474560825564,0.866515954206096,0.8582448316269177,1.1203508188004905,1.0590949387021276,0.804,1.027340259116614,0.9150116968571863,1.118330357216602,0.9845883769995261,1.8019180332272962,1.8721320262639725,0.9256161043316614,1.0104359313010125,1.0178399047162583,1.0621443242615474,3.216,0.8366406199194618,1.7237112353369617,0.8261751655974039,0.973480030233519,0.804,0.8833336788244683,3.3440641364976598,1.126435480192917,0.9480983320665026,1.0605828081329718,1.0106535250039994,1.131268846056542,1.608,0.9350227558104496,1.795580763302616,0.804,1.8795081841907826,0.9585658881236219,0.804,0.804,0.8638608538245841,1.7603241530027103,3.216,0.8425183459681176,0.8100960680666265,1.608,1.0679466468649113,2.678306043785769,1.1666987895900047,2.412,3.216,0.9962180338316104,0.8136844834881873,0.804,1.056694146413459,1.608,0.8406777216629971,1.6768523833378133,0.8463902217639704,0.9931813407583763,0.94122722515793,0.940005898381436,0.9043517380239592,1.0200860533021654
4,11,3.216,1.608,2.4264863429816357,0.9640840618152178,0.8802654687383759,2.4606570297407773,1.0104466095521931,0.804,0.8970596623535314,0.9074513217410797,0.8998196491076211,2.412,0.9442538431996625,2.6244237382978683,0.804,2.747510664584712,0.8969062636922595,1.0104602836537455,1.608,0.804,1.0692377984680428,1.0006814510778939,1.1142837568652884,1.0657946431036178,1.0714306302423793,1.0686307853917532,1.1154763262275187,0.804,0.9264742477660874,0.975050049151941,1.0229705477740194,0.8537327704668577,1.608,0.9927554366861551,1.7837359004263798,0.8908904839458277,0.8807705504675459,1.608,0.9091477662976593,0.9165474560825564,0.866515954206096,0.8582448316269177,1.1203508188004905,1.0590949387021276,0.804,1.027340259116614,0.9150116968571863,1.118330357216602,0.9845883769995261,1.8019180332272962,1.8721320262639725,0.9256161043316614,1.0104359313010125,1.0178399047162583,1.0621443242615474,3.216,0.8366406199194618,1.7237112353369617,0.8261751655974039,0.973480030233519,0.804,0.8833336788244683,3.3440641364976598,1.126435480192917,0.9480983320665026,1.0605828081329718,1.0106535250039994,1.131268846056542,1.608,0.9350227558104496,1.795580763302616,0.804,1.8795081841907826,0.9585658881236219,0.804,0.804,0.8638608538245841,1.7603241530027103,3.216,0.8425183459681176,0.8100960680666265,1.608,1.0679466468649113,2.678306043785769,1.1666987895900047,2.412,3.216,0.9962180338316104,0.8136844834881873,0.804,1.056694146413459,1.608,0.8406777216629971,1.6768523833378133,0.8463902217639704,0.9931813407583763,0.94122722515793,0.940005898381436,0.9043517380239592,1.0200860533021654
4,12,3.216,1.608,2.4264863429816357,0.9640840618152178,0.8802654687383759,2.4606570297407773,1.0104466095521931,0.804,0.8970596623535314,0.9074513217410797,0.8998196491076211,2.412,0.9442538431996625,2.6244237382978683,0.804,2.747510664584712,0.8969062636922595,1.0104602836537455,1.608,0.804,1.0692377984680428,1.0006814510778939,1.1142837568652884,1.0657946431036178,1.0714306302423793,1.0686307853917532,1.1154763262275187,0.804,0.9264742477660874,0.975050049151941,1.0229705477740194,0.8537327704668577,1.608,0.9927554366861551,1.7837359004263798,0.8908904839458277,0.8807705504675459,1.608,0.9091477662976593,0.9165474560825564,0.866515954206096,0.8582448316269177,1.1203508188004905,1.0590949387021276,0.804,1.027340259116614,0.9150116968571863,1.118330357216602,0.9845883769995261,1.8019180332272962,1.8721320262639725,0.9256161043316614,1.0104359313010125,1.0178399047162583,1.0621443242615474,3.216,0.8366406199194618,1.7237112353369617,0.8261751655974039,0.973480030233519,0.804,0.8833336788244683,3.3440641364976598,1.126435480192917,0.9480983320665026,1.0605828081329718,1.0106535250039994,1.131268846056542,1.608,0.9350227558104496,1.795580763302616,0.804,1.8795081841907826,0.9585658881236219,0.804,0.804,0.8638608538245841,1.7603241530027103,3.216,0.8425183459681176,0.8100960680666265,1.608,1.0679466468649113,2.678306043785769,1.1666987895900047,2.412,3.216,0.9962180338316104,0.8136844834881873,0.804,1.056694146413459,1.608,0.8406777216629971,1.6768523833378133,0.8463902217639704,0.9931813407583763,0.94122722515793,0.940005898381436,0.9043517380239592,1.0200860533021654
4,13,3.216,1.608,2.4264863429816357,0.9640840618152178,0.8802654687383759,2.4606570297407773,1.0104466095521931,0.804,0.8970596623535314,0.9074513217410797,0.8998196491076211,2.412,0.9442538431996625,2.6244237382978683,0.804,2.747510664584712,0.8969062636922595,1.0104602836537455,1.608,0.804,1.0692377984680428,1.0006814510778939,1.1142837568652884,1.0657946431036178,1.0714306302423793,1.0686307853917532,1.1154763262275187,0.804,0.9264742477660874,0.975050049151941,1.0229705477740194,0.8537327704668577,1.608,0.9927554366861551,1.7837359004263798,0.8908904839458277,0.8807705504675459,1.608,0.9091477662976593,0.9165474560825564,0.866515954206096,0.8582448316269177,1.1203508188004905,1.0590949387021276,0.804,1.027340259116614,0.9150116968571863,1.118330357216602,0.9845883769995261,1.8019180332272962,1.8721320262639725,0.9256161043316614,1.0104359313010125,1.0178399047162583,1.0621443242615474,3.216,0.8366406199194618,1.7237112353369617,0.8261751655974039,0.973480030233519,0.804,0.8833336788244683,3.3440641364976598,1.126435480192917,0.9480983320665026,1.0605828081329718,1.0106535250039994,1.131268846056542,1.608,0.9350227558104496,1.795580763302616,0.804,1.8795081841907826,0.9585658881236219,0.804,0.804,0.8638608538245841,1.7603241530027103,3.216,0.8425183459681176,0.8100960680666265,1.608,1.0679466468649113,2.678306043785769,1.1666987895900047,2.412,3.216,0.9962180338316104,0.8136844834881873,0.804,1.056694146413459,1.608,0.8406777216629971,1.6768523833378133,0.8463902217639704,0.9931813407583763,0.94122722515793,0.940005898381436,0.9043517380239592,1.0200860533021654
4,14,3.216,1.608,2.4264863429816357,0.9640840618152178,0.8802654687383759,2.4606570297407773,1.0104466095521931,0.804,0.8970596623535314,0.9074513217410797,0.8998196491076211,2.412,0.9442538431996625,2.6244237382978683,0.804,2.747510664584712,0.8969062636922595,1.0104602836537455,1.608,0.804,1.0692377984680428,1.0006814510778939,1.1142837568652884,1.0657946431036178,1.0714306302423793,1.0686307853917532,1.1154763262275187,0.804,0.9264742477660874,0.975050049151941,1.0229705477740194,0.8537327704668577,1.608,0.9927554366861551,1.7837359004263798,0.8908904839458277,0.8807705504675459,1.608,0.9091477662976593,0.9165474560825564,0.866515954206096,0.8582448316269177,1.1203508188004905,1.0590949387021276,0.804,1.027340259116614,0.9150116968571863,1.118330357216602,0.9845883769995261,1.8019180332272962,1.8721320262639725,0.9256161043316614,1.0104359313010125,1.0178399047162583,1.0621443242615474,3.216,0.8366406199194618,1.7237112353369617,0.8261751655974039,0.973480030233519,0.804,0.8833336788244683,3.3440641364976598,1.126435480192917,0.9480983320665026,1.0605828081329718,1.0106535250039994,1.131268846056542,1.608,0.9350227558104496,1.795580763302616,0.804,1.8795081841907826,0.9585658881236219,0.804,0.804,0.8638608538245841,1.7603241530027103,3.216,0.8425183459681176,0.8100960680666265,1.608,1.0679466468649113,2.678306043785769,1.1666987895900047,2.412,3.216,0.9962180338316104,0.8136844834881873,0.804,1.056694146413459,1.608,0.8406777216629971,1.6768523833378133,0.8463902217639704,0.9931813407583763,0.94122722515793,0.940005898381436,0.9043517380239592,1.0200860533021654
4,15,3.216,1.608,2.4264863429816357,0.9640840618152178,0.8802654687383759,2.4606570297407773,1.0104466095521931,0.804,0.8970596623535314,0.9074513217410797,0.8998196491076211,2.412,0.9442538431996625,2.6244237382978683,0.804,2.747510664584712,0.8969062636922595,1.0104602836537455,1.608,0.804,1.0692377984680428,1.0006814510778939,1.1142837568652884,1.0657946431036178,1.0714306302423793,1.0686307853917532,1.1154763262275187,0.804,0.9264742477660874,0.975050049151941,1.0229705477740194,0.8537327704668577,1.608,0.9927554366861551,1.7837359004263798,0.8908904839458277,0.8807705504675459,1.608,0.9091477662976593,0.9165474560825564,0.866515954206096,0.8582448316269177,1.1203508188004905,1.0590949387021276,0.804,1.027340259116614,0.9150116968571863,1.118330357216602,0.9845883769995261,1.8019180332272962,1.8721320262639725,0.9256161043316614,1.0104359313010125,1.0178399047162583,1.0621443242615474,3.216,0.8366406199194618,1.7237112353369617,0.8261751655974039,0.973480030233519,0.804,0.8833336788244683,3.3440641364976598,1.126435480192917,0.9480983320665026,1.0605828081329718,1.0106535250039994,1.131268846056542,1.608,0.9350227558104496,1.795580763302616,0.804,1.8795081841907826,0.9585658881236219,0.804,0.804,0.8638608538245841,1.7603241530027103,3.216,0.8425183459681176,0.8100960680666265,1.608,1.0679466468649113,2.678306043785769,1.1666987895900047,2.412,3.216,0.9962180338316104,0.8136844834881873,0.804,1.056694146413459,1.608,0.8406777216629971,1.6768523833378133,0.8463902217639704,0.9931813407583763,0.94122722515793,0.940005898381436,0.9043517380239592,1.0200860533021654
4,16,3.216,1.608,2.4264863429816357,0.9640840618152178,0.8802654687383759,2.4606570297407773,1.0104466095521931,0.804,0.8970596623535314,0.9074513217410797,0.8998196491076211,2.412,0.9442538431996625,2.6244237382978683,0.804,2.747510664584712,0.8969062636922595,1.0104602836537455,1.608,0.804,1.0692377984680428,1.0006814510778939,1.1142837568652884,1.0657946431036178,1.0714306302423793,1.0686307853917532,1.1154763262275187,0.804,0.9264742477660874,0.975050049151941,1.0229705477740194,0.8537327704668577,1.608,0.9927554366861551,1.7837359004263798,0.8908904839458277,0.8807705504675459,1.608,0.9091477662976593,0.9165474560825564,0.866515954206096,0.8582448316269177,1.1203508188004905,1.0590949387021276,0.804,1.027340259116614,0.9150116968571863,1.118330357216602,0.9845883769995261,1.8019180332272962,1.8721320262639725,0.9256161043316614,1.0104359313010125,1.0178399047162583,1.0621443242615474,3.216,0.8366406199194618,1.7237112353369617,0.8261751655974039,0.973480030233519,0.804,0.8833336788244683,3.3440641364976598,1.126435480192917,0.9480983320665026,1.0605828081329718,1.0106535250039994,1.131268846056542,1.608,0.9350227558104496,1.795580763302616,0.804,1.8795081841907826,0.9585658881236219,0.804,0.804,0.8638608538245841,1.7603241530027103,3.216,0.8425183459681176,0.8100960680666265,1.608,1.0679466468649113,2.678306043785769,1.1666987895900047,2.412,3.216,0.9962180338316104,0.8136844834881873,0.804,1.056694146413459,1.608,0.8406777216629971,1.6768523833378133,0.8463902217639704,0.9931813407583763,0.94122722515793,0.940005898381436,0.9043517380239592,1.0200860533021654
4,17,3.216,1.608,2.4264863429816357,0.9640840618152178,0.8802654687383759,2.4606570297407773,1.0104466095521931,0.804,0.8970596623535314,0.9074513217410797,0.8998196491076211,2.412,0.9442538431996625,2.6244237382978683,0.804,2.747510664584712,0.8969062636922595,1.0104602836537455,1.608,0.804,1.0692377984680428,1.0006814510778939,1.1142837568652884,1.0657946431036178,1.0714306302423793,1.0686307853917532,1.1154763262275187,0.804,0.9264742477660874,0.975050049151941,1.0229705477740194,0.8537327704668577,1.608,0.9927554366861551,1.7837359004263798,0.8908904839458277,0.8807705504675459,1.608,0.9091477662976593,0.9165474560825564,0.866515954206096,0.8582448316269177,1.1203508188004905,1.0590949387021276,0.804,1.027340259116614,0.9150116968571863,1.118330357216602,0.9845883769995261,1.8019180332272962,1.8721320262639725,0.9256161043316614,1.0104359313010125,1.0178399047162583,1.0621443242615474,3.216,0.8366406199194618,1.7237112353369617,0.8261751655974039,0.973480030233519,0.804,0.8833336788244683,3.3440641364976598,1.126435480192917,0.9480983320665026,1.0605828081329718,1.0106535250039994,1.131268846056542,1.608,0.9350227558104496,1.795580763302616,0.804,1.8795081841907826,0.9585658881236219,0.804,0.804,0.8638608538245841,1.7603241530027103,3.216,0.8425183459681176,0.8100960680666265,1.608,1.0679466468649113,2.678306043785769,1.1666987895900047,2.412,3.216,0.9962180338316104,0.8136844834881873,0.804,1.056694146413459,1.608,0.8406777216629971,1.6768523833378133,0.8463902217639704,0.9931813407583763,0.94122722515793,0.940005898381436,0.9043517380239592,1.0200860533021654
4,18,3.216,1.608,2.4264863429816357,0.9640840618152178,0.8802654687383759,2.4606570297407773,1.0104466095521931,0.804,0.8970596623535314,0.9074513217410797,0.8998196491076211,2.412,0.9442538431996625,2.6244237382978683,0.804,2.747510664584712,0.8969062636922595,1.0104602836537455,1.608,0.804,1.0692377984680428,1.0006814510778939,1.1142837568652884,1.0657946431036178,1.0714306302423793,1.0686307853917532,1.1154763262275187,0.804,0.9264742477660874,0.975050049151941,1.0229705477740194,0.8537327704668577,1.608,0.9927554366861551,1.7837359004263798,0.8908904839458277,0.8807705504675459,1.608,0.9091477662976593,0.9165474560825564,0.866515954206096,0.8582448316269177,1.1203508188004905,1.0590949387021276,0.804,1.027340259116614,0.9150116968571863,1.118330357216602,0.9845883769995261,1.8019180332272962,1.8721320262639725,0.9256161043316614,1.0104359313010125,1.0178399047162583,1.0621443242615474,3.216,0.8366406199194618,1.7237112353369617,0.8261751655974039,0.973480030233519,0.804,0.8833336788244683,3.3440641364976598,1.126435480192917,0.9480983320665026,1.0605828081329718,1.0106535250039994,1.131268846056542,1.608,0.9350227558104496,1.795580763302616,0.804,1.8795081841907826,0.9585658881236219,0.804,0.804,0.8638608538245841,1.7603241530027103,3.216,0.8425183459681176,0.8100960680666265,1.608,1.0679466468649113,2.678306043785769,1.1666987895900047,2.412,3.216,0.9962180338316104,0.8136844834881873,0.804,1.056694146413459,1.608,0.8406777216629971,1.6768523833378133,0.8463902217639704,0.9931813407583763,0.94122722515793,0.940005898381436,0.9043517380239592,1.0200860533021654
4,19,3.216,1.608,2.4264863429816357,0.9640840618152178,0.8802654687383759,2.4606570297407773,1.0104466095521931,0.804,0.8970596623535314,0.9074513217410797,0.8998196491076211,2.412,0.9442538431996625,2.6244237382978683,0.804,2.747510664584712,0.8969062636922595,1.0104602836537455,1.608,0.804,1.0692377984680428,1.0006814510778939,1.1142837568652884,1.0657946431036178,1.0714306302423793,1.0686307853917532,1.1154763262275187,0.804,0.9264742477660874,0.975050049151941,1.0229705477740194,0.8537327704668577,1.608,0.9927554366861551,1.7837359004263798,0.8908904839458277,0.8807705504675459,1.608,0.9091477662976593,0.9165474560825564,0.866515954206096,0.8582448316269177,1.1203508188004905,1.0590949387021276,0.804,1.027340259116614,0.9150116968571863,1.118330357216602,0.9845883769995261,1.8019180332272962,1.8721320262639725,0.9256161043316614,1.0104359313010125,1.0178399047162583,1.0621443242615474,3.216,0.8366406199194618,1.7237112353369617,0.8261751655974039,0.973480030233519,0.804,0.8833336788244683,3.3440641364976598,1.126435480192917,0.9480983320665026,1.0605828081329718,1.0106535250039994,1.131268846056542,1.608,0.9350227558104496,1.795580763302616,0.804,1.8795081841907826,0.9585658881236219,0.804,0.804,0.8638608538245841,1.7603241530027103,3.216,0.8425183459681176,0.8100960680666265,1.608,1.0679466468649113,2.678306043785769,1.1666987895900047,2.412,3.216,0.9962180338316104,0.8136844834881873,0.804,1.056694146413459,1.608,0.8406777216629971,1.6768523833378133,0.8463902217639704,0.9931813407583763,0.94122722515793,0.940005898381436,0.9043517380239592,1.0200860533021654
4,20,3.216,1.608,2.4264863429816357,0.9640840618152178,0.8802654687383759,2.4606570297407773,1.0104466095521931,0.804,0.8970596623535314,0.9074513217410797,0.8998196491076211,2.412,0.9442538431996625,2.6244237382978683,0.804,2.747510664584712,0.8969062636922595,1.0104602836537455,1.608,0.804,1.0692377984680428,1.0006814510778939,1.1142837568652884,1.0657946431036178,1.0714306302423793,1.0686307853917532,1.1154763262275187,0.804,0.9264742477660874,0.975050049151941,1.0229705477740194,0.8537327704668577,1.608,0.9927554366861551,1.7837359004263798,0.8908904839458277,0.8807705504675459,1.608,0.9091477662976593,0.9165474560825564,0.866515954206096,0.8582448316269177,1.1203508188004905,1.0590949387021276,0.804,1.027340259116614,0.9150116968571863,1.118330357216602,0.9845883769995261,1.8019180332272962,1.8721320262639725,0.9256161043316614,1.0104359313010125,1.0178399047162583,1.0621443242615474,3.216,0.8366406199194618,1.7237112353369617,0.8261751655974039,0.973480030233519,0.804,0.8833336788244683,3.3440641364976598,1.126435480192917,0.9480983320665026,1.0605828081329718,1.0106535250039994,1.131268846056542,1.608,0.9350227558104496,1.795580763302616,0.804,1.8795081841907826,0.9585658881236219,0.804,0.804,0.8638608538245841,1.7603241530027103,3.216,0.8425183459681176,0.8100960680666265,1.608,1.0679466468649113,2.678306043785769,1.1666987895900047,2.412,3.216,0.9962180338316104,0.8136844834881873,0.804,1.056694146413459,1.608,0.8406777216629971,1.6768523833378133,0.8463902217639704,0.9931813407583763,0.94122722515793,0.940005898381436,0.9043517380239592,1.0200860533021654
4,21,3.216,1.608,2.4264863429816357,0.9640840618152178,0.8802654687383759,2.4606570297407773,1.0104466095521931,0.804,0.8970596623535314,0.9074513217410797,0.8998196491076211,2.412,0.9442538431996625,2.6244237382978683,0.804,2.747510664584712,0.8969062636922595,1.0104602836537455,1.608,0.804,1.0692377984680428,1.0006814510778939,1.1142837568652884,1.0657946431036178,1.0714306302423793,1.0686307853917532,1.1154763262275187,0.804,0.9264742477660874,0.975050049151941,1.0229705477740194,0.8537327704668577,1.608,0.9927554366861551,1.7837359004263798,0.8908904839458277,0.8807705504675459,1.608,0.9091477662976593,0.9165474560825564,0.866515954206096,0.8582448316269177,1.1203508188004905,1.0590949387021276,0.804,1.027340259116614,0.9150116968571863,1.118330357216602,0.9845883769995261,1.8019180332272962,1.8721320262639725,0.9256161043316614,1.0104359313010125,1.0178399047162583,1.0621443242615474,3.216,0.8366406199194618,1.7237112353369617,0.8261751655974039,0.973480030233519,0.804,0.8833336788244683,3.3440641364976598,1.126435480192917,0.9480983320665026,1.0605828081329718,1.0106535250039994,1.131268846056542,1.608,0.9350227558104496,1.795580763302616,0.804,1.8795081841907826,0.9585658881236219,0.804,0.804,0.8638608538245841,1.7603241530027103,3.216,0.8425183459681176,0.8100960680666265,1.608,1.0679466468649113,2.678306043785769,1.1666987895900047,2.412,3.216,0.9962180338316104,0.8136844834881873,0.804,1.056694146413459,1.608,0.8406777216629971,1.6768523833378133,0.8463902217639704,0.9931813407583763,0.94122722515793,0.940005898381436,0.9043517380239592,1.0200860533021654
4,22,3.216,1.608,2.4264863429816357,0.9640840618152178,0.8802654687383759,2.4606570297407773,1.0104466095521931,0.804,0.8970596623535314,0.9074513217410797,0.8998196491076211,2.412,0.9442538431996625,2.6244237382978683,0.804,2.747510664584712,0.8969062636922595,1.0104602836537455,1.608,0.804,1.0692377984680428,1.0006814510778939,1.1142837568652884,1.0657946431036178,1.0714306302423793,1.0686307853917532,1.1154763262275187,0.804,0.9264742477660874,0.975050049151941,1.0229705477740194,0.8537327704668577,1.608,0.9927554366861551,1.7837359004263798,0.8908904839458277,0.8807705504675459,1.608,0.9091477662976593,0.9165474560825564,0.866515954206096,0.8582448316269177,1.1203508188004905,1.0590949387021276,0.804,1.027340259116614,0.9150116968571863,1.118330357216602,0.9845883769995261,1.8019180332272962,1.8721320262639725,0.9256161043316614,1.0104359313010125,1.0178399047162583,1.0621443242615474,3.216,0.8366406199194618,1.7237112353369617,0.8261751655974039,0.973480030233519,0.804,0.8833336788244683,3.3440641364976598,1.126435480192917,0.9480983320665026,1.0605828081329718,1.0106535250039994,1.131268846056542,1.608,0.9350227558104496,1.795580763302616,0.804,1.8795081841907826,0.9585658881236219,0.804,0.804,0.8638608538245841,1.7603241530027103,3.216,0.8425183459681176,0.8100960680666265,1.608,1.0679466468649113,2.678306043785769,1.1666987895900047,2.412,3.216,0.9962180338316104,0.8136844834881873,0.804,1.056694146413459,1.608,0.8406777216629971,1.6768523833378133,0.8463902217639704,0.9931813407583763,0.94122722515793,0.940005898381436,0.9043517380239592,1.0200860533021654
4,23,3.216,1.608,2.4264863429816357,0.9640840618152178,0.8802654687383759,2.4606570297407773,1.0104466095521931,0.804,0.8970596623535314,0.9074513217410797,0.8998196491076211,2.412,0.9442538431996625,2.6244237382978683,0.804,2.747510664584712,0.8969062636922595,1.0104602836537455,1.608,0.804,1.0692377984680428,1.0006814510778939,1.1142837568652884,1.0657946431036178,1.0714306302423793,1.0686307853917532,1.1154763262275187,0.804,0.9264742477660874,0.975050049151941,1.0229705477740194,0.8537327704668577,1.608,0.9927554366861551,1.7837359004263798,0.8908904839458277,0.8807705504675459,1.608,0.9091477662976593,0.9165474560825564,0.866515954206096,0.8582448316269177,1.1203508188004905,1.0590949387021276,0.804,1.027340259116614,0.9150116968571863,1.118330357216602,0.9845883769995261,1.8019180332272962,1.8721320262639725,0.9256161043316614,1.0104359313010125,1.0178399047162583,1.0621443242615474,3.216,0.8366406199194618,1.7237112353369617,0.8261751655974039,0.973480030233519,0.804,0.8833336788244683,3.3440641364976598,1.126435480192917,0.9480983320665026,1.0605828081329718,1.0106535250039994,1.131268846056542,1.608,0.9350227558104496,1.795580763302616,0.804,1.8795081841907826,0.9585658881236219,0.804,0.804,0.8638608538245841,1.7603241530027103,3.216,0.8425183459681176,0.8100960680666265,1.608,1.0679466468649113,2.678306043785769,1.1666987895900047,2.412,3.216,0.9962180338316104,0.8136844834881873,0.804,1.056694146413459,1.608,0.8406777216629971,1.6768523833378133,0.8463902217639704,0.9931813407583763,0.94122722515793,0.940005898381436,0.9043517380239592,1.0200860533021654
4,24,3.216,1.608,2.4264863429816357,0.9640840618152178,0.8802654687383759,2.4606570297407773,1.0104466095521931,0.804,0.8970596623535314,0.9074513217410797,0.8998196491076211,2.412,0.9442538431996625,2.6244237382978683,0.804,2.747510664584712,0.8969062636922595,1.0104602836537455,1.608,0.804,1.0692377984680428,1.0006814510778939,1.1142837568652884,1.0657946431036178,1.0714306302423793,1.0686307853917532,1.1154763262275187,0.804,0.9264742477660874,0.975050049151941,1.0229705477740194,0.8537327704668577,1.608,0.9927554366861551,1.7837359004263798,0.8908904839458277,0.8807705504675459,1.608,0.9091477662976593,0.9165474560825564,0.866515954206096,0.8582448316269177,1.1203508188004905,1.0590949387021276,0.804,1.027340259116614,0.9150116968571863,1.118330357216602,0.9845883769995261,1.8019180332272962,1.8721320262639725,0.9256161043316614,1.0104359313010125,1.0178399047162583,1.0621443242615474,3.216,0.8366406199194618,1.7237112353369617,0.8261751655974039,0.973480030233519,0.804,0.8833336788244683,3.3440641364976598,1.126435480192917,0.9480983320665026,1.0605828081329718,1.0106535250039994,1.131268846056542,1.608,0.9350227558104496,1.795580763302616,0.804,1.8795081841907826,0.9585658881236219,0.804,0.804,0.8638608538245841,1.7603241530027103,3.216,0.8425183459681176,0.8100960680666265,1.608,1.0679466468649113,2.678306043785769,1.1666987895900047,2.412,3.216,0.9962180338316104,0.8136844834881873,0.804,1.056694146413459,1.608,0.8406777216629971,1.6768523833378133,0.8463902217639704,0.9931813407583763,0.94122722515793,0.940005898381436,0.9043517380239592,1.0200860533021654
4,25,3.216,1.608,2.4264863429816357,0.9640840618152178,0.8802654687383759,2.4606570297407773,1.0104466095521931,0.804,0.8970596623535314,0.9074513217410797,0.8998196491076211,2.412,0.9442538431996625,2.6244237382978683,0.804,2.747510664584712,0.8969062636922595,1.0104602836537455,1.608,0.804,1.0692377984680428,1.0006814510778939,1.1142837568652884,1.0657946431036178,1.0714306302423793,1.0686307853917532,1.1154763262275187,0.804,0.9264742477660874,0.975050049151941,1.0229705477740194,0.8537327704668577,1.608,0.9927554366861551,1.7837359004263798,0.8908904839458277,0.8807705504675459,1.608,0.9091477662976593,0.9165474560825564,0.866515954206096,0.8582448316269177,1.1203508188004905,1.0590949387021276,0.804,1.027340259116614,0.9150116968571863,1.118330357216602,0.9845883769995261,1.8019180332272962,1.8721320262639725,0.9256161043316614,1.0104359313010125,1.0178399047162583,1.0621443242615474,3.216,0.8366406199194618,1.7237112353369617,0.8261751655974039,0.973480030233519,0.804,0.8833336788244683,3.3440641364976598,1.126435480192917,0.9480983320665026,1.0605828081329718,1.0106535250039994,1.131268846056542,1.608,0.9350227558104496,1.795580763302616,0.804,1.8795081841907826,0.9585658881236219,0.804,0.804,0.8638608538245841,1.7603241530027103,3.216,0.8425183459681176,0.8100960680666265,1.608,1.0679466468649113,2.678306043785769,1.1666987895900047,2.412,3.216,0.9962180338316104,0.8136844834881873,0.804,1.056694146413459,1.608,0.8406777216629971,1.6768523833378133,0.8463902217639704,0.9931813407583763,0.94122722515793,0.940005898381436,0.9043517380239592,1.0200860533021654
4,26,3.216,1.608,2.4264863429816357,0.9640840618152178,0.8802654687383759,2.4606570297407773,1.0104466095521931,0.804,0.8970596623535314,0.9074513217410797,0.8998196491076211,2.412,0.9442538431996625,2.6244237382978683,0.804,2.747510664584712,0.8969062636922595,1.0104602836537455,1.608,0.804,1.0692377984680428,1.0006814510778939,1.1142837568652884,1.0657946431036178,1.0714306302423793,1.0686307853917532,1.1154763262275187,0.804,0.9264742477660874,0.975050049151941,1.0229705477740194,0.8537327704668577,1.608,0.9927554366861551,1.7837359004263798,0.8908904839458277,0.8807705504675459,1.608,0.9091477662976593,0.9165474560825564,0.866515954206096,0.8582448316269177,1.1203508188004905,1.0590949387021276,0.804,1.027340259116614,0.9150116968571863,1.118330357216602,0.9845883769995261,1.8019180332272962,1.8721320262639725,0.9256161043316614,1.0104359313010125,1.0178399047162583,1.0621443242615474,3.216,0.8366406199194618,1.7237112353369617,0.8261751655974039,0.973480030233519,0.804,0.8833336788244683,3.3440641364976598,1.126435480192917,0.9480983320665026,1.0605828081329718,1.0106535250039994,1.131268846056542,1.608,0.9350227558104496,1.795580763302616,0.804,1.8795081841907826,0.9585658881236219,0.804,0.804,0.8638608538245841,1.7603241530027103,3.216,0.8425183459681176,0.8100960680666265,1.608,1.0679466468649113,2.678306043785769,1.1666987895900047,2.412,3.216,0.9962180338316104,0.8136844834881873,0.804,1.056694146413459,1.608,0.8406777216629971,1.6768523833378133,0.8463902217639704,0.9931813407583763,0.94122722515793,0.940005898381436,0.9043517380239592,1.0200860533021654
4,27,3.216,1.608,2.4264863429816357,0.9640840618152178,0.8802654687383759,2.4606570297407773,1.0104466095521931,0.804,0.8970596623535314,0.9074513217410797,0.8998196491076211,2.412,0.9442538431996625,2.6244237382978683,0.804,2.747510664584712,0.8969062636922595,1.0104602836537455,1.608,0.804,1.0692377984680428,1.0006814510778939,1.1142837568652884,1.0657946431036178,1.0714306302423793,1.0686307853917532,1.1154763262275187,0.804,0.9264742477660874,0.975050049151941,1.0229705477740194,0.8537327704668577,1.608,0.9927554366861551,1.7837359004263798,0.8908904839458277,0.8807705504675459,1.608,0.9091477662976593,0.9165474560825564,0.866515954206096,0.8582448316269177,1.1203508188004905,1.0590949387021276,0.804,1.027340259116614,0.9150116968571863,1.118330357216602,0.9845883769995261,1.8019180332272962,1.8721320262639725,0.9256161043316614,1.0104359313010125,1.0178399047162583,1.0621443242615474,3.216,0.8366406199194618,1.7237112353369617,0.8261751655974039,0.973480030233519,0.804,0.8833336788244683,3.3440641364976598,1.126435480192917,0.9480983320665026,1.0605828081329718,1.0106535250039994,1.131268846056542,1.608,0.9350227558104496,1.795580763302616,0.804,1.8795081841907826,0.9585658881236219,0.804,0.804,0.8638608538245841,1.7603241530027103,3.216,0.8425183459681176,0.8100960680666265,1.608,1.0679466468649113,2.678306043785769,1.1666987895900047,2.412,3.216,0.9962180338316104,0.8136844834881873,0.804,1.056694146413459,1.608,0.8406777216629971,1.6768523833378133,0.8463902217639704,0.9931813407583763,0.94122722515793,0.940005898381436,0.9043517380239592,1.0200860533021654
4,28,3.216,1.608,2.4264863429816357,0.9640840618152178,0.8802654687383759,2.4606570297407773,1.0104466095521931,0.804,0.8970596623535314,0.9074513217410797,0.8998196491076211,2.412,0.9442538431996625,2.6244237382978683,0.804,2.747510664584712,0.8969062636922595,1.0104602836537455,1.608,0.804,1.0692377984680428,1.0006814510778939,1.1142837568652884,1.0657946431036178,1.0714306302423793,1.0686307853917532,1.1154763262275187,0.804,0.9264742477660874,0.975050049151941,1.0229705477740194,0.8537327704668577,1.608,0.9927554366861551,1.7837359004263798,0.8908904839458277,0.8807705504675459,1.608,0.9091477662976593,0.9165474560825564,0.866515954206096,0.8582448316269177,1.1203508188004905,1.0590949387021276,0.804,1.027340259116614,0.9150116968571863,1.118330357216602,0.9845883769995261,1.8019180332272962,1.8721320262639725,0.9256161043316614,1.0104359313010125,1.0178399047162583,1.0621443242615474,3.216,0.8366406199194618,1.7237112353369617,0.8261751655974039,0.973480030233519,0.804,0.8833336788244683,3.3440641364976598,1.126435480192917,0.9480983320665026,1.0605828081329718,1.0106535250039994,1.131268846056542,1.608,0.9350227558104496,1.795580763302616,0.804,1.8795081841907826,0.9585658881236219,0.804,0.804,0.8638608538245841,1.7603241530027103,3.216,0.8425183459681176,0.8100960680666265,1.608,1.0679466468649113,2.678306043785769,1.1666987895900047,2.412,3.216,0.9962180338316104,0.8136844834881873,0.804,1.056694146413459,1.608,0.8406777216629971,1.6768523833378133,0.8463902217639704,0.9931813407583763,0.94122722515793,0.940005898381436,0.9043517380239592,1.0200860533021654
4,29,3.216,1.608,2.4264863429816357,0.9640840618152178,0.8802654687383759,2.4606570297407773,1.0104466095521931,0.804,0.8970596623535314,0.9074513217410797,0.8998196491076211,2.412,0.9442538431996625,2.6244237382978683,0.804,2.747510664584712,0.8969062636922595,1.0104602836537455,1.608,0.804,1.0692377984680428,1.0006814510778939,1.1142837568652884,1.0657946431036178,1.0714306302423793,1.0686307853917532,1.1154763262275187,0.804,0.9264742477660874,0.975050049151941,1.0229705477740194,0.8537327704668577,1.608,0.9927554366861551,1.7837359004263798,0.8908904839458277,0.8807705504675459,1.608,0.9091477662976593,0.9165474560825564,0.866515954206096,0.8582448316269177,1.1203508188004905,1.0590949387021276,0.804,1.027340259116614,0.9150116968571863,1.118330357216602,0.9845883769995261,1.8019180332272962,1.8721320262639725,0.9256161043316614,1.0104359313010125,1.0178399047162583,1.0621443242615474,3.216,0.8366406199194618,1.7237112353369617,0.8261751655974039,0.973480030233519,0.804,0.8833336788244683,3.3440641364976598,1.126435480192917,0.9480983320665026,1.0605828081329718,1.0106535250039994,1.131268846056542,1.608,0.9350227558104496,1.795580763302616,0.804,1.8795081841907826,0.9585658881236219,0.804,0.804,0.8638608538245841,1.7603241530027103,3.216,0.8425183459681176,0.8100960680666265,1.608,1.0679466468649113,2.678306043785769,1.1666987895900047,2.412,3.216,0.9962180338316104,0.8136844834881873,0.804,1.056694146413459,1.608,0.8406777216629971,1.6768523833378133,0.8463902217639704,0.9931813407583763,0.94122722515793,0.940005898381436,0.9043517380239592,1.0200860533021654
4,30,3.216,1.608,2.4264863429816357,0.9640840618152178,0.8802654687383759,2.4606570297407773,1.0104466095521931,0.804,0.8970596623535314,0.9074513217410797,0.8998196491076211,2.412,0.9442538431996625,2.6244237382978683,0.804,2.747510664584712,0.8969062636922595,1.0104602836537455,1.608,0.804,1.0692377984680428,1.0006814510778939,1.1142837568652884,1.0657946431036178,1.0714306302423793,1.0686307853917532,1.1154763262275187,0.804,0.9264742477660874,0.975050049151941,1.0229705477740194,0.8537327704668577,1.608,0.9927554366861551,1.7837359004263798,0.8908904839458277,0.8807705504675459,1.608,0.9091477662976593,0.9165474560825564,0.866515954206096,0.8582448316269177,1.1203508188004905,1.0590949387021276,0.804,1.027340259116614,0.9150116968571863,1.118330357216602,0.9845883769995261,1.8019180332272962,1.8721320262639725,0.9256161043316614,1.0104359313010125,1.0178399047162583,1.0621443242615474,3.216,0.8366406199194618,1.7237112353369617,0.8261751655974039,0.973480030233519,0.804,0.8833336788244683,3.3440641364976598,1.126435480192917,0.9480983320665026,1.0605828081329718,1.0106535250039994,1.131268846056542,1.608,0.9350227558104496,1.795580763302616,0.804,1.8795081841907826,0.9585658881236219,0.804,0.804,0.8638608538245841,1.7603241530027103,3.216,0.8425183459681176,0.8100960680666265,1.608,1.0679466468649113,2.678306043785769,1.1666987895900047,2.412,3.216,0.9962180338316104,0.8136844834881873,0.804,1.056694146413459,1.608,0.8406777216629971,1.6768523833378133,0.8463902217639704,0.9931813407583763,0.94122722515793,0.940005898381436,0.9043517380239592,1.0200860533021654
4,31,3.216,1.608,2.4264863429816357,0.9640840618152178,0.8802654687383759,2.4606570297407773,1.0104466095521931,0.804,0.8970596623535314,0.9074513217410797,0.8998196491076211,2.412,0.9442538431996625,2.6244237382978683,0.804,2.747510664584712,0.8969062636922595,1.0104602836537455,1.608,0.804,1.0692377984680428,1.0006814510778939,1.1142837568652884,1.0657946431036178,1.0714306302423793,1.0686307853917532,1.1154763262275187,0.804,0.9264742477660874,0.975050049151941,1.0229705477740194,0.8537327704668577,1.608,0.9927554366861551,1.7837359004263798,0.8908904839458277,0.8807705504675459,1.608,0.9091477662976593,0.9165474560825564,0.866515954206096,0.8582448316269177,1.1203508188004905,1.0590949387021276,0.804,1.027340259116614,0.9150116968571863,1.118330357216602,0.9845883769995261,1.8019180332272962,1.8721320262639725,0.9256161043316614,1.0104359313010125,1.0178399047162583,1.0621443242615474,3.216,0.8366406199194618,1.7237112353369617,0.8261751655974039,0.973480030233519,0.804,0.8833336788244683,3.3440641364976598,1.126435480192917,0.9480983320665026,1.0605828081329718,1.0106535250039994,1.131268846056542,1.608,0.9350227558104496,1.795580763302616,0.804,1.8795081841907826,0.9585658881236219,0.804,0.804,0.8638608538245841,1.7603241530027103,3.216,0.8425183459681176,0.8100960680666265,1.608,1.0679466468649113,2.678306043785769,1.1666987895900047,2.412,3.216,0.9962180338316104,0.8136844834881873,0.804,1.056694146413459,1.608,0.8406777216629971,1.6768523833378133,0.8463902217639704,0.9931813407583763,0.94122722515793,0.940005898381436,0.9043517380239592,1.0200860533021654
4,32,3.216,1.608,2.4264863429816357,0.9640840618152178,0.8802654687383759,2.4606570297407773,1.0104466095521931,0.804,0.8970596623535314,0.9074513217410797,0.8998196491076211,2.412,0.9442538431996625,2.6244237382978683,0.804,2.747510664584712,0.8969062636922595,1.0104602836537455,1.608,0.804,1.0692377984680428,1.0006814510778939,1.1142837568652884,1.0657946431036178,1.0714306302423793,1.0686307853917532,1.1154763262275187,0.804,0.9264742477660874,0.975050049151941,1.0229705477740194,0.8537327704668577,1.608,0.9927554366861551,1.7837359004263798,0.8908904839458277,0.8807705504675459,1.608,0.9091477662976593,0.9165474560825564,0.866515954206096,0.8582448316269177,1.1203508188004905,1.0590949387021276,0.804,1.027340259116614,0.9150116968571863,1.118330357216602,0.9845883769995261,1.8019180332272962,1.8721320262639725,0.9256161043316614,1.0104359313010125,1.0178399047162583,1.0621443242615474,3.216,0.8366406199194618,1.7237112353369617,0.8261751655974039,0.973480030233519,0.804,0.8833336788244683,3.3440641364976598,1.126435480192917,0.9480983320665026,1.0605828081329718,1.0106535250039994,1.131268846056542,1.608,0.9350227558104496,1.795580763302616,0.804,1.8795081841907826,0.9585658881236219,0.804,0.804,0.8638608538245841,1.7603241530027103,3.216,0.8425183459681176,0.8100960680666265,1.608,1.0679466468649113,2.678306043785769,1.1666987895900047,2.412,3.216,0.9962180338316104,0.8136844834881873,0.804,1.056694146413459,1.608,0.8406777216629971,1.6768523833378133,0.8463902217639704,0.9931813407583763,0.94122722515793,0.940005898381436,0.9043517380239592,1.0200860533021654
4,33,3.216,1.608,2.4264863429816357,0.9640840618152178,0.8802654687383759,2.4606570297407773,1.0104466095521931,0.804,0.8970596623535314,0.9074513217410797,0.8998196491076211,2.412,0.9442538431996625,2.6244237382978683,0.804,2.747510664584712,0.8969062636922595,1.0104602836537455,1.608,0.804,1.0692377984680428,1.0006814510778939,1.1142837568652884,1.0657946431036178,1.0714306302423793,1.0686307853917532,1.1154763262275187,0.804,0.9264742477660874,0.975050049151941,1.0229705477740194,0.8537327704668577,1.608,0.9927554366861551,1.7837359004263798,0.8908904839458277,0.8807705504675459,1.608,0.9091477662976593,0.9165474560825564,0.866515954206096,0.8582448316269177,1.1203508188004905,1.0590949387021276,0.804,1.027340259116614,0.9150116968571863,1.118330357216602,0.9845883769995261,1.8019180332272962,1.8721320262639725,0.9256161043316614,1.0104359313010125,1.0178399047162583,1.0621443242615474,3.216,0.8366406199194618,1.7237112353369617,0.8261751655974039,0.973480030233519,0.804,0.8833336788244683,3.3440641364976598,1.126435480192917,0.9480983320665026,1.0605828081329718,1.0106535250039994,1.131268846056542,1.608,0.9350227558104496,1.795580763302616,0.804,1.8795081841907826,0.9585658881236219,0.804,0.804,0.8638608538245841,1.7603241530027103,3.216,0.8425183459681176,0.8100960680666265,1.608,1.0679466468649113,2.678306043785769,1.1666987895900047,2.412,3.216,0.9962180338316104,0.8136844834881873,0.804,1.056694146413459,1.608,0.8406777216629971,1.6768523833378133,0.8463902217639704,0.9931813407583763,0.94122722515793,0.940005898381436,0.9043517380239592,1.0200860533021654
4,34,3.216,1.608,2.4264863429816357,0.9640840618152178,0.8802654687383759,2.4606570297407773,1.0104466095521931,0.804,0.8970596623535314,0.9074513217410797,0.8998196491076211,2.412,0.9442538431996625,2.6244237382978683,0.804,2.747510664584712,0.8969062636922595,1.0104602836537455,1.608,0.804,1.0692377984680428,1.0006814510778939,1.1142837568652884,1.0657946431036178,1.0714306302423793,1.0686307853917532,1.1154763262275187,0.804,0.9264742477660874,0.975050049151941,1.0229705477740194,0.8537327704668577,1.608,0.9927554366861551,1.7837359004263798,0.8908904839458277,0.8807705504675459,1.608,0.9091477662976593,0.9165474560825564,0.866515954206096,0.8582448316269177,1.1203508188004905,1.0590949387021276,0.804,1.027340259116614,0.9150116968571863,1.118330357216602,0.9845883769995261,1.8019180332272962,1.8721320262639725,0.9256161043316614,1.0104359313010125,1.0178399047162583,1.0621443242615474,3.216,0.8366406199194618,1.7237112353369617,0.8261751655974039,0.973480030233519,0.804,0.8833336788244683,3.3440641364976598,1.126435480192917,0.9480983320665026,1.0605828081329718,1.0106535250039994,1.131268846056542,1.608,0.9350227558104496,1.795580763302616,0.804,1.8795081841907826,0.9585658881236219,0.804,0.804,0.8638608538245841,1.7603241530027103,3.216,0.8425183459681176,0.8100960680666265,1.608,1.0679466468649113,2.678306043785769,1.1666987895900047,2.412,3.216,0.9962180338316104,0.8136844834881873,0.804,1.056694146413459,1.608,0.8406777216629971,1.6768523833378133,0.8463902217639704,0.9931813407583763,0.94122722515793,0.940005898381436,0.9043517380239592,1.0200860533021654
4,35,3.216,1.608,2.4264863429816357,0.9640840618152178,0.8802654687383759,2.4606570297407773,1.0104466095521931,0.804,0.8970596623535314,0.9074513217410797,0.8998196491076211,2.412,0.9442538431996625,2.6244237382978683,0.804,2.747510664584712,0.8969062636922595,1.0104602836537455,1.608,0.804,1.0692377984680428,1.0006814510778939,1.1142837568652884,1.0657946431036178,1.0714306302423793,1.0686307853917532,1.1154763262275187,0.804,0.9264742477660874,0.975050049151941,1.0229705477740194,0.8537327704668577,1.608,0.9927554366861551,1.7837359004263798,0.8908904839458277,0.8807705504675459,1.608,0.9091477662976593,0.9165474560825564,0.866515954206096,0.8582448316269177,1.1203508188004905,1.0590949387021276,0.804,1.027340259116614,0.9150116968571863,1.118330357216602,0.9845883769995261,1.8019180332272962,1.8721320262639725,0.9256161043316614,1.0104359313010125,1.0178399047162583,1.0621443242615474,3.216,0.8366406199194618,1.7237112353369617,0.8261751655974039,0.973480030233519,0.804,0.8833336788244683,3.3440641364976598,1.126435480192917,0.9480983320665026,1.0605828081329718,1.0106535250039994,1.131268846056542,1.608,0.9350227558104496,1.795580763302616,0.804,1.8795081841907826,0.9585658881236219,0.804,0.804,0.8638608538245841,1.7603241530027103,3.216,0.8425183459681176,0.8100960680666265,1.608,1.0679466468649113,2.678306043785769,1.1666987895900047,2.412,3.216,0.9962180338316104,0.8136844834881873,0.804,1.056694146413459,1.608,0.8406777216629971,1.6768523833378133,0.8463902217639704,0.9931813407583763,0.94122722515793,0.940005898381436,0.9043517380239592,1.0200860533021654
4,36,3.216,1.608,2.4264863429816357,0.9640840618152178,0.8802654687383759,2.4606570297407773,1.0104466095521931,0.804,0.8970596623535314,0.9074513217410797,0.8998196491076211,2.412,0.9442538431996625,2.6244237382978683,0.804,2.747510664584712,0.8969062636922595,1.0104602836537455,1.608,0.804,1.0692377984680428,1.0006814510778939,1.1142837568652884,1.0657946431036178,1.0714306302423793,1.0686307853917532,1.1154763262275187,0.804,0.9264742477660874,0.975050049151941,1.0229705477740194,0.8537327704668577,1.608,0.9927554366861551,1.7837359004263798,0.8908904839458277,0.8807705504675459,1.608,0.9091477662976593,0.9165474560825564,0.866515954206096,0.8582448316269177,1.1203508188004905,1.0590949387021276,0.804,1.027340259116614,0.9150116968571863,1.118330357216602,0.9845883769995261,1.8019180332272962,1.8721320262639725,0.9256161043316614,1.0104359313010125,1.0178399047162583,1.0621443242615474,3.216,0.8366406199194618,1.7237112353369617,0.8261751655974039,0.973480030233519,0.804,0.8833336788244683,3.3440641364976598,1.126435480192917,0.9480983320665026,1.0605828081329718,1.0106535250039994,1.131268846056542,1.608,0.9350227558104496,1.795580763302616,0.804,1.8795081841907826,0.9585658881236219,0.804,0.804,0.8638608538245841,1.7603241530027103,3.216,0.8425183459681176,0.8100960680666265,1.608,1.0679466468649113,2.678306043785769,1.1666987895900047,2.412,3.216,0.9962180338316104,0.8136844834881873,0.804,1.056694146413459,1.608,0.8406777216629971,1.6768523833378133,0.8463902217639704,0.9931813407583763,0.94122722515793,0.940005898381436,0.9043517380239592,1.0200860533021654
4,37,3.216,1.608,2.4264863429816357,0.9640840618152178,0.8802654687383759,2.4606570297407773,1.0104466095521931,0.804,0.8970596623535314,0.9074513217410797,0.8998196491076211,2.412,0.9442538431996625,2.6244237382978683,0.804,2.747510664584712,0.8969062636922595,1.0104602836537455,1.608,0.804,1.0692377984680428,1.0006814510778939,1.1142837568652884,1.0657946431036178,1.0714306302423793,1.0686307853917532,1.1154763262275187,0.804,0.9264742477660874,0.975050049151941,1.0229705477740194,0.8537327704668577,1.608,0.9927554366861551,1.7837359004263798,0.8908904839458277,0.8807705504675459,1.608,0.9091477662976593,0.9165474560825564,0.866515954206096,0.8582448316269177,1.1203508188004905,1.0590949387021276,0.804,1.027340259116614,0.9150116968571863,1.118330357216602,0.9845883769995261,1.8019180332272962,1.8721320262639725,0.9256161043316614,1.0104359313010125,1.0178399047162583,1.0621443242615474,3.216,0.8366406199194618,1.7237112353369617,0.8261751655974039,0.973480030233519,0.804,0.8833336788244683,3.3440641364976598,1.126435480192917,0.9480983320665026,1.0605828081329718,1.0106535250039994,1.131268846056542,1.608,0.9350227558104496,1.795580763302616,0.804,1.8795081841907826,0.9585658881236219,0.804,0.804,0.8638608538245841,1.7603241530027103,3.216,0.8425183459681176,0.8100960680666265,1.608,1.0679466468649113,2.678306043785769,1.1666987895900047,2.412,3.216,0.9962180338316104,0.8136844834881873,0.804,1.056694146413459,1.608,0.8406777216629971,1.6768523833378133,0.8463902217639704,0.9931813407583763,0.94122722515793,0.940005898381436,0.9043517380239592,1.0200860533021654
4,38,3.216,1.608,2.4264863429816357,0.9640840618152178,0.8802654687383759,2.4606570297407773,1.0104466095521931,0.804,0.8970596623535314,0.9074513217410797,0.8998196491076211,2.412,0.9442538431996625,2.6244237382978683,0.804,2.747510664584712,0.8969062636922595,1.0104602836537455,1.608,0.804,1.0692377984680428,1.0006814510778939,1.1142837568652884,1.0657946431036178,1.0714306302423793,1.0686307853917532,1.1154763262275187,0.804,0.9264742477660874,0.975050049151941,1.0229705477740194,0.8537327704668577,1.608,0.9927554366861551,1.7837359004263798,0.8908904839458277,0.8807705504675459,1.608,0.9091477662976593,0.9165474560825564,0.866515954206096,0.8582448316269177,1.1203508188004905,1.0590949387021276,0.804,1.027340259116614,0.9150116968571863,1.118330357216602,0.9845883769995261,1.8019180332272962,1.8721320262639725,0.9256161043316614,1.0104359313010125,1.0178399047162583,1.0621443242615474,3.216,0.8366406199194618,1.7237112353369617,0.8261751655974039,0.973480030233519,0.804,0.8833336788244683,3.3440641364976598,1.126435480192917,0.9480983320665026,1.0605828081329718,1.0106535250039994,1.131268846056542,1.608,0.9350227558104496,1.795580763302616,0.804,1.8795081841907826,0.9585658881236219,0.804,0.804,0.8638608538245841,1.7603241530027103,3.216,0.8425183459681176,0.8100960680666265,1.608,1.0679466468649113,2.678306043785769,1.1666987895900047,2.412,3.216,0.9962180338316104,0.8136844834881873,0.804,1.056694146413459,1.608,0.8406777216629971,1.6768523833378133,0.8463902217639704,0.9931813407583763,0.94122722515793,0.940005898381436,0.9043517380239592,1.0200860533021654
4,39,3.216,1.608,2.4264863429816357,0.9640840618152178,0.8802654687383759,2.4606570297407773,1.0104466095521931,0.804,0.8970596623535314,0.9074513217410797,0.8998196491076211,2.412,0.9442538431996625,2.6244237382978683,0.804,2.747510664584712,0.8969062636922595,1.0104602836537455,1.608,0.804,1.0692377984680428,1.0006814510778939,1.1142837568652884,1.0657946431036178,1.0714306302423793,1.0686307853917532,1.1154763262275187,0.804,0.9264742477660874,0.975050049151941,1.0229705477740194,0.8537327704668577,1.608,0.9927554366861551,1.7837359004263798,0.8908904839458277,0.8807705504675459,1.608,0.9091477662976593,0.9165474560825564,0.866515954206096,0.8582448316269177,1.1203508188004905,1.0590949387021276,0.804,1.027340259116614,0.9150116968571863,1.118330357216602,0.9845883769995261,1.8019180332272962,1.8721320262639725,0.9256161043316614,1.0104359313010125,1.0178399047162583,1.0621443242615474,3.216,0.8366406199194618,1.7237112353369617,0.8261751655974039,0.973480030233519,0.804,0.8833336788244683,3.3440641364976598,1.126435480192917,0.9480983320665026,1.0605828081329718,1.0106535250039994,1.131268846056542,1.608,0.9350227558104496,1.795580763302616,0.804,1.8795081841907826,0.9585658881236219,0.804,0.804,0.8638608538245841,1.7603241530027103,3.216,0.8425183459681176,0.8100960680666265,1.608,1.0679466468649113,2.678306043785769,1.1666987895900047,2.412,3.216,0.9962180338316104,0.8136844834881873,0.804,1.056694146413459,1.608,0.8406777216629971,1.6768523833378133,0.8463902217639704,0.9931813407583763,0.94122722515793,0.940005898381436,0.9043517380239592,1.0200860533021654
5,0,0.8416162967306895,1.118330357216602,2.5542566486221707,0.9555729396614707,0.804,0.9192051715707454,0.804,0.8286232493666451,1.8619669065800775,0.8994673430509568,1.0692377984680428,1.608,0.9786582471355956,1.7794838545200538,0.8807705504675459,1.0125888817703417,1.0104466095521931,1.0614929023871973,0.9264742477660874,0.804,0.9140831750333696,1.0445385388745592,1.0006814510778939,0.8537327704668577,1.0623811940713692,0.804,1.113531397374683,1.8778548234952614,1.034484215058521,0.9165474560825564,1.6372901310753187,1.608,0.8970596623535314,1.027340259116614,1.1196338590694188,1.7837359004263798,1.1477580591959926,0.975050049151941,0.804,1.0590949387021276,1.608,0.9927554366861551,0.957931938889747,0.804,0.804,2.7389953044980233,0.9845883769995261,1.699330719579005,0.8582448316269177,1.0310684975286788,0.8995928508434907,1.0082249690728209,0.8390731465549519,0.88541892127614,0.9925200824194502,1.0605377496850477,0.8920604446927146,0.8169007482115946,1.0910506999422185,1.078521460235756,0.804,0.9388977964571275,0.8783326289488387,0.9183449427362442,0.9925641224500471,1.6119630634049318,0.8603793635906494,0.8252702562124067,1.735018357759539,1.0687471418620975,0.9437251629340991,0.9551948640041747,1.0173266315807923,0.9477437725118962,0.971095074034112,1.0445668206150631,0.9399721507330161,1.049483002980154,1.8991801731255245,0.9764563839933837,2.5161182839346026,3.216,0.8593304604763636,0.9726858538894987,1.7590483896838451,0.804,2.571012778419595,0.8220249275221703,2.0141932811283443,0.8633268417719498,0.8374320416488007,1.8326650667808702,1.0587183654847583,1.7244004659216525,1.973454099798822,0.9079353827991405,3.3059263688460323,1.608,1.752357042929701,1.068840806336821
5,1,0.8416162967306895,1.118330357216602,2.5542566486221707,0.9555729396614707,0.804,0.9192051715707454,0.804,1.6513312513586182,1.8619669065800775,1.7572649523772443,2.4169388485924452,3.216,0.9095690150497492,1.7794838545200538,1.8010720377173843,1.7988689610932078,1.1289110799728477,1.847633245740993,0.9264742477660874,0.804,2.016304512213368,1.0445385388745592,1.0006814510778939,2.5035837071702014,1.0136930970707725,0.804,1.113531397374683,1.8778548234952614,1.034484215058521,0.9165474560825564,1.6372901310753187,1.608,0.8970596623535314,1.027340259116614,1.7108091186956407,1.7837359004263798,1.1477580591959926,1.6385398565694622,0.804,1.0590949387021276,2.412,0.9927554366861551,0.957931938889747,0.804,0.804,1.6603177968588043,0.8912075155374813,1.699330719579005,0.8582448316269177,1.0310684975286788,0.8995928508434907,1.0082249690728209,0.8390731465549519,0.9312799576458759,1.1195768264479848,0.9911553755992166,1.133277897941561,1.6801584058661976,1.9084284692178701,3.216,0.9288548766884669,1.0324391019035704,0.9544835076711624,0.9183449427362442,0.9925641224500471,1.6119630634049318,0.8603793635906494,0.972537287528985,0.9612168768111063,0.8287965613017364,0.8606065456430698,0.9551948640041747,1.0173266315807923,1.1995333693808863,0.971095074034112,1.0445668206150631,0.9399721507330161,1.992902307106713,0.9204715138123675,0.9730648983285229,1.0472718029269368,1.0751018531734178,0.804,1.148279740588935,2.412,0.9976705768720443,2.5271710152113878,0.8371154247987069,2.0141932811283443,0.804,0.804,3.216,1.003518625164316,0.8869636130425022,1.992005539376954,1.1812158124670558,1.7488790056145573,0.9882229213058354,1.9606382397153466,0.9740748129746624
5,2,0.8416162967306895,1.118330357216602,2.5542566486221707,0.9555729396614707,0.804,0.9192051715707454,0.804,1.6513312513586182,1.8619669065800775,2.412,2.4169388485924452,1.608,0.9095690150497492,3.216,0.840572914847973,0.8433057339054014,1.0851024272176415,1.847633245740993,0.9264742477660874,0.804,2.016304512213368,1.0445385388745592,1.0006814510778939,1.846937267633543,1.0136930970707725,0.804,1.113531397374683,1.8778548234952614,1.034484215058521,0.9165474560825564,1.6372901310753187,0.804,0.804,1.027340259116614,1.7108091186956407,1.7837359004263798,1.1477580591959926,1.6385398565694622,0.804,1.0590949387021276,2.412,0.9927554366861551,0.957931938889747,0.804,0.804,1.6603177968588043,0.8912075155374813,1.699330719579005,0.8582448316269177,1.0310684975286788,0.8995928508434907,1.0082249690728209,0.8390731465549519,0.9312799576458759,1.1195768264479848,0.888666678487592,0.9917058547729218,1.608,1.0222537987556728,3.216,0.9288548766884669,1.0324391019035704,2.615586281528995,0.9183449427362442,0.9925641224500471,1.6372668148503977,3.216,0.972537287528985,0.9612168768111063,0.8287965613017364,0.8606065456430698,0.9551948640041747,1.0173266315807923,1.1995333693808863,0.971095074034112,1.0445668206150631,0.9399721507330161,1.992902307106713,1.6557614780448335,0.9269777754222639,1.0366749355218545,1.2,1.608,1.04192524090216,1.608,0.9976705768720443,2.5271710152113878,0.8371154247987069,2.0141932811283443,0.862195342677148,0.804,3.216,0.9494631230264832,0.8869636130425022,1.992005539376954,0.9693182904779983,1.9084559272091788,0.9882229213058354,1.7944213807735307,0.9958445200894251
5,3,0.8416162967306895,1.118330357216602,0.9956777501769077,0.9555729396614707,0.804,0.9192051715707454,0.804,1.6513312513586182,1.8619669065800775,2.412,2.4169388485924452,1.608,0.9095690150497492,3.216,1.6423879339296743,1.9414392929983584,1.049637421064561,3.216,0.9940414827349497,0.804,2.016304512213368,1.0445385388745592,1.0006814510778939,1.846937267633543,1.0136930970707725,0.804,1.113531397374683,1.8778548234952614,1.034484215058521,0.9165474560825564,1.6372901310753187,0.804,0.804,1.027340259116614,1.7108091186956407,1.7837359004263798,1.1477580591959926,1.6385398565694622,0.804,1.0590949387021276,2.412,0.9927554366861551,0.957931938889747,0.804,0.804,1.6603177968588043,0.8912075155374813,2.412,0.8582448316269177,1.0310684975286788,0.8995928508434907,0.8946994054747214,0.868727481363717,0.9312799576458759,1.1195768264479848,0.888666678487592,0.9917058547729218,1.608,2.072744293997539,3.216,0.9288548766884669,1.0324391019035704,2.615586281528995,0.9183449427362442,0.9925641224500471,1.6372668148503977,3.216,0.972537287528985,0.9612168768111063,0.8287965613017364,0.8606065456430698,0.9551948640041747,1.0173266315807923,1.1995333693808863,0.9200902851681978,0.8606852536835922,0.9736978781520108,1.992902307106713,0.8177100355233804,0.837253995693984,0.8352388734387262,1.2,1.608,1.04192524090216,1.608,0.9976705768720443,2.5271710152113878,0.9840941658402782,1.608,0.8177314187692692,0.804,3.216,0.9494631230264832,0.8869636130425022,1.1408537415372684,1.0449435539920293,1.9084559272091788,1.8409272098652698,1.8333648341396747,0.8836288452067989
5,4,0.8416162967306895,1.118330357216602,0.9956777501769077,0.9555729396614707,0.804,0.9192051715707454,0.804,1.6513312513586182,1.8619669065800775,2.412,2.4169388485924452,1.608,0.9095690150497492,3.216,1.6423879339296743,0.89880085678353,1.0150019837488347,3.216,0.9940414827349497,1.7294205778671152,2.016304512213368,1.0445385388745592,1.0006814510778939,1.846937267633543,1.0136930970707725,0.804,1.113531397374683,0.804,1.034484215058521,0.9165474560825564,1.6372901310753187,0.804,0.804,1.027340259116614,1.7108091186956407,1.7837359004263798,1.1477580591959926,1.6385398565694622,0.804,1.0590949387021276,2.412,0.9927554366861551,0.957931938889747,0.804,0.804,1.6603177968588043,0.8912075155374813,2.412,0.8582448316269177,1.0310684975286788,1.9014038309657564,0.8946994054747214,0.868727481363717,0.9312799576458759,1.1195768264479848,0.888666678487592,0.9917058547729218,1.608,1.067608295637201,3.216,0.804,1.0324391019035704,2.615586281528995,0.9016229529227808,1.0951274952291412,1.6372668148503977,3.216,0.972537287528985,0.9612168768111063,0.8287965613017364,0.8606065456430698,0.9551948640041747,1.0173266315807923,1.1995333693808863,0.9200902851681978,0.8559776436865718,0.9736978781520108,1.992902307106713,0.8177100355233804,0.8808882220744081,0.9139380246809627,1.2,1.608,1.04192524090216,1.608,0.804,2.5271710152113878,0.9850105814519352,1.608,0.8177314187692692,0.804,3.216,0.9494631230264832,1.0358644812423865,1.1122277755994536,0.9877194280519619,1.7887388358142746,0.9743437064547178,1.715677189894274,1.0051254410723354
5,5,0.8416162967306895,1.118330357216602,0.9956777501769077,0.9555729396614707,0.804,0.9192051715707454,0.804,1.6513312513586182,1.8619669065800775,2.412,2.4169388485924452,1.608,0.9095690150497492,3.216,1.6423879339296743,0.89880085678353,1.0150019837488347,3.216,0.9940414827349497,1.7294205778671152,2.016304512213368,1.0445385388745592,1.0006814510778939,1.846937267633543,1.0136930970707725,0.804,1.113531397374683,0.804,1.034484215058521,0.9165474560825564,1.6372901310753187,0.804,0.804,1.027340259116614,1.7108091186956407,1.7837359004263798,1.1477580591959926,1.6385398565694622,0.804,1.0590949387021276,2.412,0.9927554366861551,0.957931938889747,0.804,0.804,1.6603177968588043,0.8912075155374813,1.641731790480419,0.90826123731095,1.0310684975286788,1.9014038309657564,0.8946994054747214,0.868727481363717,2.436735252376934,1.1195768264479848,0.888666678487592,0.9917058547729218,1.608,1.067608295637201,3.216,0.804,1.0324391019035704,2.615586281528995,0.9016229529227808,1.0951274952291412,1.6372668148503977,3.216,0.972537287528985,0.9612168768111063,0.8287965613017364,0.8606065456430698,0.9551948640041747,1.0173266315807923,1.1995333693808863,0.804,0.8559776436865718,0.9736978781520108,1.608,0.8177100355233804,0.8808882220744081,0.9139380246809627,1.2,1.608,1.04192524090216,1.608,0.804,2.5271710152113878,0.9558684417810739,1.608,0.804,0.804,3.216,0.9494631230264832,0.9061925860483416,1.0628059290339622,1.0005942721746683,1.7887388358142746,0.8507810097654279,1.633719092287771,1.014975440425278
5,6,0.8416162967306895,1.118330357216602,0.9956777501769077,0.9555729396614707,0.804,0.9192051715707454,0.804,1.6513312513586182,1.8619669065800775,2.412,2.4169388485924452,1.608,0.9095690150497492,3.216,1.6423879339296743,0.89880085678353,1.0150019837488347,3.216,0.9940414827349497,1.7294205778671152,2.016304512213368,1.0445385388745592,1.0006814510778939,1.846937267633543,1.0136930970707725,0.804,1.113531397374683,0.804,1.034484215058521,0.9165474560825564,1.6372901310753187,0.804,0.804,1.027340259116614,1.7108091186956407,1.7837359004263798,1.1477580591959926,1.6385398565694622,0.804,1.0590949387021276,2.412,0.9927554366861551,0.957931938889747,0.804,0.804,1.6603177968588043,0.8912075155374813,1.641731790480419,0.90826123731095,1.0310684975286788,1.9014038309657564,0.8946994054747214,0.868727481363717,2.436735252376934,1.1195768264479848,0.888666678487592,1.9807532641456742,1.608,1.067608295637201,3.216,0.804,1.0324391019035704,2.615586281528995,0.9016229529227808,1.0951274952291412,1.6372668148503977,3.216,0.972537287528985,0.9612168768111063,0.8287965613017364,0.8606065456430698,0.9551948640041747,1.0173266315807923,1.1995333693808863,0.804,0.8559776436865718,0.9736978781520108,1.6291567239945914,0.804,0.8808882220744081,0.9139380246809627,1.2,1.608,1.04192524090216,1.608,0.804,2.5271710152113878,0.9558684417810739,1.608,0.804,0.804,3.216,0.9494631230264832,0.9061925860483416,1.0628059290339622,0.9509538035060515,1.825048292630982,0.8118539524139673,1.608,1.0655122283752987
5,7,0.8416162967306895,1.118330357216602,0.9956777501769077,0.9555729396614707,0.804,0.9192051715707454,0.804,1.6513312513586182,1.8619669065800775,2.412,2.4169388485924452,1.608,0.9095690150497492,3.216,1.6423879339296743,0.89880085678353,1.0150019837488347,3.216,0.9940414827349497,1.7294205778671152,2.016304512213368,1.0445385388745592,1.0006814510778939,1.846937267633543,1.0136930970707725,0.804,1.113531397374683,0.804,1.034484215058521,0.9165474560825564,1.6372901310753187,0.804,0.804,1.027340259116614,1.7108091186956407,1.7837359004263798,1.1477580591959926,1.6385398565694622,0.804,1.0590949387021276,2.412,0.9927554366861551,0.957931938889747,0.804,0.804,1.6603177968588043,0.8912075155374813,1.641731790480419,0.90826123731095,1.0310684975286788,1.9014038309657564,0.8946994054747214,0.868727481363717,2.436735252376934,1.1195768264479848,0.888666678487592,1.9807532641456742,1.608,1.067608295637201,3.216,0.804,1.0324391019035704,2.615586281528995,0.9016229529227808,1.0951274952291412,1.6372668148503977,3.216,0.972537287528985,0.9612168768111063,0.8287965613017364,0.8606065456430698,0.9551948640041747,1.0173266315807923,1.1995333693808863,0.804,0.8559776436865718,0.9736978781520108,1.6291567239945914,0.804,0.8808882220744081,0.9139380246809627,1.2,1.608,1.04192524090216,1.608,0.804,2.5271710152113878,0.9558684417810739,1.608,0.804,0.804,3.216,0.9494631230264832,0.9061925860483416,1.0628059290339622,0.9509538035060515,1.825048292630982,0.8118539524139673,1.608,1.0655122283752987
5,8,0.8416162967306895,1.118330357216602,0.9956777501769077,0.9555729396614707,0.804,0.9192051715707454,0.804,1.6513312513586182,1.8619669065800775,2.412,2.4169388485924452,1.608,0.9095690150497492,3.216,1.6423879339296743,0.89880085678353,1.0150019837488347,3.216,0.9940414827349497,1.7294205778671152,2.016304512213368,1.0445385388745592,1.0006814510778939,1.846937267633543,1.0136930970707725,0.804,1.113531397374683,0.804,1.034484215058521,0.9165474560825564,1.6372901310753187,0.804,0.804,1.027340259116614,1.7108091186956407,1.7837359004263798,1.1477580591959926,1.6385398565694622,0.804,1.0590949387021276,2.412,0.9927554366861551,0.957931938889747,0.804,0.804,1.6603177968588043,0.8912075155374813,1.641731790480419,0.90826123731095,1.0310684975286788,1.9014038309657564,0.8946994054747214,0.868727481363717,2.436735252376934,1.1195768264479848,0.888666678487592,1.9807532641456742,1.608,1.067608295637201,3.216,0.804,1.0324391019035704,2.615586281528995,0.9016229529227808,1.0951274952291412,1.6372668148503977,3.216,0.972537287528985,0.9612168768111063,0.8287965613017364,0.8606065456430698,0.9551948640041747,1.0173266315807923,1.1995333693808863,0.804,0.8559776436865718,0.9736978781520108,1.6291567239945914,0.804,0.8808882220744081,0.9139380246809627,1.2,1.608,1.04192524090216,1.608,0.804,2.5271710152113878,0.9558684417810739,1.608,0.804,0.804,3.216,0.9494631230264832,0.9061925860483416,1.0628059290339622,0.9509538035060515,1.825048292630982,0.8118539524139673,1.608,1.0655122283752987
5,9,0.8416162967306895,1.118330357216602,0.9956777501769077,0.9555729396614707,0.804,0.9192051715707454,0.804,1.6513312513586182,1.8619669065800775,2.412,2.4169388485924452,1.608,0.9095690150497492,3.216,1.6423879339296743,0.89880085678353,1.0150019837488347,3.216,0.9940414827349497,1.7294205778671152,2.016304512213368,1.0445385388745592,1.0006814510778939,1.846937267633543,1.0136930970707725,0.804,1.113531397374683,0.804,1.034484215058521,0.9165474560825564,1.6372901310753187,0.804,0.804,1.027340259116614,1.7108091186956407,1.7837359004263798,1.1477580591959926,1.6385398565694622,0.804,1.0590949387021276,2.412,0.9927554366861551,0.957931938889747,0.804,0.804,1.6603177968588043,0.8912075155374813,1.641731790480419,0.90826123731095,1.0310684975286788,1.9014038309657564,0.8946994054747214,0.868727481363717,2.436735252376934,1.1195768264479848,0.888666678487592,1.9807532641456742,1.608,1.067608295637201,3.216,0.804,1.0324391019035704,2.615586281528995,0.9016229529227808,1.0951274952291412,1.6372668148503977,3.216,0.972537287528985,0.9612168768111063,0.8287965613017364,0.8606065456430698,0.9551948640041747,1.0173266315807923,1.1995333693808863,0.804,0.8559776436865718,0.9736978781520108,1.6291567239945914,0.804,0.8808882220744081,0.9139380246809627,1.2,1.608,1.04192524090216,1.608,0.804,2.5271710152113878,0.9558684417810739,1.608,0.804,0.804,3.216,0.9494631230264832,0.9061925860483416,1.0628059290339622,0.9509538035060515,1.825048292630982,0.8118539524139673,1.608,1.0655122283752987
5,10,0.8416162967306895,1.118330357216602,0.9956777501769077,0.9555729396614707,0.804,0.9192051715707454,0.804,1.6513312513586182,1.8619669065800775,2.412,2.4169388485924452,1.608,0.9095690150497492,3.216,1.6423879339296743,0.89880085678353,1.0150019837488347,3.216,0.9940414827349497,1.7294205778671152,2.016304512213368,1.0445385388745592,1.0006814510778939,1.846937267633543,1.0136930970707725,0.804,1.113531397374683,0.804,1.034484215058521,0.9165474560825564,1.6372901310753187,0.804,0.804,1.027340259116614,1.7108091186956407,1.7837359004263798,1.1477580591959926,1.6385398565694622,0.804,1.0590949387021276,2.412,0.9927554366861551,0.957931938889747,0.804,0.804,1.6603177968588043,0.8912075155374813,1.641731790480419,0.90826123731095,1.0310684975286788,1.9014038309657564,0.8946994054747214,0.868727481363717,2.436735252376934,1.1195768264479848,0.888666678487592,1.9807532641456742,1.608,1.067608295637201,3.216,0.804,1.0324391019035704,2.615586281528995,0.9016229529227808,1.0951274952291412,1.6372668148503977,3.216,0.972537287528985,0.9612168768111063,0.8287965613017364,0.8606065456430698,0.9551948640041747,1.0173266315807923,1.1995333693808863,0.804,0.8559776436865718,0.9736978781520108,1.6291567239945914,0.804,0.8808882220744081,0.9139380246809627,1.2,1.608,1.04192524090216,1.608,0.804,2.5271710152113878,0.9558684417810739,1.608,0.804,0.804,3.216,0.9494631230264832,0.9061925860483416,1.0628059290339622,0.9509538035060515,1.825048292630982,0.8118539524139673,1.608,1.0655122283752987
5,11,0.8416162967306895,1.118330357216602,0.9956777501769077,0.9555729396614707,0.804,0.9192051715707454,0.804,1.6513312513586182,1.8619669065800775,2.412,2.4169388485924452,1.608,0.9095690150497492,3.216,1.6423879339296743,0.89880085678353,1.0150019837488347,3.216,0.9940414827349497,1.7294205778671152,2.016304512213368,1.0445385388745592,1.0006814510778939,1.846937267633543,1.0136930970707725,0.804,1.113531397374683,0.804,1.034484215058521,0.9165474560825564,1.6372901310753187,0.804,0.804,1.027340259116614,1.7108091186956407,1.7837359004263798,1.1477580591959926,1.6385398565694622,0.804,1.0590949387021276,2.412,0.9927554366861551,0.957931938889747,0.804,0.804,1.6603177968588043,0.8912075155374813,1.641731790480419,0.90826123731095,1.0310684975286788,1.9014038309657564,0.8946994054747214,0.868727481363717,2.436735252376934,1.1195768264479848,0.888666678487592,1.9807532641456742,1.608,1.067608295637201,3.216,0.804,1.0324391019035704,2.615586281528995,0.9016229529227808,1.0951274952291412,1.6372668148503977,3.216,0.972537287528985,0.9612168768111063,0.8287965613017364,0.8606065456430698,0.9551948640041747,1.0173266315807923,1.1995333693808863,0.804,0.8559776436865718,0.9736978781520108,1.6291567239945914,0.804,0.8808882220744081,0.9139380246809627,1.2,1.608,1.04192524090216,1.608,0.804,2.5271710152113878,0.9558684417810739,1.608,0.804,0.804,3.216,0.9494631230264832,0.9061925860483416,1.0628059290339622,0.9509538035060515,1.825048292630982,0.8118539524139673,1.608,1.0655122283752987
5,12,0.8416162967306895,1.118330357216602,0.9956777501769077,0.9555729396614707,0.804,0.9192051715707454,0.804,1.6513312513586182,1.8619669065800775,2.412,2.4169388485924452,1.608,0.9095690150497492,3.216,1.6423879339296743,0.89880085678353,1.0150019837488347,3.216,0.9940414827349497,1.7294205778671152,2.016304512213368,1.0445385388745592,1.0006814510778939,1.846937267633543,1.0136930970707725,0.804,1.113531397374683,0.804,1.034484215058521,0.9165474560825564,1.6372901310753187,0.804,0.804,1.027340259116614,1.7108091186956407,1.7837359004263798,1.1477580591959926,1.6385398565694622,0.804,1.0590949387021276,2.412,0.9927554366861551,0.957931938889747,0.804,0.804,1.6603177968588043,0.8912075155374813,1.641731790480419,0.90826123731095,1.0310684975286788,1.9014038309657564,0.8946994054747214,0.868727481363717,2.436735252376934,1.1195768264479848,0.888666678487592,1.9807532641456742,1.608,1.067608295637201,3.216,0.804,1.0324391019035704,2.615586281528995,0.9016229529227808,1.0951274952291412,1.6372668148503977,3.216,0.972537287528985,0.9612168768111063,0.8287965613017364,0.8606065456430698,0.9551948640041747,1.0173266315807923,1.1995333693808863,0.804,0.8559776436865718,0.9736978781520108,1.6291567239945914,0.804,0.8808882220744081,0.9139380246809627,1.2,1.608,1.04192524090216,1.608,0.804,2.5271710152113878,0.9558684417810739,1.608,0.804,0.804,3.216,0.9494631230264832,0.9061925860483416,1.0628059290339622,0.9509538035060515,1.825048292630982,0.8118539524139673,1.608,1.0655122283752987
5,13,0.8416162967306895,1.118330357216602,0.9956777501769077,0.9555729396614707,0.804,0.9192051715707454,0.804,1.6513312513586182,1.8619669065800775,2.412,2.4169388485924452,1.608,0.9095690150497492,3.216,1.6423879339296743,0.89880085678353,1.0150019837488347,3.216,0.9940414827349497,1.7294205778671152,2.016304512213368,1.0445385388745592,1.0006814510778939,1.846937267633543,1.0136930970707725,0.804,1.113531397374683,0.804,1.034484215058521,0.9165474560825564,1.6372901310753187,0.804,0.804,1.027340259116614,1.7108091186956407,1.7837359004263798,1.1477580591959926,1.6385398565694622,0.804,1.0590949387021276,2.412,0.9927554366861551,0.957931938889747,0.804,0.804,1.6603177968588043,0.8912075155374813,1.641731790480419,0.90826123731095,1.0310684975286788,1.9014038309657564,0.8946994054747214,0.868727481363717,2.436735252376934,1.1195768264479848,0.888666678487592,1.9807532641456742,1.608,1.067608295637201,3.216,0.804,1.0324391019035704,2.615586281528995,0.9016229529227808,1.0951274952291412,1.6372668148503977,3.216,0.972537287528985,0.9612168768111063,0.8287965613017364,0.8606065456430698,0.9551948640041747,1.0173266315807923,1.1995333693808863,0.804,0.8559776436865718,0.9736978781520108,1.6291567239945914,0.804,0.8808882220744081,0.9139380246809627,1.2,1.608,1.04192524090216,1.608,0.804,2.5271710152113878,0.9558684417810739,1.608,0.804,0.804,3.216,0.9494631230264832,0.9061925860483416,1.0628059290339622,0.9509538035060515,1.825048292630982,0.8118539524139673,1.608,1.0655122283752987
5,14,0.8416162967306895,1.118330357216602,0.9956777501769077,0.9555729396614707,0.804,0.9192051715707454,0.804,1.6513312513586182,1.8619669065800775,2.412,2.4169388485924452,1.608,0.9095690150497492,3.216,1.6423879339296743,0.89880085678353,1.0150019837488347,3.216,0.9940414827349497,1.7294205778671152,2.016304512213368,1.0445385388745592,1.0006814510778939,1.846937267633543,1.0136930970707725,0.804,1.113531397374683,0.804,1.034484215058521,0.9165474560825564,1.6372901310753187,0.804,0.804,1.027340259116614,1.7108091186956407,1.7837359004263798,1.1477580591959926,1.6385398565694622,0.804,1.0590949387021276,2.412,0.9927554366861551,0.957931938889747,0.804,0.804,1.6603177968588043,0.8912075155374813,1.641731790480419,0.90826123731095,1.0310684975286788,1.9014038309657564,0.8946994054747214,0.868727481363717,2.436735252376934,1.1195768264479848,0.888666678487592,1.9807532641456742,1.608,1.067608295637201,3.216,0.804,1.0324391019035704,2.615586281528995,0.9016229529227808,1.0951274952291412,1.6372668148503977,3.216,0.972537287528985,0.9612168768111063,0.8287965613017364,0.8606065456430698,0.9551948640041747,1.0173266315807923,1.1995333693808863,0.804,0.8559776436865718,0.9736978781520108,1.6291567239945914,0.804,0.8808882220744081,0.9139380246809627,1.2,1.608,1.04192524090216,1.608,0.804,2.5271710152113878,0.9558684417810739,1.608,0.804,0.804,3.216,0.9494631230264832,0.9061925860483416,1.0628059290339622,0.9509538035060515,1.825048292630982,0.8118539524139673,1.608,1.0655122283752987
5,15,0.8416162967306895,1.118330357216602,0.9956777501769077,0.9555729396614707,0.804,0.9192051715707454,0.804,1.6513312513586182,1.8619669065800775,2.412,2.4169388485924452,1.608,0.9095690150497492,3.216,1.6423879339296743,0.89880085678353,1.0150019837488347,3.216,0.9940414827349497,1.7294205778671152,2.016304512213368,1.0445385388745592,1.0006814510778939,1.846937267633543,1.0136930970707725,0.804,1.113531397374683,0.804,1.034484215058521,0.9165474560825564,1.6372901310753187,0.804,0.804,1.027340259116614,1.7108091186956407,1.7837359004263798,1.1477580591959926,1.6385398565694622,0.804,1.0590949387021276,2.412,0.9927554366861551,0.957931938889747,0.804,0.804,1.6603177968588043,0.8912075155374813,1.641731790480419,0.90826123731095,1.0310684975286788,1.9014038309657564,0.8946994054747214,0.868727481363717,2.436735252376934,1.1195768264479848,0.888666678487592,1.9807532641456742,1.608,1.067608295637201,3.216,0.804,1.0324391019035704,2.615586281528995,0.9016229529227808,1.0951274952291412,1.6372668148503977,3.216,0.972537287528985,0.9612168768111063,0.8287965613017364,0.8606065456430698,0.9551948640041747,1.0173266315807923,1.1995333693808863,0.804,0.8559776436865718,0.9736978781520108,1.6291567239945914,0.804,0.8808882220744081,0.9139380246809627,1.2,1.608,1.04192524090216,1.608,0.804,2.5271710152113878,0.9558684417810739,1.608,0.804,0.804,3.216,0.9494631230264832,0.9061925860483416,1.0628059290339622,0.9509538035060515,1.825048292630982,0.8118539524139673,1.608,1.0655122283752987
5,16,0.8416162967306895,1.118330357216602,0.9956777501769077,0.9555729396614707,0.804,0.9192051715707454,0.804,1.6513312513586182,1.8619669065800775,2.412,2.4169388485924452,1.608,0.9095690150497492,3.216,1.6423879339296743,0.89880085678353,1.0150019837488347,3.216,0.9940414827349497,1.7294205778671152,2.016304512213368,1.0445385388745592,1.0006814510778939,1.846937267633543,1.0136930970707725,0.804,1.113531397374683,0.804,1.034484215058521,0.9165474560825564,1.6372901310753187,0.804,0.804,1.027340259116614,1.7108091186956407,1.7837359004263798,1.1477580591959926,1.6385398565694622,0.804,1.0590949387021276,2.412,0.9927554366861551,0.957931938889747,0.804,0.804,1.6603177968588043,0.8912075155374813,1.641731790480419,0.90826123731095,1.0310684975286788,1.9014038309657564,0.8946994054747214,0.868727481363717,2.436735252376934,1.1195768264479848,0.888666678487592,1.9807532641456742,1.608,1.067608295637201,3.216,0.804,1.0324391019035704,2.615586281528995,0.9016229529227808,1.0951274952291412,1.6372668148503977,3.216,0.972537287528985,0.9612168768111063,0.8287965613017364,0.8606065456430698,0.9551948640041747,1.0173266315807923,1.1995333693808863,0.804,0.8559776436865718,0.9736978781520108,1.6291567239945914,0.804,0.8808882220744081,0.9139380246809627,1.2,1.608,1.04192524090216,1.608,0.804,2.5271710152113878,0.9558684417810739,1.608,0.804,0.804,3.216,0.9494631230264832,0.9061925860483416,1.0628059290339622,0.9509538035060515,1.825048292630982,0.8118539524139673,1.608,1.0655122283752987
5,17,0.8416162967306895,1.118330357216602,0.9956777501769077,0.9555729396614707,0.804,0.9192051715707454,0.804,1.6513312513586182,1.8619669065800775,2.412,2.4169388485924452,1.608,0.9095690150497492,3.216,1.6423879339296743,0.89880085678353,1.0150019837488347,3.216,0.9940414827349497,1.7294205778671152,2.016304512213368,1.0445385388745592,1.0006814510778939,1.846937267633543,1.0136930970707725,0.804,1.113531397374683,0.804,1.034484215058521,0.9165474560825564,1.6372901310753187,0.804,0.804,1.027340259116614,1.7108091186956407,1.7837359004263798,1.1477580591959926,1.6385398565694622,0.804,1.0590949387021276,2.412,0.9927554366861551,0.957931938889747,0.804,0.804,1.6603177968588043,0.8912075155374813,1.641731790480419,0.90826123731095,1.0310684975286788,1.9014038309657564,0.8946994054747214,0.868727481363717,2.436735252376934,1.1195768264479848,0.888666678487592,1.9807532641456742,1.608,1.067608295637201,3.216,0.804,1.0324391019035704,2.615586281528995,0.9016229529227808,1.0951274952291412,1.6372668148503977,3.216,0.972537287528985,0.9612168768111063,0.8287965613017364,0.8606065456430698,0.9551948640041747,1.0173266315807923,1.1995333693808863,0.804,0.8559776436865718,0.9736978781520108,1.6291567239945914,0.804,0.8808882220744081,0.9139380246809627,1.2,1.608,1.04192524090216,1.608,0.804,2.5271710152113878,0.9558684417810739,1.608,0.804,0.804,3.216,0.9494631230264832,0.9061925860483416,1.0628059290339622,0.9509538035060515,1.825048292630982,0.8118539524139673,1.608,1.0655122283752987
5,18,0.8416162967306895,1.118330357216602,0.9956777501769077,0.9555729396614707,0.804,0.9192051715707454,0.804,1.6513312513586182,1.8619669065800775,2.412,2.4169388485924452,1.608,0.9095690150497492,3.216,1.6423879339296743,0.89880085678353,1.0150019837488347,3.216,0.9940414827349497,1.7294205778671152,2.016304512213368,1.0445385388745592,1.0006814510778939,1.846937267633543,1.0136930970707725,0.804,1.113531397374683,0.804,1.034484215058521,0.9165474560825564,1.6372901310753187,0.804,0.804,1.027340259116614,1.7108091186956407,1.7837359004263798,1.1477580591959926,1.6385398565694622,0.804,1.0590949387021276,2.412,0.9927554366861551,0.957931938889747,0.804,0.804,1.6603177968588043,0.8912075155374813,1.641731790480419,0.90826123731095,1.0310684975286788,1.9014038309657564,0.8946994054747214,0.868727481363717,2.436735252376934,1.1195768264479848,0.888666678487592,1.9807532641456742,1.608,1.067608295637201,3.216,0.804,1.0324391019035704,2.615586281528995,0.9016229529227808,1.0951274952291412,1.6372668148503977,3.216,0.972537287528985,0.9612168768111063,0.8287965613017364,0.8606065456430698,0.9551948640041747,1.0173266315807923,1.1995333693808863,0.804,0.8559776436865718,0.9736978781520108,1.6291567239945914,0.804,0.8808882220744081,0.9139380246809627,1.2,1.608,1.04192524090216,1.608,0.804,2.5271710152113878,0.9558684417810739,1.608,0.804,0.804,3.216,0.9494631230264832,0.9061925860483416,1.0628059290339622,0.9509538035060515,1.825048292630982,0.8118539524139673,1.608,1.0655122283752987
5,19,0.8416162967306895,1.118330357216602,0.9956777501769077,0.9555729396614707,0.804,0.9192051715707454,0.804,1.6513312513586182,1.8619669065800775,2.412,2.4169388485924452,1.608,0.9095690150497492,3.216,1.6423879339296743,0.89880085678353,1.0150019837488347,3.216,0.9940414827349497,1.7294205778671152,2.016304512213368,1.0445385388745592,1.0006814510778939,1.846937267633543,1.0136930970707725,0.804,1.113531397374683,0.804,1.034484215058521,0.9165474560825564,1.6372901310753187,0.804,0.804,1.027340259116614,1.7108091186956407,1.7837359004263798,1.1477580591959926,1.6385398565694622,0.804,1.0590949387021276,2.412,0.9927554366861551,0.957931938889747,0.804,0.804,1.6603177968588043,0.8912075155374813,1.641731790480419,0.90826123731095,1.0310684975286788,1.9014038309657564,0.8946994054747214,0.868727481363717,2.436735252376934,1.1195768264479848,0.888666678487592,1.9807532641456742,1.608,1.067608295637201,3.216,0.804,1.0324391019035704,2.615586281528995,0.9016229529227808,1.0951274952291412,1.6372668148503977,3.216,0.972537287528985,0.9612168768111063,0.8287965613017364,0.8606065456430698,0.9551948640041747,1.0173266315807923,1.1995333693808863,0.804,0.8559776436865718,0.9736978781520108,1.6291567239945914,0.804,0.8808882220744081,0.9139380246809627,1.2,1.608,1.04192524090216,1.608,0.804,2.5271710152113878,0.9558684417810739,1.608,0.804,0.804,3.216,0.9494631230264832,0.9061925860483416,1.0628059290339622,0.9509538035060515,1.825048292630982,0.8118539524139673,1.608,1.0655122283752987
5,20,0.8416162967306895,1.118330357216602,0.9956777501769077,0.9555729396614707,0.804,0.9192051715707454,0.804,1.6513312513586182,1.8619669065800775,2.412,2.4169388485924452,1.608,0.9095690150497492,3.216,1.6423879339296743,0.89880085678353,1.0150019837488347,3.216,0.9940414827349497,1.7294205778671152,2.016304512213368,1.0445385388745592,1.0006814510778939,1.846937267633543,1.0136930970707725,0.804,1.113531397374683,0.804,1.034484215058521,0.9165474560825564,1.6372901310753187,0.804,0.804,1.027340259116614,1.7108091186956407,1.7837359004263798,1.1477580591959926,1.6385398565694622,0.804,1.0590949387021276,2.412,0.9927554366861551,0.957931938889747,0.804,0.804,1.6603177968588043,0.8912075155374813,1.641731790480419,0.90826123731095,1.0310684975286788,1.9014038309657564,0.8946994054747214,0.868727481363717,2.436735252376934,1.1195768264479848,0.888666678487592,1.9807532641456742,1.608,1.067608295637201,3.216,0.804,1.0324391019035704,2.615586281528995,0.9016229529227808,1.0951274952291412,1.6372668148503977,3.216,0.972537287528985,0.9612168768111063,0.8287965613017364,0.8606065456430698,0.9551948640041747,1.0173266315807923,1.1995333693808863,0.804,0.8559776436865718,0.9736978781520108,1.6291567239945914,0.804,0.8808882220744081,0.9139380246809627,1.2,1.608,1.04192524090216,1.608,0.804,2.5271710152113878,0.9558684417810739,1.608,0.804,0.804,3.216,0.9494631230264832,0.9061925860483416,1.0628059290339622,0.9509538035060515,1.825048292630982,0.8118539524139673,1.608,1.0655122283752987
5,21,0.8416162967306895,1.118330357216602,0.9956777501769077,0.9555729396614707,0.804,0.9192051715707454,0.804,1.6513312513586182,1.8619669065800775,2.412,2.4169388485924452,1.608,0.9095690150497492,3.216,1.6423879339296743,0.89880085678353,1.0150019837488347,3.216,0.9940414827349497,1.7294205778671152,2.016304512213368,1.0445385388745592,1.0006814510778939,1.846937267633543,1.0136930970707725,0.804,1.113531397374683,0.804,1.034484215058521,0.9165474560825564,1.6372901310753187,0.804,0.804,1.027340259116614,1.7108091186956407,1.7837359004263798,1.1477580591959926,1.6385398565694622,0.804,1.0590949387021276,2.412,0.9927554366861551,0.957931938889747,0.804,0.804,1.6603177968588043,0.8912075155374813,1.641731790480419,0.90826123731095,1.0310684975286788,1.9014038309657564,0.8946994054747214,0.868727481363717,2.436735252376934,1.1195768264479848,0.888666678487592,1.9807532641456742,1.608,1.067608295637201,3.216,0.804,1.0324391019035704,2.615586281528995,0.9016229529227808,1.0951274952291412,1.6372668148503977,3.216,0.972537287528985,0.9612168768111063,0.8287965613017364,0.8606065456430698,0.9551948640041747,1.0173266315807923,1.1995333693808863,0.804,0.8559776436865718,0.9736978781520108,1.6291567239945914,0.804,0.8808882220744081,0.9139380246809627,1.2,1.608,1.04192524090216,1.608,0.804,2.5271710152113878,0.9558684417810739,1.608,0.804,0.804,3.216,0.9494631230264832,0.9061925860483416,1.0628059290339622,0.9509538035060515,1.825048292630982,0.8118539524139673,1.608,1.0655122283752987
5,22,0.8416162967306895,1.118330357216602,0.9956777501769077,0.9555729396614707,0.804,0.9192051715707454,0.804,1.6513312513586182,1.8619669065800775,2.412,2.4169388485924452,1.608,0.9095690150497492,3.216,1.6423879339296743,0.89880085678353,1.0150019837488347,3.216,0.9940414827349497,1.7294205778671152,2.016304512213368,1.0445385388745592,1.0006814510778939,1.846937267633543,1.0136930970707725,0.804,1.113531397374683,0.804,1.034484215058521,0.9165474560825564,1.6372901310753187,0.804,0.804,1.027340259116614,1.7108091186956407,1.7837359004263798,1.1477580591959926,1.6385398565694622,0.804,1.0590949387021276,2.412,0.9927554366861551,0.957931938889747,0.804,0.804,1.6603177968588043,0.8912075155374813,1.641731790480419,0.90826123731095,1.0310684975286788,1.9014038309657564,0.8946994054747214,0.868727481363717,2.436735252376934,1.1195768264479848,0.888666678487592,1.9807532641456742,1.608,1.067608295637201,3.216,0.804,1.0324391019035704,2.615586281528995,0.9016229529227808,1.0951274952291412,1.6372668148503977,3.216,0.972537287528985,0.9612168768111063,0.8287965613017364,0.8606065456430698,0.9551948640041747,1.0173266315807923,1.1995333693808863,0.804,0.8559776436865718,0.9736978781520108,1.6291567239945914,0.804,0.8808882220744081,0.9139380246809627,1.2,1.608,1.04192524090216,1.608,0.804,2.5271710152113878,0.9558684417810739,1.608,0.804,0.804,3.216,0.9494631230264832,0.9061925860483416,1.0628059290339622,0.9509538035060515,1.825048292630982,0.8118539524139673,1.608,1.0655122283752987
5,23,0.8416162967306895,1.118330357216602,0.9956777501769077,0.9555729396614707,0.804,0.9192051715707454,0.804,1.6513312513586182,1.8619669065800775,2.412,2.4169388485924452,1.608,0.9095690150497492,3.216,1.6423879339296743,0.89880085678353,1.0150019837488347,3.216,0.9940414827349497,1.7294205778671152,2.016304512213368,1.0445385388745592,1.0006814510778939,1.846937267633543,1.0136930970707725,0.804,1.113531397374683,0.804,1.034484215058521,0.9165474560825564,1.6372901310753187,0.804,0.804,1.027340259116614,1.7108091186956407,1.7837359004263798,1.1477580591959926,1.6385398565694622,0.804,1.0590949387021276,2.412,0.9927554366861551,0.957931938889747,0.804,0.804,1.6603177968588043,0.8912075155374813,1.641731790480419,0.90826123731095,1.0310684975286788,1.9014038309657564,0.8946994054747214,0.868727481363717,2.436735252376934,1.1195768264479848,0.888666678487592,1.9807532641456742,1.608,1.067608295637201,3.216,0.804,1.0324391019035704,2.615586281528995,0.9016229529227808,1.0951274952291412,1.6372668148503977,3.216,0.972537287528985,0.9612168768111063,0.8287965613017364,0.8606065456430698,0.9551948640041747,1.0173266315807923,1.1995333693808863,0.804,0.8559776436865718,0.9736978781520108,1.6291567239945914,0.804,0.8808882220744081,0.9139380246809627,1.2,1.608,1.04192524090216,1.608,0.804,2.5271710152113878,0.9558684417810739,1.608,0.804,0.804,3.216,0.9494631230264832,0.9061925860483416,1.0628059290339622,0.9509538035060515,1.825048292630982,0.8118539524139673,1.608,1.0655122283752987
5,24,0.8416162967306895,1.118330357216602,0.9956777501769077,0.9555729396614707,0.804,0.9192051715707454,0.804,1.6513312513586182,1.8619669065800775,2.412,2.4169388485924452,1.608,0.9095690150497492,3.216,1.6423879339296743,0.89880085678353,1.0150019837488347,3.216,0.9940414827349497,1.7294205778671152,2.016304512213368,1.0445385388745592,1.0006814510778939,1.846937267633543,1.0136930970707725,0.804,1.113531397374683,0.804,1.034484215058521,0.9165474560825564,1.6372901310753187,0.804,0.804,1.027340259116614,1.7108091186956407,1.7837359004263798,1.1477580591959926,1.6385398565694622,0.804,1.0590949387021276,2.412,0.9927554366861551,0.957931938889747,0.804,0.804,1.6603177968588043,0.8912075155374813,1.641731790480419,0.90826123731095,1.0310684975286788,1.9014038309657564,0.8946994054747214,0.868727481363717,2.436735252376934,1.1195768264479848,0.888666678487592,1.9807532641456742,1.608,1.067608295637201,3.216,0.804,1.0324391019035704,2.615586281528995,0.9016229529227808,1.0951274952291412,1.6372668148503977,3.216,0.972537287528985,0.9612168768111063,0.8287965613017364,0.8606065456430698,0.9551948640041747,1.0173266315807923,1.1995333693808863,0.804,0.8559776436865718,0.9736978781520108,1.6291567239945914,0.804,0.8808882220744081,0.9139380246809627,1.2,1.608,1.04192524090216,1.608,0.804,2.5271710152113878,0.9558684417810739,1.608,0.804,0.804,3.216,0.9494631230264832,0.9061925860483416,1.0628059290339622,0.9509538035060515,1.825048292630982,0.8118539524139673,1.608,1.0655122283752987
5,25,0.8416162967306895,1.118330357216602,0.9956777501769077,0.9555729396614707,0.804,0.9192051715707454,0.804,1.6513312513586182,1.8619669065800775,2.412,2.4169388485924452,1.608,0.9095690150497492,3.216,1.6423879339296743,0.89880085678353,1.0150019837488347,3.216,0.9940414827349497,1.7294205778671152,2.016304512213368,1.0445385388745592,1.0006814510778939,1.846937267633543,1.0136930970707725,0.804,1.113531397374683,0.804,1.034484215058521,0.9165474560825564,1.6372901310753187,0.804,0.804,1.027340259116614,1.7108091186956407,1.7837359004263798,1.1477580591959926,1.6385398565694622,0.804,1.0590949387021276,2.412,0.9927554366861551,0.957931938889747,0.804,0.804,1.6603177968588043,0.8912075155374813,1.641731790480419,0.90826123731095,1.0310684975286788,1.9014038309657564,0.8946994054747214,0.868727481363717,2.436735252376934,1.1195768264479848,0.888666678487592,1.9807532641456742,1.608,1.067608295637201,3.216,0.804,1.0324391019035704,2.615586281528995,0.9016229529227808,1.0951274952291412,1.6372668148503977,3.216,0.972537287528985,0.9612168768111063,0.8287965613017364,0.8606065456430698,0.9551948640041747,1.0173266315807923,1.1995333693808863,0.804,0.8559776436865718,0.9736978781520108,1.6291567239945914,0.804,0.8808882220744081,0.9139380246809627,1.2,1.608,1.04192524090216,1.608,0.804,2.5271710152113878,0.9558684417810739,1.608,0.804,0.804,3.216,0.9494631230264832,0.9061925860483416,1.0628059290339622,0.9509538035060515,1.825048292630982,0.8118539524139673,1.608,1.0655122283752987
5,26,0.8416162967306895,1.118330357216602,0.9956777501769077,0.9555729396614707,0.804,0.9192051715707454,0.804,1.6513312513586182,1.8619669065800775,2.412,2.4169388485924452,1.608,0.9095690150497492,3.216,1.6423879339296743,0.89880085678353,1.0150019837488347,3.216,0.9940414827349497,1.7294205778671152,2.016304512213368,1.0445385388745592,1.0006814510778939,1.846937267633543,1.0136930970707725,0.804,1.113531397374683,0.804,1.034484215058521,0.9165474560825564,1.6372901310753187,0.804,0.804,1.027340259116614,1.7108091186956407,1.7837359004263798,1.1477580591959926,1.6385398565694622,0.804,1.0590949387021276,2.412,0.9927554366861551,0.957931938889747,0.804,0.804,1.6603177968588043,0.8912075155374813,1.641731790480419,0.90826123731095,1.0310684975286788,1.9014038309657564,0.8946994054747214,0.868727481363717,2.436735252376934,1.1195768264479848,0.888666678487592,1.9807532641456742,1.608,1.067608295637201,3.216,0.804,1.0324391019035704,2.615586281528995,0.9016229529227808,1.0951274952291412,1.6372668148503977,3.216,0.972537287528985,0.9612168768111063,0.8287965613017364,0.8606065456430698,0.9551948640041747,1.0173266315807923,1.1995333693808863,0.804,0.8559776436865718,0.9736978781520108,1.6291567239945914,0.804,0.8808882220744081,0.9139380246809627,1.2,1.608,1.04192524090216,1.608,0.804,2.5271710152113878,0.9558684417810739,1.608,0.804,0.804,3.216,0.9494631230264832,0.9061925860483416,1.0628059290339622,0.9509538035060515,1.825048292630982,0.8118539524139673,1.608,1.0655122283752987
5,27,0.8416162967306895,1.118330357216602,0.9956777501769077,0.9555729396614707,0.804,0.9192051715707454,0.804,1.6513312513586182,1.8619669065800775,2.412,2.4169388485924452,1.608,0.9095690150497492,3.216,1.6423879339296743,0.89880085678353,1.0150019837488347,3.216,0.9940414827349497,1.7294205778671152,2.016304512213368,1.0445385388745592,1.0006814510778939,1.846937267633543,1.0136930970707725,0.804,1.113531397374683,0.804,1.034484215058521,0.9165474560825564,1.6372901310753187,0.804,0.804,1.027340259116614,1.7108091186956407,1.7837359004263798,1.1477580591959926,1.6385398565694622,0.804,1.0590949387021276,2.412,0.9927554366861551,0.957931938889747,0.804,0.804,1.6603177968588043,0.8912075155374813,1.641731790480419,0.90826123731095,1.0310684975286788,1.9014038309657564,0.8946994054747214,0.868727481363717,2.436735252376934,1.1195768264479848,0.888666678487592,1.9807532641456742,1.608,1.067608295637201,3.216,0.804,1.0324391019035704,2.615586281528995,0.9016229529227808,1.0951274952291412,1.6372668148503977,3.216,0.972537287528985,0.9612168768111063,0.8287965613017364,0.8606065456430698,0.9551948640041747,1.0173266315807923,1.1995333693808863,0.804,0.8559776436865718,0.9736978781520108,1.6291567239945914,0.804,0.8808882220744081,0.9139380246809627,1.2,1.608,1.04192524090216,1.608,0.804,2.5271710152113878,0.9558684417810739,1.608,0.804,0.804,3.216,0.9494631230264832,0.9061925860483416,1.0628059290339622,0.9509538035060515,1.825048292630982,0.8118539524139673,1.608,1.0655122283752987
5,28,0.8416162967306895,1.118330357216602,0.9956777501769077,0.9555729396614707,0.804,0.9192051715707454,0.804,1.6513312513586182,1.8619669065800775,2.412,2.4169388485924452,1.608,0.9095690150497492,3.216,1.6423879339296743,0.89880085678353,1.0150019837488347,3.216,0.9940414827349497,1.7294205778671152,2.016304512213368,1.0445385388745592,1.0006814510778939,1.846937267633543,1.0136930970707725,0.804,1.113531397374683,0.804,1.034484215058521,0.9165474560825564,1.6372901310753187,0.804,0.804,1.027340259116614,1.7108091186956407,1.7837359004263798,1.1477580591959926,1.6385398565694622,0.804,1.0590949387021276,2.412,0.9927554366861551,0.957931938889747,0.804,0.804,1.6603177968588043,0.8912075155374813,1.641731790480419,0.90826123731095,1.0310684975286788,1.9014038309657564,0.8946994054747214,0.868727481363717,2.436735252376934,1.1195768264479848,0.888666678487592,1.9807532641456742,1.608,1.067608295637201,3.216,0.804,1.0324391019035704,2.615586281528995,0.9016229529227808,1.0951274952291412,1.6372668148503977,3.216,0.972537287528985,0.9612168768111063,0.8287965613017364,0.8606065456430698,0.9551948640041747,1.0173266315807923,1.1995333693808863,0.804,0.8559776436865718,0.9736978781520108,1.6291567239945914,0.804,0.8808882220744081,0.9139380246809627,1.2,1.608,1.04192524090216,1.608,0.804,2.5271710152113878,0.9558684417810739,1.608,0.804,0.804,3.216,0.9494631230264832,0.9061925860483416,1.0628059290339622,0.9509538035060515,1.825048292630982,0.8118539524139673,1.608,1.0655122283752987
5,29,0.8416162967306895,1.118330357216602,0.9956777501769077,0.9555729396614707,0.804,0.9192051715707454,0.804,1.6513312513586182,1.8619669065800775,2.412,2.4169388485924452,1.608,0.9095690150497492,3.216,1.6423879339296743,0.89880085678353,1.0150019837488347,3.216,0.9940414827349497,1.7294205778671152,2.016304512213368,1.0445385388745592,1.0006814510778939,1.846937267633543,1.0136930970707725,0.804,1.113531397374683,0.804,1.034484215058521,0.9165474560825564,1.6372901310753187,0.804,0.804,1.027340259116614,1.7108091186956407,1.7837359004263798,1.1477580591959926,1.6385398565694622,0.804,1.0590949387021276,2.412,0.9927554366861551,0.957931938889747,0.804,0.804,1.6603177968588043,0.8912075155374813,1.641731790480419,0.90826123731095,1.0310684975286788,1.9014038309657564,0.8946994054747214,0.868727481363717,2.436735252376934,1.1195768264479848,0.888666678487592,1.9807532641456742,1.608,1.067608295637201,3.216,0.804,1.0324391019035704,2.615586281528995,0.9016229529227808,1.0951274952291412,1.6372668148503977,3.216,0.972537287528985,0.9612168768111063,0.8287965613017364,0.8606065456430698,0.9551948640041747,1.0173266315807923,1.1995333693808863,0.804,0.8559776436865718,0.9736978781520108,1.6291567239945914,0.804,0.8808882220744081,0.9139380246809627,1.2,1.608,1.04192524090216,1.608,0.804,2.5271710152113878,0.9558684417810739,1.608,0.804,0.804,3.216,0.9494631230264832,0.9061925860483416,1.0628059290339622,0.9509538035060515,1.825048292630982,0.8118539524139673,1.608,1.0655122283752987
5,30,0.8416162967306895,1.118330357216602,0.9956777501769077,0.9555729396614707,0.804,0.9192051715707454,0.804,1.6513312513586182,1.8619669065800775,2.412,2.4169388485924452,1.608,0.9095690150497492,3.216,1.6423879339296743,0.89880085678353,1.0150019837488347,3.216,0.9940414827349497,1.7294205778671152,2.016304512213368,1.0445385388745592,1.0006814510778939,1.846937267633543,1.0136930970707725,0.804,1.113531397374683,0.804,1.034484215058521,0.9165474560825564,1.6372901310753187,0.804,0.804,1.027340259116614,1.7108091186956407,1.7837359004263798,1.1477580591959926,1.6385398565694622,0.804,1.0590949387021276,2.412,0.9927554366861551,0.957931938889747,0.804,0.804,1.6603177968588043,0.8912075155374813,1.641731790480419,0.90826123731095,1.0310684975286788,1.9014038309657564,0.8946994054747214,0.868727481363717,2.436735252376934,1.1195768264479848,0.888666678487592,1.9807532641456742,1.608,1.067608295637201,3.216,0.804,1.0324391019035704,2.615586281528995,0.9016229529227808,1.0951274952291412,1.6372668148503977,3.216,0.972537287528985,0.9612168768111063,0.8287965613017364,0.8606065456430698,0.9551948640041747,1.0173266315807923,1.1995333693808863,0.804,0.8559776436865718,0.9736978781520108,1.6291567239945914,0.804,0.8808882220744081,0.9139380246809627,1.2,1.608,1.04192524090216,1.608,0.804,2.5271710152113878,0.9558684417810739,1.608,0.804,0.804,3.216,0.9494631230264832,0.9061925860483416,1.0628059290339622,0.9509538035060515,1.825048292630982,0.8118539524139673,1.608,1.0655122283752987
5,31,0.8416162967306895,1.118330357216602,0.9956777501769077,0.9555729396614707,0.804,0.9192051715707454,0.804,1.6513312513586182,1.8619669065800775,2.412,2.4169388485924452,1.608,0.9095690150497492,3.216,1.6423879339296743,0.89880085678353,1.0150019837488347,3.216,0.9940414827349497,1.7294205778671152,2.016304512213368,1.0445385388745592,1.0006814510778939,1.846937267633543,1.0136930970707725,0.804,1.113531397374683,0.804,1.034484215058521,0.9165474560825564,1.6372901310753187,0.804,0.804,1.027340259116614,1.7108091186956407,1.7837359004263798,1.1477580591959926,1.6385398565694622,0.804,1.0590949387021276,2.412,0.9927554366861551,0.957931938889747,0.804,0.804,1.6603177968588043,0.8912075155374813,1.641731790480419,0.90826123731095,1.0310684975286788,1.9014038309657564,0.8946994054747214,0.868727481363717,2.436735252376934,1.1195768264479848,0.888666678487592,1.9807532641456742,1.608,1.067608295637201,3.216,0.804,1.0324391019035704,2.615586281528995,0.9016229529227808,1.0951274952291412,1.6372668148503977,3.216,0.972537287528985,0.9612168768111063,0.8287965613017364,0.8606065456430698,0.9551948640041747,1.0173266315807923,1.1995333693808863,0.804,0.8559776436865718,0.9736978781520108,1.6291567239945914,0.804,0.8808882220744081,0.9139380246809627,1.2,1.608,1.04192524090216,1.608,0.804,2.5271710152113878,0.9558684417810739,1.608,0.804,0.804,3.216,0.9494631230264832,0.9061925860483416,1.0628059290339622,0.9509538035060515,1.825048292630982,0.8118539524139673,1.608,1.0655122283752987
5,32,0.8416162967306895,1.118330357216602,0.9956777501769077,0.9555729396614707,0.804,0.9192051715707454,0.804,1.6513312513586182,1.8619669065800775,2.412,2.4169388485924452,1.608,0.9095690150497492,3.216,1.6423879339296743,0.89880085678353,1.0150019837488347,3.216,0.9940414827349497,1.7294205778671152,2.016304512213368,1.0445385388745592,1.0006814510778939,1.846937267633543,1.0136930970707725,0.804,1.113531397374683,0.804,1.034484215058521,0.9165474560825564,1.6372901310753187,0.804,0.804,1.027340259116614,1.7108091186956407,1.7837359004263798,1.1477580591959926,1.6385398565694622,0.804,1.0590949387021276,2.412,0.9927554366861551,0.957931938889747,0.804,0.804,1.6603177968588043,0.8912075155374813,1.641731790480419,0.90826123731095,1.0310684975286788,1.9014038309657564,0.8946994054747214,0.868727481363717,2.436735252376934,1.1195768264479848,0.888666678487592,1.9807532641456742,1.608,1.067608295637201,3.216,0.804,1.0324391019035704,2.615586281528995,0.9016229529227808,1.0951274952291412,1.6372668148503977,3.216,0.972537287528985,0.9612168768111063,0.8287965613017364,0.8606065456430698,0.9551948640041747,1.0173266315807923,1.1995333693808863,0.804,0.8559776436865718,0.9736978781520108,1.6291567239945914,0.804,0.8808882220744081,0.9139380246809627,1.2,1.608,1.04192524090216,1.608,0.804,2.5271710152113878,0.9558684417810739,1.608,0.804,0.804,3.216,0.9494631230264832,0.9061925860483416,1.0628059290339622,0.9509538035060515,1.825048292630982,0.8118539524139673,1.608,1.0655122283752987
5,33,0.8416162967306895,1.118330357216602,0.9956777501769077,0.9555729396614707,0.804,0.9192051715707454,0.804,1.6513312513586182,1.8619669065800775,2.412,2.4169388485924452,1.608,0.9095690150497492,3.216,1.6423879339296743,0.89880085678353,1.0150019837488347,3.216,0.9940414827349497,1.7294205778671152,2.016304512213368,1.0445385388745592,1.0006814510778939,1.846937267633543,1.0136930970707725,0.804,1.113531397374683,0.804,1.034484215058521,0.9165474560825564,1.6372901310753187,0.804,0.804,1.027340259116614,1.7108091186956407,1.7837359004263798,1.1477580591959926,1.6385398565694622,0.804,1.0590949387021276,2.412,0.9927554366861551,0.957931938889747,0.804,0.804,1.6603177968588043,0.8912075155374813,1.641731790480419,0.90826123731095,1.0310684975286788,1.9014038309657564,0.8946994054747214,0.868727481363717,2.436735252376934,1.1195768264479848,0.888666678487592,1.9807532641456742,1.608,1.067608295637201,3.216,0.804,1.0324391019035704,2.615586281528995,0.9016229529227808,1.0951274952291412,1.6372668148503977,3.216,0.972537287528985,0.9612168768111063,0.8287965613017364,0.8606065456430698,0.9551948640041747,1.0173266315807923,1.1995333693808863,0.804,0.8559776436865718,0.9736978781520108,1.6291567239945914,0.804,0.8808882220744081,0.9139380246809627,1.2,1.608,1.04192524090216,1.608,0.804,2.5271710152113878,0.9558684417810739,1.608,0.804,0.804,3.216,0.9494631230264832,0.9061925860483416,1.0628059290339622,0.9509538035060515,1.825048292630982,0.8118539524139673,1.608,1.0655122283752987
5,34,0.8416162967306895,1.118330357216602,0.9956777501769077,0.9555729396614707,0.804,0.9192051715707454,0.804,1.6513312513586182,1.8619669065800775,2.412,2.4169388485924452,1.608,0.9095690150497492,3.216,1.6423879339296743,0.89880085678353,1.0150019837488347,3.216,0.9940414827349497,1.7294205778671152,2.016304512213368,1.0445385388745592,1.0006814510778939,1.846937267633543,1.0136930970707725,0.804,1.113531397374683,0.804,1.034484215058521,0.9165474560825564,1.6372901310753187,0.804,0.804,1.027340259116614,1.7108091186956407,1.7837359004263798,1.1477580591959926,1.6385398565694622,0.804,1.0590949387021276,2.412,0.9927554366861551,0.957931938889747,0.804,0.804,1.6603177968588043,0.8912075155374813,1.641731790480419,0.90826123731095,1.0310684975286788,1.9014038309657564,0.8946994054747214,0.868727481363717,2.436735252376934,1.1195768264479848,0.888666678487592,1.9807532641456742,1.608,1.067608295637201,3.216,0.804,1.0324391019035704,2.615586281528995,0.9016229529227808,1.0951274952291412,1.6372668148503977,3.216,0.972537287528985,0.9612168768111063,0.8287965613017364,0.8606065456430698,0.9551948640041747,1.0173266315807923,1.1995333693808863,0.804,0.8559776436865718,0.9736978781520108,1.6291567239945914,0.804,0.8808882220744081,0.9139380246809627,1.2,1.608,1.04192524090216,1.608,0.804,2.5271710152113878,0.9558684417810739,1.608,0.804,0.804,3.216,0.9494631230264832,0.9061925860483416,1.0628059290339622,0.9509538035060515,1.825048292630982,0.8118539524139673,1.608,1.0655122283752987
5,35,0.8416162967306895,1.118330357216602,0.9956777501769077,0.9555729396614707,0.804,0.9192051715707454,0.804,1.6513312513586182,1.8619669065800775,2.412,2.4169388485924452,1.608,0.9095690150497492,3.216,1.6423879339296743,0.89880085678353,1.0150019837488347,3.216,0.9940414827349497,1.7294205778671152,2.016304512213368,1.0445385388745592,1.0006814510778939,1.846937267633543,1.0136930970707725,0.804,1.113531397374683,0.804,1.034484215058521,0.9165474560825564,1.6372901310753187,0.804,0.804,1.027340259116614,1.7108091186956407,1.7837359004263798,1.1477580591959926,1.6385398565694622,0.804,1.0590949387021276,2.412,0.9927554366861551,0.957931938889747,0.804,0.804,1.6603177968588043,0.8912075155374813,1.641731790480419,0.90826123731095,1.0310684975286788,1.9014038309657564,0.8946994054747214,0.868727481363717,2.436735252376934,1.1195768264479848,0.888666678487592,1.9807532641456742,1.608,1.067608295637201,3.216,0.804,1.0324391019035704,2.615586281528995,0.9016229529227808,1.0951274952291412,1.6372668148503977,3.216,0.972537287528985,0.9612168768111063,0.8287965613017364,0.8606065456430698,0.9551948640041747,1.0173266315807923,1.1995333693808863,0.804,0.8559776436865718,0.9736978781520108,1.6291567239945914,0.804,0.8808882220744081,0.9139380246809627,1.2,1.608,1.04192524090216,1.608,0.804,2.5271710152113878,0.9558684417810739,1.608,0.804,0.804,3.216,0.9494631230264832,0.9061925860483416,1.0628059290339622,0.9509538035060515,1.825048292630982,0.8118539524139673,1.608,1.0655122283752987
5,36,0.8416162967306895,1.118330357216602,0.9956777501769077,0.9555729396614707,0.804,0.9192051715707454,0.804,1.6513312513586182,1.8619669065800775,2.412,2.4169388485924452,1.608,0.9095690150497492,3.216,1.6423879339296743,0.89880085678353,1.0150019837488347,3.216,0.9940414827349497,1.7294205778671152,2.016304512213368,1.0445385388745592,1.0006814510778939,1.846937267633543,1.0136930970707725,0.804,1.113531397374683,0.804,1.034484215058521,0.9165474560825564,1.6372901310753187,0.804,0.804,1.027340259116614,1.7108091186956407,1.7837359004263798,1.1477580591959926,1.6385398565694622,0.804,1.0590949387021276,2.412,0.9927554366861551,0.957931938889747,0.804,0.804,1.6603177968588043,0.8912075155374813,1.641731790480419,0.90826123731095,1.0310684975286788,1.9014038309657564,0.8946994054747214,0.868727481363717,2.436735252376934,1.1195768264479848,0.888666678487592,1.9807532641456742,1.608,1.067608295637201,3.216,0.804,1.0324391019035704,2.615586281528995,0.9016229529227808,1.0951274952291412,1.6372668148503977,3.216,0.972537287528985,0.9612168768111063,0.8287965613017364,0.8606065456430698,0.9551948640041747,1.0173266315807923,1.1995333693808863,0.804,0.8559776436865718,0.9736978781520108,1.6291567239945914,0.804,0.8808882220744081,0.9139380246809627,1.2,1.608,1.04192524090216,1.608,0.804,2.5271710152113878,0.9558684417810739,1.608,0.804,0.804,3.216,0.9494631230264832,0.9061925860483416,1.0628059290339622,0.9509538035060515,1.825048292630982,0.8118539524139673,1.608,1.0655122283752987
5,37,0.8416162967306895,1.118330357216602,0.9956777501769077,0.9555729396614707,0.804,0.9192051715707454,0.804,1.6513312513586182,1.8619669065800775,2.412,2.4169388485924452,1.608,0.9095690150497492,3.216,1.6423879339296743,0.89880085678353,1.0150019837488347,3.216,0.9940414827349497,1.7294205778671152,2.016304512213368,1.0445385388745592,1.0006814510778939,1.846937267633543,1.0136930970707725,0.804,1.113531397374683,0.804,1.034484215058521,0.9165474560825564,1.6372901310753187,0.804,0.804,1.027340259116614,1.7108091186956407,1.7837359004263798,1.1477580591959926,1.6385398565694622,0.804,1.0590949387021276,2.412,0.9927554366861551,0.957931938889747,0.804,0.804,1.6603177968588043,0.8912075155374813,1.641731790480419,0.90826123731095,1.0310684975286788,1.9014038309657564,0.8946994054747214,0.868727481363717,2.436735252376934,1.1195768264479848,0.888666678487592,1.9807532641456742,1.608,1.067608295637201,3.216,0.804,1.0324391019035704,2.615586281528995,0.9016229529227808,1.0951274952291412,1.6372668148503977,3.216,0.972537287528985,0.9612168768111063,0.8287965613017364,0.8606065456430698,0.9551948640041747,1.0173266315807923,1.1995333693808863,0.804,0.8559776436865718,0.9736978781520108,1.6291567239945914,0.804,0.8808882220744081,0.9139380246809627,1.2,1.608,1.04192524090216,1.608,0.804,2.5271710152113878,0.9558684417810739,1.608,0.804,0.804,3.216,0.9494631230264832,0.9061925860483416,1.0628059290339622,0.9509538035060515,1.825048292630982,0.8118539524139673,1.608,1.0655122283752987
5,38,0.8416162967306895,1.118330357216602,0.9956777501769077,0.9555729396614707,0.804,0.9192051715707454,0.804,1.6513312513586182,1.8619669065800775,2.412,2.4169388485924452,1.608,0.9095690150497492,3.216,1.6423879339296743,0.89880085678353,1.0150019837488347,3.216,0.9940414827349497,1.7294205778671152,2.016304512213368,1.0445385388745592,1.0006814510778939,1.846937267633543,1.0136930970707725,0.804,1.113531397374683,0.804,1.034484215058521,0.9165474560825564,1.6372901310753187,0.804,0.804,1.027340259116614,1.7108091186956407,1.7837359004263798,1.1477580591959926,1.6385398565694622,0.804,1.0590949387021276,2.412,0.9927554366861551,0.957931938889747,0.804,0.804,1.6603177968588043,0.8912075155374813,1.641731790480419,0.90826123731095,1.0310684975286788,1.9014038309657564,0.8946994054747214,0.868727481363717,2.436735252376934,1.1195768264479848,0.888666678487592,1.9807532641456742,1.608,1.067608295637201,3.216,0.804,1.0324391019035704,2.615586281528995,0.9016229529227808,1.0951274952291412,1.6372668148503977,3.216,0.972537287528985,0.9612168768111063,0.8287965613017364,0.8606065456430698,0.9551948640041747,1.0173266315807923,1.1995333693808863,0.804,0.8559776436865718,0.9736978781520108,1.6291567239945914,0.804,0.8808882220744081,0.9139380246809627,1.2,1.608,1.04192524090216,1.608,0.804,2.5271710152113878,0.9558684417810739,1.608,0.804,0.804,3.216,0.9494631230264832,0.9061925860483416,1.0628059290339622,0.9509538035060515,1.825048292630982,0.8118539524139673,1.608,1.0655122283752987
5,39,0.8416162967306895,1.118330357216602,0.9956777501769077,0.9555729396614707,0.804,0.9192051715707454,0.804,1.6513312513586182,1.8619669065800775,2.412,2.4169388485924452,1.608,0.9095690150497492,3.216,1.6423879339296743,0.89880085678353,1.0150019837488347,3.216,0.9940414827349497,1.7294205778671152,2.016304512213368,1.0445385388745592,1.0006814510778939,1.846937267633543,1.0136930970707725,0.804,1.113531397374683,0.804,1.034484215058521,0.9165474560825564,1.6372901310753187,0.804,0.804,1.027340259116614,1.7108091186956407,1.7837359004263798,1.1477580591959926,1.6385398565694622,0.804,1.0590949387021276,2.412,0.9927554366861551,0.957931938889747,0.804,0.804,1.6603177968588043,0.8912075155374813,1.641731790480419,0.90826123731095,1.0310684975286788,1.9014038309657564,0.8946994054747214,0.868727481363717,2.436735252376934,1.1195768264479848,0.888666678487592,1.9807532641456742,1.608,1.067608295637201,3.216,0.804,1.0324391019035704,2.615586281528995,0.9016229529227808,1.0951274952291412,1.6372668148503977,3.216,0.972537287528985,0.9612168768111063,0.8287965613017364,0.8606065456430698,0.9551948640041747,1.0173266315807923,1.1995333693808863,0.804,0.8559776436865718,0.9736978781520108,1.6291567239945914,0.804,0.8808882220744081,0.9139380246809627,1.2,1.608,1.04192524090216,1.608,0.804,2.5271710152113878,0.9558684417810739,1.608,0.804,0.804,3.216,0.9494631230264832,0.9061925860483416,1.0628059290339622,0.9509538035060515,1.825048292630982,0.8118539524139673,1.608,1.0655122283752987
6,0,1.9388002980868855,1.9884214984342123,1.0657946431036178,0.953301218698336,0.9405292720090267,0.9091477662976593,1.0310684975286788,1.1203508188004905,2.0696979326434466,1.608,0.9140831750333696,0.804,0.9845883769995261,1.0229705477740194,0.804,2.5542566486221707,0.8807705504675459,0.9419274624894924,0.975050049151941,0.951202883994893,0.8582448316269177,0.9150116968571863,0.9936248061595865,0.804,0.9150538623276434,0.804,1.8619669065800775,1.113531397374683,0.9927554366861551,0.8537327704668577,0.866515954206096,0.8908904839458277,0.9165474560825564,0.8998915522514921,0.9370316702449323,0.9555729396614707,0.8802654687383759,1.608,1.608,0.957931938889747,1.0714306302423793,0.804,1.7794838545200538,0.9000721434947201,0.9397142637883541,0.804,1.0623715000641336,0.8286232493666451,1.7994669952251483,0.8970596623535314,1.0622932372358627,0.804,0.8606461018137741,0.9779442570601601,1.0689954672070703,0.9654205836271937,0.9846960192560515,0.9564799899465122,0.9534381741284889,1.7656636082609274,0.8978771766609216,0.9711690113241025,0.8375648794319774,0.9233648914767272,0.9502530344850093,1.6778195577303805,2.042786777850385,1.846486502237648,0.804,0.8780828725589863,2.8600046973910054,2.412,0.9347992012523539,1.1189397386431699,1.0162016033198866,0.9036591584762451,0.9668511340409194,0.804,0.9046073895074236,1.608,1.115955240589282,1.1286308680729156,0.9993324215671193,1.149936972725921,0.9025874909991275,1.804649307993122,1.022406149529748,1.9805355486233487,1.8431951407170715,1.0608079552075012,1.068821158412213,1.009715402549649,1.0700820176231438,1.0510114749960788,0.9438797644741586,1.0682669790654475,1.0159970134288294,0.9715299593539288,1.7440432050589778,3.216
6,1,1.9388002980868855,1.9884214984342123,1.0657946431036178,0.953301218698336,0.9405292720090267,0.9091477662976593,1.0310684975286788,0.9701122337734885,1.083231771198648,2.412,0.9140831750333696,0.804,0.9845883769995261,2.412,0.804,2.5542566486221707,1.6418678872708412,0.9419274624894924,0.975050049151941,0.951202883994893,0.8582448316269177,0.9150116968571863,0.9936248061595865,0.804,1.6967926605095855,0.804,1.8619669065800775,1.113531397374683,0.9927554366861551,2.412,2.412,0.9121342787337917,1.9477106732237304,0.8998915522514921,0.9370316702449323,0.9555729396614707,0.8802654687383759,1.608,1.608,0.957931938889747,1.0714306302423793,0.804,1.7794838545200538,0.9000721434947201,0.9397142637883541,0.804,1.0623715000641336,0.8286232493666451,1.7994669952251483,0.8970596623535314,1.0622932372358627,0.804,0.8606461018137741,1.997864572030335,0.8941443793424766,0.919153077274906,3.216,1.8632924468552359,1.7991697474084853,1.7656636082609274,1.0675670534834016,0.8819489044441104,3.216,1.6861294624470071,0.9993389225923117,4.02,1.0636441604290183,1.846486502237648,0.804,0.8780828725589863,2.8600046973910054,2.412,0.9347992012523539,1.1189397386431699,1.0162016033198866,0.9036591584762451,0.9668511340409194,1.0119426512779945,0.949506172738982,0.9407175802065582,3.216,1.03051904343731,0.804,1.817219860451952,0.9405767007369878,1.804649307993122,1.022406149529748,1.9805355486233487,1.8431951407170715,0.8892147182948141,1.0110288685796782,2.412,0.9245631820557425,1.0510114749960788,0.9438797644741586,0.9937115270358559,0.9415295052243612,0.9715299593539288,1.7690843465411517,1.0999214933151078
6,2,1.9388002980868855,1.9884214984342123,1.0657946431036178,0.953301218698336,0.9405292720090267,0.9091477662976593,1.0310684975286788,0.9701122337734885,1.083231771198648,2.412,0.9140831750333696,0.804,0.9845883769995261,1.652484642659815,0.9614061257701859,0.9405093649797849,1.6418678872708412,0.9419274624894924,0.975050049151941,0.951202883994893,0.8582448316269177,0.9150116968571863,0.9936248061595865,0.804,1.6967926605095855,0.804,1.8619669065800775,1.113531397374683,0.9927554366861551,2.412,2.412,0.9121342787337917,1.9477106732237304,0.8998915522514921,0.9370316702449323,0.9555729396614707,0.8802654687383759,1.608,1.608,0.957931938889747,1.0714306302423793,0.804,1.7794838545200538,0.9401352190681697,2.412,0.804,1.0623715000641336,0.8286232493666451,1.7994669952251483,0.9136119677718996,1.9297698913115706,0.804,0.8606461018137741,1.997864572030335,0.8941443793424766,0.919153077274906,3.216,0.8934366824016806,1.6655565376406956,1.7656636082609274,1.0675670534834016,0.8819489044441104,3.216,1.6861294624470071,0.9993389225923117,4.02,1.0636441604290183,1.846486502237648,0.804,0.851775676433458,1.608,1.6321444050730456,0.8941331849619578,1.1189397386431699,1.0162016033198866,0.8946649143181844,1.0123836613613306,1.0119426512779945,0.949506172738982,1.608,3.216,1.03051904343731,0.804,1.817219860451952,0.9405767007369878,1.1625560422331596,0.9065285165500893,0.9778669521329741,1.608,0.8892147182948141,1.2,2.412,0.9245631820557425,2.412,0.9466046155890823,0.9870391582854889,0.9415295052243612,0.804,1.8047879905987219,1.125205720832312
6,3,1.9388002980868855,1.9884214984342123,1.0657946431036178,0.953301218698336,0.9405292720090267,0.9091477662976593,1.0310684975286788,0.9701122337734885,1.083231771198648,2.412,0.9140831750333696,0.804,0.9845883769995261,1.652484642659815,0.9614061257701859,0.9405093649797849,1.6418678872708412,0.9419274624894924,0.975050049151941,0.951202883994893,0.8582448316269177,0.9150116968571863,0.9936248061595865,0.804,1.6967926605095855,0.804,1.8619669065800775,1.113531397374683,0.9927554366861551,2.412,2.412,0.9121342787337917,1.9477106732237304,0.8998915522514921,0.9370316702449323,0.9555729396614707,0.8802654687383759,1.608,1.07140860689532,0.957931938889747,1.0714306302423793,0.804,1.7794838545200538,0.9401352190681697,2.412,0.804,1.0623715000641336,0.9211631968189538,1.0280766740410061,0.9136119677718996,1.9297698913115706,0.804,0.8606461018137741,1.997864572030335,0.8941443793424766,0.919153077274906,3.216,0.8934366824016806,1.6655565376406956,1.7656636082609274,1.0675670534834016,0.8819489044441104,3.216,1.6861294624470071,0.9993389225923117,4.02,1.0636441604290183,1.846486502237648,0.804,0.831770474573741,1.608,1.6321444050730456,0.8941331849619578,0.8937257631617443,0.8900554897110274,0.8946649143181844,1.0123836613613306,1.0119426512779945,0.949506172738982,1.608,3.216,1.03051904343731,0.804,1.817219860451952,0.9405767007369878,1.054027683170937,1.0506234350552688,1.0235750154244927,1.7366758516845602,0.8892147182948141,1.2,2.412,0.9245631820557425,2.412,0.9545251959227911,0.9870391582854889,0.9415295052243612,0.804,1.8047879905987219,1.194527541840976
6,4,1.9388002980868855,1.9884214984342123,1.0657946431036178,0.953301218698336,0.9405292720090267,0.9091477662976593,1.0310684975286788,0.9701122337734885,1.083231771198648,2.412,0.9140831750333696,0.804,0.9845883769995261,1.652484642659815,0.9614061257701859,0.9405093649797849,1.6418678872708412,0.9419274624894924,0.975050049151941,0.951202883994893,0.8582448316269177,0.9150116968571863,0.9936248061595865,0.804,1.6967926605095855,0.804,1.8619669065800775,1.113531397374683,0.9927554366861551,2.412,2.412,0.9121342787337917,1.9477106732237304,0.8998915522514921,0.9370316702449323,0.9555729396614707,0.8802654687383759,1.608,1.07140860689532,0.957931938889747,1.0714306302423793,0.804,1.7794838545200538,0.9401352190681697,2.412,0.804,1.0623715000641336,0.9211631968189538,1.0280766740410061,0.9136119677718996,1.9297698913115706,0.804,0.8606461018137741,1.997864572030335,0.8941443793424766,0.919153077274906,3.216,0.8934366824016806,1.6655565376406956,1.7656636082609274,1.0675670534834016,0.8819489044441104,3.216,1.6861294624470071,0.9993389225923117,1.1162245893958842,1.0636441604290183,1.846486502237648,0.804,0.831770474573741,1.608,1.6321444050730456,0.8941331849619578,0.8937257631617443,0.8900554897110274,0.8946649143181844,1.0123836613613306,1.0119426512779945,0.949506172738982,1.608,3.216,1.03051904343731,0.804,0.9291893469453097,0.8640871404358879,1.054027683170937,1.0506234350552688,1.0235750154244927,1.7366758516845602,0.8892147182948141,1.2,2.412,0.9158701754088264,2.412,0.9545251959227911,0.9870391582854889,1.015938356319105,0.804,1.6633910460148789,1.1444672352397356
6,5,1.9388002980868855,1.9884214984342123,1.0657946431036178,0.953301218698336,0.9405292720090267,0.9091477662976593,1.0310684975286788,0.9701122337734885,1.083231771198648,2.412,0.9140831750333696,0.804,0.9845883769995261,1.652484642659815,0.9614061257701859,0.9405093649797849,1.6418678872708412,0.9419274624894924,0.975050049151941,0.951202883994893,0.8582448316269177,0.9150116968571863,0.9936248061595865,0.804,1.6967926605095855,0.804,1.8619669065800775,1.113531397374683,0.9927554366861551,2.412,2.412,1.608,1.9477106732237304,0.8998915522514921,0.9370316702449323,0.9555729396614707,0.8802654687383759,1.608,1.07140860689532,0.957931938889747,1.0714306302423793,0.804,1.7794838545200538,0.9401352190681697,2.412,0.804,1.0623715000641336,0.9211631968189538,1.0280766740410061,0.9136119677718996,1.9297698913115706,0.804,0.8606461018137741,1.997864572030335,0.8941443793424766,0.919153077274906,3.216,0.8934366824016806,1.6655565376406956,1.7656636082609274,1.0675670534834016,0.8819489044441104,3.216,1.6861294624470071,0.9993389225923117,1.1372716797698832,1.0424607306957503,1.846486502237648,0.804,0.831770474573741,1.608,1.6321444050730456,0.8941331849619578,0.8937257631617443,0.8900554897110274,0.8946649143181844,1.0123836613613306,1.0119426512779945,0.949506172738982,1.608,3.216,1.03051904343731,0.804,0.8345192469549891,0.879957615528168,1.054027683170937,1.0506234350552688,1.0235750154244927,1.7366758516845602,0.8892147182948141,1.2,2.412,0.8890877233295571,2.412,0.9545251959227911,0.9217563903563635,1.0187706873682245,0.804,1.6827887639659842,1.1021356902418276
6,6,1.9388002980868855,1.9884214984342123,1.0657946431036178,0.953301218698336,0.9405292720090267,0.9091477662976593,1.0310684975286788,0.9701122337734885,1.083231771198648,2.412,0.9140831750333696,0.804,0.9845883769995261,1.652484642659815,0.9614061257701859,0.9405093649797849,1.6418678872708412,0.9419274624894924,0.975050049151941,0.951202883994893,0.8582448316269177,0.9150116968571863,0.9936248061595865,0.804,1.6967926605095855,0.804,1.8619669065800775,1.113531397374683,0.9927554366861551,2.412,2.412,1.608,1.9477106732237304,0.8998915522514921,0.9370316702449323,0.9555729396614707,0.8802654687383759,1.608,1.07140860689532,0.957931938889747,1.0714306302423793,0.804,1.7794838545200538,0.9401352190681697,2.412,0.804,1.0623715000641336,0.9211631968189538,1.0280766740410061,0.9136119677718996,1.9297698913115706,0.804,0.8606461018137741,1.997864572030335,0.8941443793424766,0.919153077274906,3.216,0.8934366824016806,1.6655565376406956,1.7656636082609274,1.0675670534834016,0.8819489044441104,3.216,1.6861294624470071,0.9993389225923117,1.1372716797698832,1.0424607306957503,1.846486502237648,0.804,0.831770474573741,1.608,1.6321444050730456,0.8941331849619578,0.8937257631617443,0.8900554897110274,0.8946649143181844,1.0123836613613306,1.0119426512779945,0.949506172738982,1.608,3.216,1.03051904343731,0.804,0.8345192469549891,0.879957615528168,1.054027683170937,1.0506234350552688,1.0235750154244927,1.7366758516845602,0.8892147182948141,1.2,2.412,0.8890877233295571,2.412,0.9545251959227911,0.9217563903563635,1.0187706873682245,0.804,1.6827887639659842,1.102135690241827
6,7,1.9388002980868855,1.9884214984342123,1.0657946431036178,0.953301218698336,0.9405292720090267,0.9091477662976593,1.0310684975286788,0.9701122337734885,1.083231771198648,2.412,0.9140831750333696,0.804,0.9845883769995261,1.652484642659815,0.9614061257701859,0.9405093649797849,1.6418678872708412,0.9419274624894924,0.975050049151941,0.951202883994893,0.8582448316269177,0.9150116968571863,0.9936248061595865,0.804,1.6967926605095855,0.804,1.8619669065800775,1.113531397374683,0.9927554366861551,2.412,2.412,1.608,1.9477106732237304,0.8998915522514921,0.9370316702449323,0.9555729396614707,0.8802654687383759,1.608,1.07140860689532,0.957931938889747,1.0714306302423793,0.804,1.7794838545200538,0.9401352190681697,2.412,0.804,1.0623715000641336,0.9211631968189538,1.0280766740410061,0.9136119677718996,1.9297698913115706,0.804,0.8606461018137741,1.997864572030335,0.8941443793424766,0.919153077274906,3.216,0.8934366824016806,1.6655565376406956,1.7656636082609274,1.0675670534834016,0.8819489044441104,3.216,1.6861294624470071,0.9993389225923117,1.1372716797698832,1.0424607306957503,1.846486502237648,0.804,0.831770474573741,1.608,1.6321444050730456,0.8941331849619578,0.8937257631617443,0.8900554897110274,0.8946649143181844,1.0123836613613306,1.0119426512779945,0.949506172738982,1.608,3.216,1.03051904343731,0.804,0.8345192469549891,0.879957615528168,1.054027683170937,1.0506234350552688,1.0235750154244927,1.7366758516845602,0.8892147182948141,1.2,2.412,0.8890877233295571,2.412,0.9545251959227911,0.9217563903563635,1.0187706873682245,0.804,1.6827887639659842,1.102135690241827
6,8,1.9388002980868855,1.9884214984342123,1.0657946431036178,0.953301218698336,0.9405292720090267,0.9091477662976593,1.0310684975286788,0.9701122337734885,1.083231771198648,2.412,0.9140831750333696,0.804,0.9845883769995261,1.652484642659815,0.9614061257701859,0.9405093649797849,1.6418678872708412,0.9419274624894924,0.975050049151941,0.951202883994893,0.8582448316269177,0.9150116968571863,0.9936248061595865,0.804,1.6967926605095855,0.804,1.8619669065800775,1.113531397374683,0.9927554366861551,2.412,2.412,1.608,1.9477106732237304,0.8998915522514921,0.9370316702449323,0.9555729396614707,0.8802654687383759,1.608,1.07140860689532,0.957931938889747,1.0714306302423793,0.804,1.7794838545200538,0.9401352190681697,2.412,0.804,1.0623715000641336,0.9211631968189538,1.0280766740410061,0.9136119677718996,1.9297698913115706,0.804,0.8606461018137741,1.997864572030335,0.8941443793424766,0.919153077274906,3.216,0.8934366824016806,1.6655565376406956,1.7656636082609274,1.0675670534834016,0.8819489044441104,3.216,1.6861294624470071,0.9993389225923117,1.1372716797698832,1.0424607306957503,1.846486502237648,0.804,0.831770474573741,1.608,1.6321444050730456,0.8941331849619578,0.8937257631617443,0.8900554897110274,0.8946649143181844,1.0123836613613306,1.0119426512779945,0.949506172738982,1.608,3.216,1.03051904343731,0.804,0.8345192469549891,0.879957615528168,1.054027683170937,1.0506234350552688,1.0235750154244927,1.7366758516845602,0.8892147182948141,1.2,2.412,0.8890877233295571,2.412,0.9545251959227911,0.9217563903563635,1.0187706873682245,0.804,1.6827887639659842,1.102135690241827
6,9,1.9388002980868855,1.9884214984342123,1.0657946431036178,0.953301218698336,0.9405292720090267,0.9091477662976593,1.0310684975286788,0.9701122337734885,1.083231771198648,2.412,0.9140831750333696,0.804,0.9845883769995261,1.652484642659815,0.9614061257701859,0.9405093649797849,1.6418678872708412,0.9419274624894924,0.975050049151941,0.951202883994893,0.8582448316269177,0.9150116968571863,0.9936248061595865,0.804,1.6967926605095855,0.804,1.8619669065800775,1.113531397374683,0.9927554366861551,2.412,2.412,1.608,1.9477106732237304,0.8998915522514921,0.9370316702449323,0.9555729396614707,0.8802654687383759,1.608,1.07140860689532,0.957931938889747,1.0714306302423793,0.804,1.7794838545200538,0.9401352190681697,2.412,0.804,1.0623715000641336,0.9211631968189538,1.0280766740410061,0.9136119677718996,1.9297698913115706,0.804,0.8606461018137741,1.997864572030335,0.8941443793424766,0.919153077274906,3.216,0.8934366824016806,1.6655565376406956,1.7656636082609274,1.0675670534834016,0.8819489044441104,3.216,1.6861294624470071,0.9993389225923117,1.1372716797698832,1.0424607306957503,1.846486502237648,0.804,0.831770474573741,1.608,1.6321444050730456,0.8941331849619578,0.8937257631617443,0.8900554897110274,0.8946649143181844,1.0123836613613306,1.0119426512779945,0.949506172738982,1.608,3.216,1.03051904343731,0.804,0.8345192469549891,0.879957615528168,1.054027683170937,1.0506234350552688,1.0235750154244927,1.7366758516845602,0.8892147182948141,1.2,2.412,0.8890877233295571,2.412,0.9545251959227911,0.9217563903563635,1.0187706873682245,0.804,1.6827887639659842,1.102135690241827
6,10,1.9388002980868855,1.9884214984342123,1.0657946431036178,0.953301218698336,0.9405292720090267,0.9091477662976593,1.0310684975286788,0.9701122337734885,1.083231771198648,2.412,0.9140831750333696,0.804,0.9845883769995261,1.652484642659815,0.9614061257701859,0.9405093649797849,1.6418678872708412,0.9419274624894924,0.975050049151941,0.951202883994893,0.8582448316269177,0.9150116968571863,0.9936248061595865,0.804,1.6967926605095855,0.804,1.8619669065800775,1.113531397374683,0.9927554366861551,2.412,2.412,1.608,1.9477106732237304,0.8998915522514921,0.9370316702449323,0.9555729396614707,0.8802654687383759,1.608,1.07140860689532,0.957931938889747,1.0714306302423793,0.804,1.7794838545200538,0.9401352190681697,2.412,0.804,1.0623715000641336,0.9211631968189538,1.0280766740410061,0.9136119677718996,1.9297698913115706,0.804,0.8606461018137741,1.997864572030335,0.8941443793424766,0.919153077274906,3.216,0.8934366824016806,1.6655565376406956,1.7656636082609274,1.0675670534834016,0.8819489044441104,3.216,1.6861294624470071,0.9993389225923117,1.1372716797698832,1.0424607306957503,1.846486502237648,0.804,0.831770474573741,1.608,1.6321444050730456,0.8941331849619578,0.8937257631617443,0.8900554897110274,0.8946649143181844,1.0123836613613306,1.0119426512779945,0.949506172738982,1.608,3.216,1.03051904343731,0.804,0.8345192469549891,0.879957615528168,1.054027683170937,1.0506234350552688,1.0235750154244927,1.7366758516845602,0.8892147182948141,1.2,2.412,0.8890877233295571,2.412,0.9545251959227911,0.9217563903563635,1.0187706873682245,0.804,1.6827887639659842,1.102135690241827
6,11,1.9388002980868855,1.9884214984342123,1.0657946431036178,0.953301218698336,0.9405292720090267,0.9091477662976593,1.0310684975286788,0.9701122337734885,1.083231771198648,2.412,0.9140831750333696,0.804,0.9845883769995261,1.652484642659815,0.9614061257701859,0.9405093649797849,1.6418678872708412,0.9419274624894924,0.975050049151941,0.951202883994893,0.8582448316269177,0.9150116968571863,0.9936248061595865,0.804,1.6967926605095855,0.804,1.8619669065800775,1.113531397374683,0.9927554366861551,2.412,2.412,1.608,1.9477106732237304,0.8998915522514921,0.9370316702449323,0.9555729396614707,0.8802654687383759,1.608,1.07140860689532,0.957931938889747,1.0714306302423793,0.804,1.7794838545200538,0.9401352190681697,2.412,0.804,1.0623715000641336,0.9211631968189538,1.0280766740410061,0.9136119677718996,1.9297698913115706,0.804,0.8606461018137741,1.997864572030335,0.8941443793424766,0.919153077274906,3.216,0.8934366824016806,1.6655565376406956,1.7656636082609274,1.0675670534834016,0.8819489044441104,3.216,1.6861294624470071,0.9993389225923117,1.1372716797698832,1.0424607306957503,1.846486502237648,0.804,0.831770474573741,1.608,1.6321444050730456,0.8941331849619578,0.8937257631617443,0.8900554897110274,0.8946649143181844,1.0123836613613306,1.0119426512779945,0.949506172738982,1.608,3.216,1.03051904343731,0.804,0.8345192469549891,0.879957615528168,1.054027683170937,1.0506234350552688,1.0235750154244927,1.7366758516845602,0.8892147182948141,1.2,2.412,0.8890877233295571,2.412,0.9545251959227911,0.9217563903563635,1.0187706873682245,0.804,1.6827887639659842,1.102135690241827
6,12,1.9388002980868855,1.9884214984342123,1.0657946431036178,0.953301218698336,0.9405292720090267,0.9091477662976593,1.0310684975286788,0.9701122337734885,1.083231771198648,2.412,0.9140831750333696,0.804,0.9845883769995261,1.652484642659815,0.9614061257701859,0.9405093649797849,1.6418678872708412,0.9419274624894924,0.975050049151941,0.951202883994893,0.8582448316269177,0.9150116968571863,0.9936248061595865,0.804,1.6967926605095855,0.804,1.8619669065800775,1.113531397374683,0.9927554366861551,2.412,2.412,1.608,1.9477106732237304,0.8998915522514921,0.9370316702449323,0.9555729396614707,0.8802654687383759,1.608,1.07140860689532,0.957931938889747,1.0714306302423793,0.804,1.7794838545200538,0.9401352190681697,2.412,0.804,1.0623715000641336,0.9211631968189538,1.0280766740410061,0.9136119677718996,1.9297698913115706,0.804,0.8606461018137741,1.997864572030335,0.8941443793424766,0.919153077274906,3.216,0.8934366824016806,1.6655565376406956,1.7656636082609274,1.0675670534834016,0.8819489044441104,3.216,1.6861294624470071,0.9993389225923117,1.1372716797698832,1.0424607306957503,1.846486502237648,0.804,0.831770474573741,1.608,1.6321444050730456,0.8941331849619578,0.8937257631617443,0.8900554897110274,0.8946649143181844,1.0123836613613306,1.0119426512779945,0.949506172738982,1.608,3.216,1.03051904343731,0.804,0.8345192469549891,0.879957615528168,1.054027683170937,1.0506234350552688,1.0235750154244927,1.7366758516845602,0.8892147182948141,1.2,2.412,0.8890877233295571,2.412,0.9545251959227911,0.9217563903563635,1.0187706873682245,0.804,1.6827887639659842,1.102135690241827
6,13,1.9388002980868855,1.9884214984342123,1.0657946431036178,0.953301218698336,0.9405292720090267,0.9091477662976593,1.0310684975286788,0.9701122337734885,1.083231771198648,2.412,0.9140831750333696,0.804,0.9845883769995261,1.652484642659815,0.9614061257701859,0.9405093649797849,1.6418678872708412,0.9419274624894924,0.975050049151941,0.951202883994893,0.8582448316269177,0.9150116968571863,0.9936248061595865,0.804,1.6967926605095855,0.804,1.8619669065800775,1.113531397374683,0.9927554366861551,2.412,2.412,1.608,1.9477106732237304,0.8998915522514921,0.9370316702449323,0.9555729396614707,0.8802654687383759,1.608,1.07140860689532,0.957931938889747,1.0714306302423793,0.804,1.7794838545200538,0.9401352190681697,2.412,0.804,1.0623715000641336,0.9211631968189538,1.0280766740410061,0.9136119677718996,1.9297698913115706,0.804,0.8606461018137741,1.997864572030335,0.8941443793424766,0.919153077274906,3.216,0.8934366824016806,1.6655565376406956,1.7656636082609274,1.0675670534834016,0.8819489044441104,3.216,1.6861294624470071,0.9993389225923117,1.1372716797698832,1.0424607306957503,1.846486502237648,0.804,0.831770474573741,1.608,1.6321444050730456,0.8941331849619578,0.8937257631617443,0.8900554897110274,0.8946649143181844,1.0123836613613306,1.0119426512779945,0.949506172738982,1.608,3.216,1.03051904343731,0.804,0.8345192469549891,0.879957615528168,1.054027683170937,1.0506234350552688,1.0235750154244927,1.7366758516845602,0.8892147182948141,1.2,2.412,0.8890877233295571,2.412,0.9545251959227911,0.9217563903563635,1.0187706873682245,0.804,1.6827887639659842,1.102135690241827
6,14,1.9388002980868855,1.9884214984342123,1.0657946431036178,0.953301218698336,0.9405292720090267,0.9091477662976593,1.0310684975286788,0.9701122337734885,1.083231771198648,2.412,0.9140831750333696,0.804,0.9845883769995261,1.652484642659815,0.9614061257701859,0.9405093649797849,1.6418678872708412,0.9419274624894924,0.975050049151941,0.951202883994893,0.8582448316269177,0.9150116968571863,0.9936248061595865,0.804,1.6967926605095855,0.804,1.8619669065800775,1.113531397374683,0.9927554366861551,2.412,2.412,1.608,1.9477106732237304,0.8998915522514921,0.9370316702449323,0.9555729396614707,0.8802654687383759,1.608,1.07140860689532,0.957931938889747,1.0714306302423793,0.804,1.7794838545200538,0.9401352190681697,2.412,0.804,1.0623715000641336,0.9211631968189538,1.0280766740410061,0.9136119677718996,1.9297698913115706,0.804,0.8606461018137741,1.997864572030335,0.8941443793424766,0.919153077274906,3.216,0.8934366824016806,1.6655565376406956,1.7656636082609274,1.0675670534834016,0.8819489044441104,3.216,1.6861294624470071,0.9993389225923117,1.1372716797698832,1.0424607306957503,1.846486502237648,0.804,0.831770474573741,1.608,1.6321444050730456,0.8941331849619578,0.8937257631617443,0.8900554897110274,0.8946649143181844,1.0123836613613306,1.0119426512779945,0.949506172738982,1.608,3.216,1.03051904343731,0.804,0.8345192469549891,0.879957615528168,1.054027683170937,1.0506234350552688,1.0235750154244927,1.7366758516845602,0.8892147182948141,1.2,2.412,0.8890877233295571,2.412,0.9545251959227911,0.9217563903563635,1.0187706873682245,0.804,1.6827887639659842,1.102135690241827
6,15,1.9388002980868855,1.9884214984342123,1.0657946431036178,0.953301218698336,0.9405292720090267,0.9091477662976593,1.0310684975286788,0.9701122337734885,1.083231771198648,2.412,0.9140831750333696,0.804,0.9845883769995261,1.652484642659815,0.9614061257701859,0.9405093649797849,1.6418678872708412,0.9419274624894924,0.975050049151941,0.951202883994893,0.8582448316269177,0.9150116968571863,0.9936248061595865,0.804,1.6967926605095855,0.804,1.8619669065800775,1.113531397374683,0.9927554366861551,2.412,2.412,1.608,1.9477106732237304,0.8998915522514921,0.9370316702449323,0.9555729396614707,0.8802654687383759,1.608,1.07140860689532,0.957931938889747,1.0714306302423793,0.804,1.7794838545200538,0.9401352190681697,2.412,0.804,1.0623715000641336,0.9211631968189538,1.0280766740410061,0.9136119677718996,1.9297698913115706,0.804,0.8606461018137741,1.997864572030335,0.8941443793424766,0.919153077274906,3.216,0.8934366824016806,1.6655565376406956,1.7656636082609274,1.0675670534834016,0.8819489044441104,3.216,1.6861294624470071,0.9993389225923117,1.1372716797698832,1.0424607306957503,1.846486502237648,0.804,0.831770474573741,1.608,1.6321444050730456,0.8941331849619578,0.8937257631617443,0.8900554897110274,0.8946649143181844,1.0123836613613306,1.0119426512779945,0.949506172738982,1.608,3.216,1.03051904343731,0.804,0.8345192469549891,0.879957615528168,1.054027683170937,1.0506234350552688,1.0235750154244927,1.7366758516845602,0.8892147182948141,1.2,2.412,0.8890877233295571,2.412,0.9545251959227911,0.9217563903563635,1.0187706873682245,0.804,1.6827887639659842,1.102135690241827
6,16,1.9388002980868855,1.9884214984342123,1.0657946431036178,0.953301218698336,0.9405292720090267,0.9091477662976593,1.0310684975286788,0.9701122337734885,1.083231771198648,2.412,0.9140831750333696,0.804,0.9845883769995261,1.652484642659815,0.9614061257701859,0.9405093649797849,1.6418678872708412,0.9419274624894924,0.975050049151941,0.951202883994893,0.8582448316269177,0.9150116968571863,0.9936248061595865,0.804,1.6967926605095855,0.804,1.8619669065800775,1.113531397374683,0.9927554366861551,2.412,2.412,1.608,1.9477106732237304,0.8998915522514921,0.9370316702449323,0.9555729396614707,0.8802654687383759,1.608,1.07140860689532,0.957931938889747,1.0714306302423793,0.804,1.7794838545200538,0.9401352190681697,2.412,0.804,1.0623715000641336,0.9211631968189538,1.0280766740410061,0.9136119677718996,1.9297698913115706,0.804,0.8606461018137741,1.997864572030335,0.8941443793424766,0.919153077274906,3.216,0.8934366824016806,1.6655565376406956,1.7656636082609274,1.0675670534834016,0.8819489044441104,3.216,1.6861294624470071,0.9993389225923117,1.1372716797698832,1.0424607306957503,1.846486502237648,0.804,0.831770474573741,1.608,1.6321444050730456,0.8941331849619578,0.8937257631617443,0.8900554897110274,0.8946649143181844,1.0123836613613306,1.0119426512779945,0.949506172738982,1.608,3.216,1.03051904343731,0.804,0.8345192469549891,0.879957615528168,1.054027683170937,1.0506234350552688,1.0235750154244927,1.7366758516845602,0.8892147182948141,1.2,2.412,0.8890877233295571,2.412,0.9545251959227911,0.9217563903563635,1.0187706873682245,0.804,1.6827887639659842,1.102135690241827
6,17,1.9388002980868855,1.9884214984342123,1.0657946431036178,0.953301218698336,0.9405292720090267,0.9091477662976593,1.0310684975286788,0.9701122337734885,1.083231771198648,2.412,0.9140831750333696,0.804,0.9845883769995261,1.652484642659815,0.9614061257701859,0.9405093649797849,1.6418678872708412,0.9419274624894924,0.975050049151941,0.951202883994893,0.8582448316269177,0.9150116968571863,0.9936248061595865,0.804,1.6967926605095855,0.804,1.8619669065800775,1.113531397374683,0.9927554366861551,2.412,2.412,1.608,1.9477106732237304,0.8998915522514921,0.9370316702449323,0.9555729396614707,0.8802654687383759,1.608,1.07140860689532,0.957931938889747,1.0714306302423793,0.804,1.7794838545200538,0.9401352190681697,2.412,0.804,1.0623715000641336,0.9211631968189538,1.0280766740410061,0.9136119677718996,1.9297698913115706,0.804,0.8606461018137741,1.997864572030335,0.8941443793424766,0.919153077274906,3.216,0.8934366824016806,1.6655565376406956,1.7656636082609274,1.0675670534834016,0.8819489044441104,3.216,1.6861294624470071,0.9993389225923117,1.1372716797698832,1.0424607306957503,1.846486502237648,0.804,0.831770474573741,1.608,1.6321444050730456,0.8941331849619578,0.8937257631617443,0.8900554897110274,0.8946649143181844,1.0123836613613306,1.0119426512779945,0.949506172738982,1.608,3.216,1.03051904343731,0.804,0.8345192469549891,0.879957615528168,1.054027683170937,1.0506234350552688,1.0235750154244927,1.7366758516845602,0.8892147182948141,1.2,2.412,0.8890877233295571,2.412,0.9545251959227911,0.9217563903563635,1.0187706873682245,0.804,1.6827887639659842,1.102135690241827
6,18,1.9388002980868855,1.9884214984342123,1.0657946431036178,0.953301218698336,0.9405292720090267,0.9091477662976593,1.0310684975286788,0.9701122337734885,1.083231771198648,2.412,0.9140831750333696,0.804,0.9845883769995261,1.652484642659815,0.9614061257701859,0.9405093649797849,1.6418678872708412,0.9419274624894924,0.975050049151941,0.951202883994893,0.8582448316269177,0.9150116968571863,0.9936248061595865,0.804,1.6967926605095855,0.804,1.8619669065800775,1.113531397374683,0.9927554366861551,2.412,2.412,1.608,1.9477106732237304,0.8998915522514921,0.9370316702449323,0.9555729396614707,0.8802654687383759,1.608,1.07140860689532,0.957931938889747,1.0714306302423793,0.804,1.7794838545200538,0.9401352190681697,2.412,0.804,1.0623715000641336,0.9211631968189538,1.0280766740410061,0.9136119677718996,1.9297698913115706,0.804,0.8606461018137741,1.997864572030335,0.8941443793424766,0.919153077274906,3.216,0.8934366824016806,1.6655565376406956,1.7656636082609274,1.0675670534834016,0.8819489044441104,3.216,1.6861294624470071,0.9993389225923117,1.1372716797698832,1.0424607306957503,1.846486502237648,0.804,0.831770474573741,1.608,1.6321444050730456,0.8941331849619578,0.8937257631617443,0.8900554897110274,0.8946649143181844,1.0123836613613306,1.0119426512779945,0.949506172738982,1.608,3.216,1.03051904343731,0.804,0.8345192469549891,0.879957615528168,1.054027683170937,1.0506234350552688,1.0235750154244927,1.7366758516845602,0.8892147182948141,1.2,2.412,0.8890877233295571,2.412,0.9545251959227911,0.9217563903563635,1.0187706873682245,0.804,1.6827887639659842,1.102135690241827
6,19,1.9388002980868855,1.9884214984342123,1.0657946431036178,0.953301218698336,0.9405292720090267,0.9091477662976593,1.0310684975286788,0.9701122337734885,1.083231771198648,2.412,0.9140831750333696,0.804,0.9845883769995261,1.652484642659815,0.9614061257701859,0.9405093649797849,1.6418678872708412,0.9419274624894924,0.975050049151941,0.951202883994893,0.8582448316269177,0.9150116968571863,0.9936248061595865,0.804,1.6967926605095855,0.804,1.8619669065800775,1.113531397374683,0.9927554366861551,2.412,2.412,1.608,1.9477106732237304,0.8998915522514921,0.9370316702449323,0.9555729396614707,0.8802654687383759,1.608,1.07140860689532,0.957931938889747,1.0714306302423793,0.804,1.7794838545200538,0.9401352190681697,2.412,0.804,1.0623715000641336,0.9211631968189538,1.0280766740410061,0.9136119677718996,1.9297698913115706,0.804,0.8606461018137741,1.997864572030335,0.8941443793424766,0.919153077274906,3.216,0.8934366824016806,1.6655565376406956,1.7656636082609274,1.0675670534834016,0.8819489044441104,3.216,1.6861294624470071,0.9993389225923117,1.1372716797698832,1.0424607306957503,1.846486502237648,0.804,0.831770474573741,1.608,1.6321444050730456,0.8941331849619578,0.8937257631617443,0.8900554897110274,0.8946649143181844,1.0123836613613306,1.0119426512779945,0.949506172738982,1.608,3.216,1.03051904343731,0.804,0.8345192469549891,0.879957615528168,1.054027683170937,1.0506234350552688,1.0235750154244927,1.7366758516845602,0.8892147182948141,1.2,2.412,0.8890877233295571,2.412,0.9545251959227911,0.9217563903563635,1.0187706873682245,0.804,1.6827887639659842,1.102135690241827
6,20,1.9388002980868855,1.9884214984342123,1.0657946431036178,0.953301218698336,0.9405292720090267,0.9091477662976593,1.0310684975286788,0.9701122337734885,1.083231771198648,2.412,0.9140831750333696,0.804,0.9845883769995261,1.652484642659815,0.9614061257701859,0.9405093649797849,1.6418678872708412,0.9419274624894924,0.975050049151941,0.951202883994893,0.8582448316269177,0.9150116968571863,0.9936248061595865,0.804,1.6967926605095855,0.804,1.8619669065800775,1.113531397374683,0.9927554366861551,2.412,2.412,1.608,1.9477106732237304,0.8998915522514921,0.9370316702449323,0.9555729396614707,0.8802654687383759,1.608,1.07140860689532,0.957931938889747,1.0714306302423793,0.804,1.7794838545200538,0.9401352190681697,2.412,0.804,1.0623715000641336,0.9211631968189538,1.0280766740410061,0.9136119677718996,1.9297698913115706,0.804,0.8606461018137741,1.997864572030335,0.8941443793424766,0.919153077274906,3.216,0.8934366824016806,1.6655565376406956,1.7656636082609274,1.0675670534834016,0.8819489044441104,3.216,1.6861294624470071,0.9993389225923117,1.1372716797698832,1.0424607306957503,1.846486502237648,0.804,0.831770474573741,1.608,1.6321444050730456,0.8941331849619578,0.8937257631617443,0.8900554897110274,0.8946649143181844,1.0123836613613306,1.0119426512779945,0.949506172738982,1.608,3.216,1.03051904343731,0.804,0.8345192469549891,0.879957615528168,1.054027683170937,1.0506234350552688,1.0235750154244927,1.7366758516845602,0.8892147182948141,1.2,2.412,0.8890877233295571,2.412,0.9545251959227911,0.9217563903563635,1.0187706873682245,0.804,1.6827887639659842,1.102135690241827
6,21,1.9388002980868855,1.9884214984342123,1.0657946431036178,0.953301218698336,0.9405292720090267,0.9091477662976593,1.0310684975286788,0.9701122337734885,1.083231771198648,2.412,0.9140831750333696,0.804,0.9845883769995261,1.652484642659815,0.9614061257701859,0.9405093649797849,1.6418678872708412,0.9419274624894924,0.975050049151941,0.951202883994893,0.8582448316269177,0.9150116968571863,0.9936248061595865,0.804,1.6967926605095855,0.804,1.8619669065800775,1.113531397374683,0.9927554366861551,2.412,2.412,1.608,1.9477106732237304,0.8998915522514921,0.9370316702449323,0.9555729396614707,0.8802654687383759,1.608,1.07140860689532,0.957931938889747,1.0714306302423793,0.804,1.7794838545200538,0.9401352190681697,2.412,0.804,1.0623715000641336,0.9211631968189538,1.0280766740410061,0.9136119677718996,1.9297698913115706,0.804,0.8606461018137741,1.997864572030335,0.8941443793424766,0.919153077274906,3.216,0.8934366824016806,1.6655565376406956,1.7656636082609274,1.0675670534834016,0.8819489044441104,3.216,1.6861294624470071,0.9993389225923117,1.1372716797698832,1.0424607306957503,1.846486502237648,0.804,0.831770474573741,1.608,1.6321444050730456,0.8941331849619578,0.8937257631617443,0.8900554897110274,0.8946649143181844,1.0123836613613306,1.0119426512779945,0.949506172738982,1.608,3.216,1.03051904343731,0.804,0.8345192469549891,0.879957615528168,1.054027683170937,1.0506234350552688,1.0235750154244927,1.7366758516845602,0.8892147182948141,1.2,2.412,0.8890877233295571,2.412,0.9545251959227911,0.9217563903563635,1.0187706873682245,0.804,1.6827887639659842,1.102135690241827
6,22,1.9388002980868855,1.9884214984342123,1.0657946431036178,0.953301218698336,0.9405292720090267,0.9091477662976593,1.0310684975286788,0.9701122337734885,1.083231771198648,2.412,0.9140831750333696,0.804,0.9845883769995261,1.652484642659815,0.9614061257701859,0.9405093649797849,1.6418678872708412,0.9419274624894924,0.975050049151941,0.951202883994893,0.8582448316269177,0.9150116968571863,0.9936248061595865,0.804,1.6967926605095855,0.804,1.8619669065800775,1.113531397374683,0.9927554366861551,2.412,2.412,1.608,1.9477106732237304,0.8998915522514921,0.9370316702449323,0.9555729396614707,0.8802654687383759,1.608,1.07140860689532,0.957931938889747,1.0714306302423793,0.804,1.7794838545200538,0.9401352190681697,2.412,0.804,1.0623715000641336,0.9211631968189538,1.0280766740410061,0.9136119677718996,1.9297698913115706,0.804,0.8606461018137741,1.997864572030335,0.8941443793424766,0.919153077274906,3.216,0.8934366824016806,1.6655565376406956,1.7656636082609274,1.0675670534834016,0.8819489044441104,3.216,1.6861294624470071,0.9993389225923117,1.1372716797698832,1.0424607306957503,1.846486502237648,0.804,0.831770474573741,1.608,1.6321444050730456,0.8941331849619578,0.8937257631617443,0.8900554897110274,0.8946649143181844,1.0123836613613306,1.0119426512779945,0.949506172738982,1.608,3.216,1.03051904343731,0.804,0.8345192469549891,0.879957615528168,1.054027683170937,1.0506234350552688,1.0235750154244927,1.7366758516845602,0.8892147182948141,1.2,2.412,0.8890877233295571,2.412,0.9545251959227911,0.9217563903563635,1.0187706873682245,0.804,1.6827887639659842,1.102135690241827
6,23,1.9388002980868855,1.9884214984342123,1.0657946431036178,0.953301218698336,0.9405292720090267,0.9091477662976593,1.0310684975286788,0.9701122337734885,1.083231771198648,2.412,0.9140831750333696,0.804,0.9845883769995261,1.652484642659815,0.9614061257701859,0.9405093649797849,1.6418678872708412,0.9419274624894924,0.975050049151941,0.951202883994893,0.8582448316269177,0.9150116968571863,0.9936248061595865,0.804,1.6967926605095855,0.804,1.8619669065800775,1.113531397374683,0.9927554366861551,2.412,2.412,1.608,1.9477106732237304,0.8998915522514921,0.9370316702449323,0.9555729396614707,0.8802654687383759,1.608,1.07140860689532,0.957931938889747,1.0714306302423793,0.804,1.7794838545200538,0.9401352190681697,2.412,0.804,1.0623715000641336,0.9211631968189538,1.0280766740410061,0.9136119677718996,1.9297698913115706,0.804,0.8606461018137741,1.997864572030335,0.8941443793424766,0.919153077274906,3.216,0.8934366824016806,1.6655565376406956,1.7656636082609274,1.0675670534834016,0.8819489044441104,3.216,1.6861294624470071,0.9993389225923117,1.1372716797698832,1.0424607306957503,1.846486502237648,0.804,0.831770474573741,1.608,1.6321444050730456,0.8941331849619578,0.8937257631617443,0.8900554897110274,0.8946649143181844,1.0123836613613306,1.0119426512779945,0.949506172738982,1.608,3.216,1.03051904343731,0.804,0.8345192469549891,0.879957615528168,1.054027683170937,1.0506234350552688,1.0235750154244927,1.7366758516845602,0.8892147182948141,1.2,2.412,0.8890877233295571,2.412,0.9545251959227911,0.9217563903563635,1.0187706873682245,0.804,1.6827887639659842,1.102135690241827
6,24,1.9388002980868855,1.9884214984342123,1.0657946431036178,0.953301218698336,0.9405292720090267,0.9091477662976593,1.0310684975286788,0.9701122337734885,1.083231771198648,2.412,0.9140831750333696,0.804,0.9845883769995261,1.652484642659815,0.9614061257701859,0.9405093649797849,1.6418678872708412,0.9419274624894924,0.975050049151941,0.951202883994893,0.8582448316269177,0.9150116968571863,0.9936248061595865,0.804,1.6967926605095855,0.804,1.8619669065800775,1.113531397374683,0.9927554366861551,2.412,2.412,1.608,1.9477106732237304,0.8998915522514921,0.9370316702449323,0.9555729396614707,0.8802654687383759,1.608,1.07140860689532,0.957931938889747,1.0714306302423793,0.804,1.7794838545200538,0.9401352190681697,2.412,0.804,1.0623715000641336,0.9211631968189538,1.0280766740410061,0.9136119677718996,1.9297698913115706,0.804,0.8606461018137741,1.997864572030335,0.8941443793424766,0.919153077274906,3.216,0.8934366824016806,1.6655565376406956,1.7656636082609274,1.0675670534834016,0.8819489044441104,3.216,1.6861294624470071,0.9993389225923117,1.1372716797698832,1.0424607306957503,1.846486502237648,0.804,0.831770474573741,1.608,1.6321444050730456,0.8941331849619578,0.8937257631617443,0.8900554897110274,0.8946649143181844,1.0123836613613306,1.0119426512779945,0.949506172738982,1.608,3.216,1.03051904343731,0.804,0.8345192469549891,0.879957615528168,1.054027683170937,1.0506234350552688,1.0235750154244927,1.7366758516845602,0.8892147182948141,1.2,2.412,0.8890877233295571,2.412,0.9545251959227911,0.9217563903563635,1.0187706873682245,0.804,1.6827887639659842,1.102135690241827
6,25,1.9388002980868855,1.9884214984342123,1.0657946431036178,0.953301218698336,0.9405292720090267,0.9091477662976593,1.0310684975286788,0.9701122337734885,1.083231771198648,2.412,0.9140831750333696,0.804,0.9845883769995261,1.652484642659815,0.9614061257701859,0.9405093649797849,1.6418678872708412,0.9419274624894924,0.975050049151941,0.951202883994893,0.8582448316269177,0.9150116968571863,0.9936248061595865,0.804,1.6967926605095855,0.804,1.8619669065800775,1.113531397374683,0.9927554366861551,2.412,2.412,1.608,1.9477106732237304,0.8998915522514921,0.9370316702449323,0.9555729396614707,0.8802654687383759,1.608,1.07140860689532,0.957931938889747,1.0714306302423793,0.804,1.7794838545200538,0.9401352190681697,2.412,0.804,1.0623715000641336,0.9211631968189538,1.0280766740410061,0.9136119677718996,1.9297698913115706,0.804,0.8606461018137741,1.997864572030335,0.8941443793424766,0.919153077274906,3.216,0.8934366824016806,1.6655565376406956,1.7656636082609274,1.0675670534834016,0.8819489044441104,3.216,1.6861294624470071,0.9993389225923117,1.1372716797698832,1.0424607306957503,1.846486502237648,0.804,0.831770474573741,1.608,1.6321444050730456,0.8941331849619578,0.8937257631617443,0.8900554897110274,0.8946649143181844,1.0123836613613306,1.0119426512779945,0.949506172738982,1.608,3.216,1.03051904343731,0.804,0.8345192469549891,0.879957615528168,1.054027683170937,1.0506234350552688,1.0235750154244927,1.7366758516845602,0.8892147182948141,1.2,2.412,0.8890877233295571,2.412,0.9545251959227911,0.9217563903563635,1.0187706873682245,0.804,1.6827887639659842,1.102135690241827
6,26,1.9388002980868855,1.9884214984342123,1.0657946431036178,0.953301218698336,0.9405292720090267,0.9091477662976593,1.0310684975286788,0.9701122337734885,1.083231771198648,2.412,0.9140831750333696,0.804,0.9845883769995261,1.652484642659815,0.9614061257701859,0.9405093649797849,1.6418678872708412,0.9419274624894924,0.975050049151941,0.951202883994893,0.8582448316269177,0.9150116968571863,0.9936248061595865,0.804,1.6967926605095855,0.804,1.8619669065800775,1.113531397374683,0.9927554366861551,2.412,2.412,1.608,1.9477106732237304,0.8998915522514921,0.9370316702449323,0.9555729396614707,0.8802654687383759,1.608,1.07140860689532,0.957931938889747,1.0714306302423793,0.804,1.7794838545200538,0.9401352190681697,2.412,0.804,1.0623715000641336,0.9211631968189538,1.0280766740410061,0.9136119677718996,1.9297698913115706,0.804,0.8606461018137741,1.997864572030335,0.8941443793424766,0.919153077274906,3.216,0.8934366824016806,1.6655565376406956,1.7656636082609274,1.0675670534834016,0.8819489044441104,3.216,1.6861294624470071,0.9993389225923117,1.1372716797698832,1.0424607306957503,1.846486502237648,0.804,0.831770474573741,1.608,1.6321444050730456,0.8941331849619578,0.8937257631617443,0.8900554897110274,0.8946649143181844,1.0123836613613306,1.0119426512779945,0.949506172738982,1.608,3.216,1.03051904343731,0.804,0.8345192469549891,0.879957615528168,1.054027683170937,1.0506234350552688,1.0235750154244927,1.7366758516845602,0.8892147182948141,1.2,2.412,0.8890877233295571,2.412,0.9545251959227911,0.9217563903563635,1.0187706873682245,0.804,1.6827887639659842,1.102135690241827
6,27,1.9388002980868855,1.9884214984342123,1.0657946431036178,0.953301218698336,0.9405292720090267,0.9091477662976593,1.0310684975286788,0.9701122337734885,1.083231771198648,2.412,0.9140831750333696,0.804,0.9845883769995261,1.652484642659815,0.9614061257701859,0.9405093649797849,1.6418678872708412,0.9419274624894924,0.975050049151941,0.951202883994893,0.8582448316269177,0.9150116968571863,0.9936248061595865,0.804,1.6967926605095855,0.804,1.8619669065800775,1.113531397374683,0.9927554366861551,2.412,2.412,1.608,1.9477106732237304,0.8998915522514921,0.9370316702449323,0.9555729396614707,0.8802654687383759,1.608,1.07140860689532,0.957931938889747,1.0714306302423793,0.804,1.7794838545200538,0.9401352190681697,2.412,0.804,1.0623715000641336,0.9211631968189538,1.0280766740410061,0.9136119677718996,1.9297698913115706,0.804,0.8606461018137741,1.997864572030335,0.8941443793424766,0.919153077274906,3.216,0.8934366824016806,1.6655565376406956,1.7656636082609274,1.0675670534834016,0.8819489044441104,3.216,1.6861294624470071,0.9993389225923117,1.1372716797698832,1.0424607306957503,1.846486502237648,0.804,0.831770474573741,1.608,1.6321444050730456,0.8941331849619578,0.8937257631617443,0.8900554897110274,0.8946649143181844,1.0123836613613306,1.0119426512779945,0.949506172738982,1.608,3.216,1.03051904343731,0.804,0.8345192469549891,0.879957615528168,1.054027683170937,1.0506234350552688,1.0235750154244927,1.7366758516845602,0.8892147182948141,1.2,2.412,0.8890877233295571,2.412,0.9545251959227911,0.9217563903563635,1.0187706873682245,0.804,1.6827887639659842,1.102135690241827
6,28,1.9388002980868855,1.9884214984342123,1.0657946431036178,0.953301218698336,0.9405292720090267,0.9091477662976593,1.0310684975286788,0.9701122337734885,1.083231771198648,2.412,0.9140831750333696,0.804,0.9845883769995261,1.652484642659815,0.9614061257701859,0.9405093649797849,1.6418678872708412,0.9419274624894924,0.975050049151941,0.951202883994893,0.8582448316269177,0.9150116968571863,0.9936248061595865,0.804,1.6967926605095855,0.804,1.8619669065800775,1.113531397374683,0.9927554366861551,2.412,2.412,1.608,1.9477106732237304,0.8998915522514921,0.9370316702449323,0.9555729396614707,0.8802654687383759,1.608,1.07140860689532,0.957931938889747,1.0714306302423793,0.804,1.7794838545200538,0.9401352190681697,2.412,0.804,1.0623715000641336,0.9211631968189538,1.0280766740410061,0.9136119677718996,1.9297698913115706,0.804,0.8606461018137741,1.997864572030335,0.8941443793424766,0.919153077274906,3.216,0.8934366824016806,1.6655565376406956,1.7656636082609274,1.0675670534834016,0.8819489044441104,3.216,1.6861294624470071,0.9993389225923117,1.1372716797698832,1.0424607306957503,1.846486502237648,0.804,0.831770474573741,1.608,1.6321444050730456,0.8941331849619578,0.8937257631617443,0.8900554897110274,0.8946649143181844,1.0123836613613306,1.0119426512779945,0.949506172738982,1.608,3.216,1.03051904343731,0.804,0.8345192469549891,0.879957615528168,1.054027683170937,1.0506234350552688,1.0235750154244927,1.7366758516845602,0.8892147182948141,1.2,2.412,0.8890877233295571,2.412,0.9545251959227911,0.9217563903563635,1.0187706873682245,0.804,1.6827887639659842,1.102135690241827
6,29,1.9388002980868855,1.9884214984342123,1.0657946431036178,0.953301218698336,0.9405292720090267,0.9091477662976593,1.0310684975286788,0.9701122337734885,1.083231771198648,2.412,0.9140831750333696,0.804,0.9845883769995261,1.652484642659815,0.9614061257701859,0.9405093649797849,1.6418678872708412,0.9419274624894924,0.975050049151941,0.951202883994893,0.8582448316269177,0.9150116968571863,0.9936248061595865,0.804,1.6967926605095855,0.804,1.8619669065800775,1.113531397374683,0.9927554366861551,2.412,2.412,1.608,1.9477106732237304,0.8998915522514921,0.9370316702449323,0.9555729396614707,0.8802654687383759,1.608,1.07140860689532,0.957931938889747,1.0714306302423793,0.804,1.7794838545200538,0.9401352190681697,2.412,0.804,1.0623715000641336,0.9211631968189538,1.0280766740410061,0.9136119677718996,1.9297698913115706,0.804,0.8606461018137741,1.997864572030335,0.8941443793424766,0.919153077274906,3.216,0.8934366824016806,1.6655565376406956,1.7656636082609274,1.0675670534834016,0.8819489044441104,3.216,1.6861294624470071,0.9993389225923117,1.1372716797698832,1.0424607306957503,1.846486502237648,0.804,0.831770474573741,1.608,1.6321444050730456,0.8941331849619578,0.8937257631617443,0.8900554897110274,0.8946649143181844,1.0123836613613306,1.0119426512779945,0.949506172738982,1.608,3.216,1.03051904343731,0.804,0.8345192469549891,0.879957615528168,1.054027683170937,1.0506234350552688,1.0235750154244927,1.7366758516845602,0.8892147182948141,1.2,2.412,0.8890877233295571,2.412,0.9545251959227911,0.9217563903563635,1.0187706873682245,0.804,1.6827887639659842,1.102135690241827
6,30,1.9388002980868855,1.9884214984342123,1.0657946431036178,0.953301218698336,0.9405292720090267,0.9091477662976593,1.0310684975286788,0.9701122337734885,1.083231771198648,2.412,0.9140831750333696,0.804,0.9845883769995261,1.652484642659815,0.9614061257701859,0.9405093649797849,1.6418678872708412,0.9419274624894924,0.975050049151941,0.951202883994893,0.8582448316269177,0.9150116968571863,0.9936248061595865,0.804,1.6967926605095855,0.804,1.8619669065800775,1.113531397374683,0.9927554366861551,2.412,2.412,1.608,1.9477106732237304,0.8998915522514921,0.9370316702449323,0.9555729396614707,0.8802654687383759,1.608,1.07140860689532,0.957931938889747,1.0714306302423793,0.804,1.7794838545200538,0.9401352190681697,2.412,0.804,1.0623715000641336,0.9211631968189538,1.0280766740410061,0.9136119677718996,1.9297698913115706,0.804,0.8606461018137741,1.997864572030335,0.8941443793424766,0.919153077274906,3.216,0.8934366824016806,1.6655565376406956,1.7656636082609274,1.0675670534834016,0.8819489044441104,3.216,1.6861294624470071,0.9993389225923117,1.1372716797698832,1.0424607306957503,1.846486502237648,0.804,0.831770474573741,1.608,1.6321444050730456,0.8941331849619578,0.8937257631617443,0.8900554897110274,0.8946649143181844,1.0123836613613306,1.0119426512779945,0.949506172738982,1.608,3.216,1.03051904343731,0.804,0.8345192469549891,0.879957615528168,1.054027683170937,1.0506234350552688,1.0235750154244927,1.7366758516845602,0.8892147182948141,1.2,2.412,0.8890877233295571,2.412,0.9545251959227911,0.9217563903563635,1.0187706873682245,0.804,1.6827887639659842,1.102135690241827
6,31,1.9388002980868855,1.9884214984342123,1.0657946431036178,0.953301218698336,0.9405292720090267,0.9091477662976593,1.0310684975286788,0.9701122337734885,1.083231771198648,2.412,0.9140831750333696,0.804,0.9845883769995261,1.652484642659815,0.9614061257701859,0.9405093649797849,1.6418678872708412,0.9419274624894924,0.975050049151941,0.951202883994893,0.8582448316269177,0.9150116968571863,0.9936248061595865,0.804,1.6967926605095855,0.804,1.8619669065800775,1.113531397374683,0.9927554366861551,2.412,2.412,1.608,1.9477106732237304,0.8998915522514921,0.9370316702449323,0.9555729396614707,0.8802654687383759,1.608,1.07140860689532,0.957931938889747,1.0714306302423793,0.804,1.7794838545200538,0.9401352190681697,2.412,0.804,1.0623715000641336,0.9211631968189538,1.0280766740410061,0.9136119677718996,1.9297698913115706,0.804,0.8606461018137741,1.997864572030335,0.8941443793424766,0.919153077274906,3.216,0.8934366824016806,1.6655565376406956,1.7656636082609274,1.0675670534834016,0.8819489044441104,3.216,1.6861294624470071,0.9993389225923117,1.1372716797698832,1.0424607306957503,1.846486502237648,0.804,0.831770474573741,1.608,1.6321444050730456,0.8941331849619578,0.8937257631617443,0.8900554897110274,0.8946649143181844,1.0123836613613306,1.0119426512779945,0.949506172738982,1.608,3.216,1.03051904343731,0.804,0.8345192469549891,0.879957615528168,1.054027683170937,1.0506234350552688,1.0235750154244927,1.7366758516845602,0.8892147182948141,1.2,2.412,0.8890877233295571,2.412,0.9545251959227911,0.9217563903563635,1.0187706873682245,0.804,1.6827887639659842,1.102135690241827
6,32,1.9388002980868855,1.9884214984342123,1.0657946431036178,0.953301218698336,0.9405292720090267,0.9091477662976593,1.0310684975286788,0.9701122337734885,1.083231771198648,2.412,0.9140831750333696,0.804,0.9845883769995261,1.652484642659815,0.9614061257701859,0.9405093649797849,1.6418678872708412,0.9419274624894924,0.975050049151941,0.951202883994893,0.8582448316269177,0.9150116968571863,0.9936248061595865,0.804,1.6967926605095855,0.804,1.8619669065800775,1.113531397374683,0.9927554366861551,2.412,2.412,1.608,1.9477106732237304,0.8998915522514921,0.9370316702449323,0.9555729396614707,0.8802654687383759,1.608,1.07140860689532,0.957931938889747,1.0714306302423793,0.804,1.7794838545200538,0.9401352190681697,2.412,0.804,1.0623715000641336,0.9211631968189538,1.0280766740410061,0.9136119677718996,1.9297698913115706,0.804,0.8606461018137741,1.997864572030335,0.8941443793424766,0.919153077274906,3.216,0.8934366824016806,1.6655565376406956,1.7656636082609274,1.0675670534834016,0.8819489044441104,3.216,1.6861294624470071,0.9993389225923117,1.1372716797698832,1.0424607306957503,1.846486502237648,0.804,0.831770474573741,1.608,1.6321444050730456,0.8941331849619578,0.8937257631617443,0.8900554897110274,0.8946649143181844,1.0123836613613306,1.0119426512779945,0.949506172738982,1.608,3.216,1.03051904343731,0.804,0.8345192469549891,0.879957615528168,1.054027683170937,1.0506234350552688,1.0235750154244927,1.7366758516845602,0.8892147182948141,1.2,2.412,0.8890877233295571,2.412,0.9545251959227911,0.9217563903563635,1.0187706873682245,0.804,1.6827887639659842,1.102135690241827
6,33,1.9388002980868855,1.9884214984342123,1.0657946431036178,0.953301218698336,0.9405292720090267,0.9091477662976593,1.0310684975286788,0.9701122337734885,1.083231771198648,2.412,0.9140831750333696,0.804,0.9845883769995261,1.652484642659815,0.9614061257701859,0.9405093649797849,1.6418678872708412,0.9419274624894924,0.975050049151941,0.951202883994893,0.8582448316269177,0.9150116968571863,0.9936248061595865,0.804,1.6967926605095855,0.804,1.8619669065800775,1.113531397374683,0.9927554366861551,2.412,2.412,1.608,1.9477106732237304,0.8998915522514921,0.9370316702449323,0.9555729396614707,0.8802654687383759,1.608,1.07140860689532,0.957931938889747,1.0714306302423793,0.804,1.7794838545200538,0.9401352190681697,2.412,0.804,1.0623715000641336,0.9211631968189538,1.0280766740410061,0.9136119677718996,1.9297698913115706,0.804,0.8606461018137741,1.997864572030335,0.8941443793424766,0.919153077274906,3.216,0.8934366824016806,1.6655565376406956,1.7656636082609274,1.0675670534834016,0.8819489044441104,3.216,1.6861294624470071,0.9993389225923117,1.1372716797698832,1.0424607306957503,1.846486502237648,0.804,0.831770474573741,1.608,1.6321444050730456,0.8941331849619578,0.8937257631617443,0.8900554897110274,0.8946649143181844,1.0123836613613306,1.0119426512779945,0.949506172738982,1.608,3.216,1.03051904343731,0.804,0.8345192469549891,0.879957615528168,1.054027683170937,1.0506234350552688,1.0235750154244927,1.7366758516845602,0.8892147182948141,1.2,2.412,0.8890877233295571,2.412,0.9545251959227911,0.9217563903563635,1.0187706873682245,0.804,1.6827887639659842,1.102135690241827
6,34,1.9388002980868855,1.9884214984342123,1.0657946431036178,0.953301218698336,0.9405292720090267,0.9091477662976593,1.0310684975286788,0.9701122337734885,1.083231771198648,2.412,0.9140831750333696,0.804,0.9845883769995261,1.652484642659815,0.9614061257701859,0.9405093649797849,1.6418678872708412,0.9419274624894924,0.975050049151941,0.951202883994893,0.8582448316269177,0.9150116968571863,0.9936248061595865,0.804,1.6967926605095855,0.804,1.8619669065800775,1.113531397374683,0.9927554366861551,2.412,2.412,1.608,1.9477106732237304,0.8998915522514921,0.9370316702449323,0.9555729396614707,0.8802654687383759,1.608,1.07140860689532,0.957931938889747,1.0714306302423793,0.804,1.7794838545200538,0.9401352190681697,2.412,0.804,1.0623715000641336,0.9211631968189538,1.0280766740410061,0.9136119677718996,1.9297698913115706,0.804,0.8606461018137741,1.997864572030335,0.8941443793424766,0.919153077274906,3.216,0.8934366824016806,1.6655565376406956,1.7656636082609274,1.0675670534834016,0.8819489044441104,3.216,1.6861294624470071,0.9993389225923117,1.1372716797698832,1.0424607306957503,1.846486502237648,0.804,0.831770474573741,1.608,1.6321444050730456,0.8941331849619578,0.8937257631617443,0.8900554897110274,0.8946649143181844,1.0123836613613306,1.0119426512779945,0.949506172738982,1.608,3.216,1.03051904343731,0.804,0.8345192469549891,0.879957615528168,1.054027683170937,1.0506234350552688,1.0235750154244927,1.7366758516845602,0.8892147182948141,1.2,2.412,0.8890877233295571,2.412,0.9545251959227911,0.9217563903563635,1.0187706873682245,0.804,1.6827887639659842,1.102135690241827
6,35,1.9388002980868855,1.9884214984342123,1.0657946431036178,0.953301218698336,0.9405292720090267,0.9091477662976593,1.0310684975286788,0.9701122337734885,1.083231771198648,2.412,0.9140831750333696,0.804,0.9845883769995261,1.652484642659815,0.9614061257701859,0.9405093649797849,1.6418678872708412,0.9419274624894924,0.975050049151941,0.951202883994893,0.8582448316269177,0.9150116968571863,0.9936248061595865,0.804,1.6967926605095855,0.804,1.8619669065800775,1.113531397374683,0.9927554366861551,2.412,2.412,1.608,1.9477106732237304,0.8998915522514921,0.9370316702449323,0.9555729396614707,0.8802654687383759,1.608,1.07140860689532,0.957931938889747,1.0714306302423793,0.804,1.7794838545200538,0.9401352190681697,2.412,0.804,1.0623715000641336,0.9211631968189538,1.0280766740410061,0.9136119677718996,1.9297698913115706,0.804,0.8606461018137741,1.997864572030335,0.8941443793424766,0.919153077274906,3.216,0.8934366824016806,1.6655565376406956,1.7656636082609274,1.0675670534834016,0.8819489044441104,3.216,1.6861294624470071,0.9993389225923117,1.1372716797698832,1.0424607306957503,1.846486502237648,0.804,0.831770474573741,1.608,1.6321444050730456,0.8941331849619578,0.8937257631617443,0.8900554897110274,0.8946649143181844,1.0123836613613306,1.0119426512779945,0.949506172738982,1.608,3.216,1.03051904343731,0.804,0.8345192469549891,0.879957615528168,1.054027683170937,1.0506234350552688,1.0235750154244927,1.7366758516845602,0.8892147182948141,1.2,2.412,0.8890877233295571,2.412,0.9545251959227911,0.9217563903563635,1.0187706873682245,0.804,1.6827887639659842,1.102135690241827
6,36,1.9388002980868855,1.9884214984342123,1.0657946431036178,0.953301218698336,0.9405292720090267,0.9091477662976593,1.0310684975286788,0.9701122337734885,1.083231771198648,2.412,0.9140831750333696,0.804,0.9845883769995261,1.652484642659815,0.9614061257701859,0.9405093649797849,1.6418678872708412,0.9419274624894924,0.975050049151941,0.951202883994893,0.8582448316269177,0.9150116968571863,0.9936248061595865,0.804,1.6967926605095855,0.804,1.8619669065800775,1.113531397374683,0.9927554366861551,2.412,2.412,1.608,1.9477106732237304,0.8998915522514921,0.9370316702449323,0.9555729396614707,0.8802654687383759,1.608,1.07140860689532,0.957931938889747,1.0714306302423793,0.804,1.7794838545200538,0.9401352190681697,2.412,0.804,1.0623715000641336,0.9211631968189538,1.0280766740410061,0.9136119677718996,1.9297698913115706,0.804,0.8606461018137741,1.997864572030335,0.8941443793424766,0.919153077274906,3.216,0.8934366824016806,1.6655565376406956,1.7656636082609274,1.0675670534834016,0.8819489044441104,3.216,1.6861294624470071,0.9993389225923117,1.1372716797698832,1.0424607306957503,1.846486502237648,0.804,0.831770474573741,1.608,1.6321444050730456,0.8941331849619578,0.8937257631617443,0.8900554897110274,0.8946649143181844,1.0123836613613306,1.0119426512779945,0.949506172738982,1.608,3.216,1.03051904343731,0.804,0.8345192469549891,0.879957615528168,1.054027683170937,1.0506234350552688,1.0235750154244927,1.7366758516845602,0.8892147182948141,1.2,2.412,0.8890877233295571,2.412,0.9545251959227911,0.9217563903563635,1.0187706873682245,0.804,1.6827887639659842,1.102135690241827
6,37,1.9388002980868855,1.9884214984342123,1.0657946431036178,0.953301218698336,0.9405292720090267,0.9091477662976593,1.0310684975286788,0.9701122337734885,1.083231771198648,2.412,0.9140831750333696,0.804,0.9845883769995261,1.652484642659815,0.9614061257701859,0.9405093649797849,1.6418678872708412,0.9419274624894924,0.975050049151941,0.951202883994893,0.8582448316269177,0.9150116968571863,0.9936248061595865,0.804,1.6967926605095855,0.804,1.8619669065800775,1.113531397374683,0.9927554366861551,2.412,2.412,1.608,1.9477106732237304,0.8998915522514921,0.9370316702449323,0.9555729396614707,0.8802654687383759,1.608,1.07140860689532,0.957931938889747,1.0714306302423793,0.804,1.7794838545200538,0.9401352190681697,2.412,0.804,1.0623715000641336,0.9211631968189538,1.0280766740410061,0.9136119677718996,1.9297698913115706,0.804,0.8606461018137741,1.997864572030335,0.8941443793424766,0.919153077274906,3.216,0.8934366824016806,1.6655565376406956,1.7656636082609274,1.0675670534834016,0.8819489044441104,3.216,1.6861294624470071,0.9993389225923117,1.1372716797698832,1.0424607306957503,1.846486502237648,0.804,0.831770474573741,1.608,1.6321444050730456,0.8941331849619578,0.8937257631617443,0.8900554897110274,0.8946649143181844,1.0123836613613306,1.0119426512779945,0.949506172738982,1.608,3.216,1.03051904343731,0.804,0.8345192469549891,0.879957615528168,1.054027683170937,1.0506234350552688,1.0235750154244927,1.7366758516845602,0.8892147182948141,1.2,2.412,0.8890877233295571,2.412,0.9545251959227911,0.9217563903563635,1.0187706873682245,0.804,1.6827887639659842,1.102135690241827
6,38,1.9388002980868855,1.9884214984342123,1.0657946431036178,0.953301218698336,0.9405292720090267,0.9091477662976593,1.0310684975286788,0.9701122337734885,1.083231771198648,2.412,0.9140831750333696,0.804,0.9845883769995261,1.652484642659815,0.9614061257701859,0.9405093649797849,1.6418678872708412,0.9419274624894924,0.975050049151941,0.951202883994893,0.8582448316269177,0.9150116968571863,0.9936248061595865,0.804,1.6967926605095855,0.804,1.8619669065800775,1.113531397374683,0.9927554366861551,2.412,2.412,1.608,1.9477106732237304,0.8998915522514921,0.9370316702449323,0.9555729396614707,0.8802654687383759,1.608,1.07140860689532,0.957931938889747,1.0714306302423793,0.804,1.7794838545200538,0.9401352190681697,2.412,0.804,1.0623715000641336,0.9211631968189538,1.0280766740410061,0.9136119677718996,1.9297698913115706,0.804,0.8606461018137741,1.997864572030335,0.8941443793424766,0.919153077274906,3.216,0.8934366824016806,1.6655565376406956,1.7656636082609274,1.0675670534834016,0.8819489044441104,3.216,1.6861294624470071,0.9993389225923117,1.1372716797698832,1.0424607306957503,1.846486502237648,0.804,0.831770474573741,1.608,1.6321444050730456,0.8941331849619578,0.8937257631617443,0.8900554897110274,0.8946649143181844,1.0123836613613306,1.0119426512779945,0.949506172738982,1.608,3.216,1.03051904343731,0.804,0.8345192469549891,0.879957615528168,1.054027683170937,1.0506234350552688,1.0235750154244927,1.7366758516845602,0.8892147182948141,1.2,2.412,0.8890877233295571,2.412,0.9545251959227911,0.9217563903563635,1.0187706873682245,0.804,1.6827887639659842,1.102135690241827
6,39,1.9388002980868855,1.9884214984342123,1.0657946431036178,0.953301218698336,0.9405292720090267,0.9091477662976593,1.0310684975286788,0.9701122337734885,1.083231771198648,2.412,0.9140831750333696,0.804,0.9845883769995261,1.652484642659815,0.9614061257701859,0.9405093649797849,1.6418678872708412,0.9419274624894924,0.975050049151941,0.951202883994893,0.8582448316269177,0.9150116968571863,0.9936248061595865,0.804,1.6967926605095855,0.804,1.8619669065800775,1.113531397374683,0.9927554366861551,2.412,2.412,1.608,1.9477106732237304,0.8998915522514921,0.9370316702449323,0.9555729396614707,0.8802654687383759,1.608,1.07140860689532,0.957931938889747,1.0714306302423793,0.804,1.7794838545200538,0.9401352190681697,2.412,0.804,1.0623715000641336,0.9211631968189538,1.0280766740410061,0.9136119677718996,1.9297698913115706,0.804,0.8606461018137741,1.997864572030335,0.8941443793424766,0.919153077274906,3.216,0.8934366824016806,1.6655565376406956,1.7656636082609274,1.0675670534834016,0.8819489044441104,3.216,1.6861294624470071,0.9993389225923117,1.1372716797698832,1.0424607306957503,1.846486502237648,0.804,0.831770474573741,1.608,1.6321444050730456,0.8941331849619578,0.8937257631617443,0.8900554897110274,0.8946649143181844,1.0123836613613306,1.0119426512779945,0.949506172738982,1.608,3.216,1.03051904343731,0.804,0.8345192469549891,0.879957615528168,1.054027683170937,1.0506234350552688,1.0235750154244927,1.7366758516845602,0.8892147182948141,1.2,2.412,0.8890877233295571,2.412,0.9545251959227911,0.9217563903563635,1.0187706873682245,0.804,1.6827887639659842,1.102135690241827
7,0,0.9419274624894924,1.18959133506717,0.912718262509953,0.804,2.7389953044980233,0.9540541070468957,1.0714306302423793,1.0559716992729606,1.113531397374683,0.804,2.424943396626908,0.8286232493666451,0.9041870616007276,1.0006814510778939,0.9165474560825564,1.1203508188004905,1.0213516712059538,0.953301218698336,1.6372901310753187,1.0623715000641336,1.608,0.8998915522514921,1.608,0.8970596623535314,1.0614929023871973,0.9927554366861551,1.608,0.804,1.1196338590694188,1.118330357216602,2.491589391426089,2.412,0.9936248061595865,1.1142837568652884,2.087285233684919,2.0696979326434466,1.9884214984342123,1.608,1.9388002980868855,0.804,2.598150180902839,0.9000721434947201,0.9192051715707454,0.804,1.608,0.9442538431996625,1.0445385388745592,0.975050049151941,0.804,0.8416162967306895,1.1266928350366692,0.8544075066749851,0.9010286403062777,1.6352748491575668,1.0827038252284589,0.9775926897877772,0.992868058627992,0.804,1.6611168815715365,0.934798877248276,0.804,1.878457624905205,0.8518896683700381,0.9337372570061174,0.9934085310930562,1.0951368705496485,1.7992024873411676,2.534208992457665,1.1383688998878856,2.440592825450352,1.608,1.1193603472789015,0.9023271482136538,1.0366190998621116,0.9433010489470018,2.038262787398811,1.6133697607175859,2.502759166475223,1.608,1.045093203452215,1.608,1.608,0.9423609928150821,1.77689116704021,0.9394262988956252,0.8073496151600266,0.8545430573432781,0.8725960400078918,0.9403575622073452,1.608,0.8305251909284284,1.0398162156858957,1.871523833639519,0.8920075582036816,1.7620473066894253,0.9763478820645208,0.8274829205073941,2.412,1.131538264860108,1.023025646271719
7,1,0.9419274624894924,2.617942782912837,0.9090337879354945,0.9164512897364847,2.7389953044980233,1.8788458029174495,2.412,1.9679272523165574,0.804,0.879124407080659,0.9145790509498061,1.7864617817089705,0.9041870616007276,1.6824876223782401,1.9350289210276936,0.9926123904253406,3.216,0.953301218698336,1.6372901310753187,1.0623715000641336,1.0272072368002385,0.8998915522514921,1.608,0.8970596623535314,1.0614929023871973,0.9927554366861551,1.608,0.804,1.1196338590694188,1.118330357216602,2.491589391426089,2.412,0.9936248061595865,1.1142837568652884,2.087285233684919,2.0696979326434466,1.9884214984342123,1.608,1.9388002980868855,0.804,2.598150180902839,1.608,0.9192051715707454,0.804,1.608,1.8512180156066536,1.0445385388745592,0.975050049151941,0.804,0.8416162967306895,1.1266928350366692,2.412,1.8961105480998017,1.7158957732126936,1.08718281333014,1.0087944353616574,1.0258961848456885,0.9392237329993007,0.950637389221113,0.934798877248276,0.804,1.878457624905205,0.8518896683700381,0.9337372570061174,0.9934085310930562,1.0951368705496485,1.7992024873411676,2.534208992457665,1.1383688998878856,2.440592825450352,1.05551964440857,1.9610838671185964,0.9023271482136538,0.9702795651204933,2.4134856410724392,2.038262787398811,2.782949678923031,1.0740565840102965,1.038886129860235,0.9611653971457097,3.216,1.608,0.9423609928150821,1.77689116704021,0.9394262988956252,3.216,1.795061903682694,0.9486551971667218,0.804,0.9280530362203239,0.8700110541818891,1.0398162156858957,1.871523833639519,1.7668816285050122,2.412,0.9838891701355307,0.8274829205073941,2.412,1.1259871816991203,0.804
7,2,0.9419274624894924,2.617942782912837,0.9090337879354945,0.9164512897364847,2.7389953044980233,1.8788458029174495,2.412,1.9679272523165574,0.804,0.879124407080659,1.740365628530986,1.7864617817089705,0.9041870616007276,0.804,0.9196454463962072,1.0182544354228455,3.216,0.953301218698336,1.6372901310753187,1.0623715000641336,1.0272072368002385,0.804,3.216,0.8970596623535314,1.0614929023871973,0.9927554366861551,1.608,0.804,1.1196338590694188,1.118330357216602,2.491589391426089,0.9249973807301951,0.92408077698972,0.804,2.412,2.580276052598655,1.002792557916911,1.608,1.9388002980868855,0.804,2.598150180902839,1.608,0.9192051715707454,0.804,1.608,1.8512180156066536,1.0445385388745592,0.975050049151941,0.804,0.8416162967306895,1.1266928350366692,2.412,1.8961105480998017,1.7158957732126936,1.08718281333014,2.412,1.0258961848456885,1.608,0.9227701241109726,0.934798877248276,0.804,1.9035184810258752,0.804,0.804,3.216,1.0951368705496485,1.0104095458336158,2.412,1.0516746363715461,2.440592825450352,1.05551964440857,1.9610838671185964,0.9023271482136538,0.9702795651204933,2.4134856410724392,2.038262787398811,2.782949678923031,2.412,0.9575118528905431,0.9275924863681646,3.216,1.608,0.880291010364833,1.0007656698724465,0.804,3.216,1.795061903682694,0.9486551971667218,0.804,2.412,0.917945924272997,0.9935089905273646,0.892649288039913,1.7668816285050122,2.412,0.9336603290629877,0.804,2.412,0.8736917258271815,0.804
7,3,0.9419274624894924,2.617942782912837,0.9090337879354945,0.804,0.9942617946989173,1.8788458029174495,2.412,1.9679272523165574,0.804,0.879124407080659,1.740365628530986,1.7864617817089705,0.9041870616007276,0.804,0.9196454463962072,1.0182544354228455,3.216,0.953301218698336,1.6372901310753187,1.0623715000641336,1.0272072368002385,0.804,3.216,0.8970596623535314,1.0614929023871973,0.9927554366861551,1.608,0.804,1.1196338590694188,1.118330357216602,2.491589391426089,0.9249973807301951,0.92408077698972,0.804,2.412,2.580276052598655,1.002792557916911,1.737582186652249,1.9388002980868855,0.804,2.598150180902839,1.608,0.9192051715707454,0.804,1.608,2.5714146615584923,0.8981662128037283,0.975050049151941,0.804,0.8416162967306895,1.1266928350366692,2.412,1.6356000413616631,1.7158957732126936,1.08718281333014,2.412,1.0258961848456885,1.608,0.9227701241109726,0.934798877248276,0.804,1.9035184810258752,0.804,0.804,3.216,1.0951368705496485,1.0104095458336158,2.412,1.0516746363715461,0.8862637576865638,0.8686662964870638,1.9610838671185964,0.9023271482136538,0.9097273954683502,2.412,1.608,2.412,2.412,0.9575118528905431,0.9275924863681646,3.216,1.608,0.880291010364833,1.0007656698724465,0.804,0.8972795620108466,1.608,1.0077813646740452,0.804,2.412,0.917945924272997,0.9935089905273646,0.892649288039913,1.608,2.412,0.9336603290629877,0.804,1.7567889465828723,0.8736917258271815,0.8728742601621413
7,4,0.9419274624894924,2.617942782912837,0.9090337879354945,0.804,0.9942617946989173,1.8788458029174495,2.412,1.9679272523165574,0.804,0.879124407080659,1.740365628530986,1.7864617817089705,0.9041870616007276,0.804,1.608,1.0182544354228455,3.216,0.953301218698336,1.6372901310753187,1.0623715000641336,1.0272072368002385,0.804,3.216,0.8970596623535314,1.0614929023871973,0.9927554366861551,1.608,0.804,1.1196338590694188,1.118330357216602,2.491589391426089,0.9249973807301951,0.92408077698972,0.804,2.412,2.580276052598655,1.002792557916911,1.737582186652249,1.9388002980868855,0.804,2.598150180902839,1.608,0.9192051715707454,0.804,1.608,2.5714146615584923,0.8981662128037283,0.975050049151941,0.804,0.8416162967306895,1.1266928350366692,2.412,1.6356000413616631,1.7158957732126936,1.08718281333014,2.412,1.0258961848456885,1.6830935822313924,0.9227701241109726,0.934798877248276,0.804,1.9035184810258752,0.804,0.804,3.216,1.0951368705496485,1.0104095458336158,2.412,1.0516746363715461,0.8862637576865638,0.8686662964870638,1.9610838671185964,0.9023271482136538,0.9097273954683502,2.412,1.608,2.412,2.412,0.9575118528905431,0.8309106070927249,3.216,1.608,0.880291010364833,1.0007656698724465,0.804,0.8972795620108466,1.608,1.0077813646740452,0.804,2.412,0.9174011213354529,0.9935089905273646,0.892649288039913,1.608,2.412,0.9409877296613532,0.804,1.7567889465828723,0.804,0.8285533300631585
7,5,0.9419274624894924,2.617942782912837,0.9090337879354945,0.804,0.9942617946989173,1.8788458029174495,2.412,1.9679272523165574,0.804,0.879124407080659,1.740365628530986,1.7864617817089705,0.9041870616007276,0.804,1.608,1.0182544354228455,3.216,0.953301218698336,1.6372901310753187,1.0623715000641336,1.0272072368002385,0.804,3.216,0.8970596623535314,1.0614929023871973,0.9927554366861551,1.608,0.804,1.1196338590694188,1.118330357216602,2.491589391426089,0.9249973807301951,0.92408077698972,0.804,2.412,2.580276052598655,1.002792557916911,1.737582186652249,1.9388002980868855,0.804,2.598150180902839,1.608,1.608,0.804,1.608,2.5714146615584923,0.8981662128037283,0.975050049151941,0.804,0.8416162967306895,1.1266928350366692,2.412,1.6356000413616631,1.7158957732126936,1.08718281333014,2.412,1.0258961848456885,1.6830935822313924,0.9227701241109726,0.934798877248276,0.804,1.9035184810258752,0.804,0.804,3.216,1.0951368705496485,1.0104095458336158,2.412,1.0516746363715461,0.8862637576865638,0.8686662964870638,1.9147538274837381,0.9604646542887716,0.9097273954683502,2.412,1.608,2.412,2.412,0.9575118528905431,0.8309106070927249,3.216,1.608,0.880291010364833,1.0007656698724465,0.804,0.8972795620108466,1.6491354521672732,1.0077813646740452,0.804,2.412,0.9174011213354529,0.9935089905273646,0.892649288039913,1.608,2.412,0.9409877296613532,0.804,2.412,0.804,0.810173296238908
7,6,0.9419274624894924,2.617942782912837,0.9090337879354945,0.804,0.9942617946989173,1.8788458029174495,2.412,1.9679272523165574,0.804,0.879124407080659,1.740365628530986,1.7864617817089705,0.9041870616007276,0.804,1.608,1.0182544354228455,3.216,0.953301218698336,1.6372901310753187,1.0623715000641336,1.0272072368002385,0.804,3.216,0.8970596623535314,1.0614929023871973,0.9927554366861551,1.608,0.804,1.1196338590694188,1.118330357216602,2.491589391426089,0.9249973807301951,0.92408077698972,0.804,2.412,2.580276052598655,1.002792557916911,1.737582186652249,1.9388002980868855,0.804,2.598150180902839,1.608,1.608,0.804,1.608,2.5714146615584923,0.8981662128037283,0.975050049151941,0.804,0.8416162967306895,1.1266928350366692,2.412,1.6356000413616631,1.7158957732126936,1.08718281333014,2.412,1.0258961848456885,1.6830935822313924,0.9227701241109726,0.934798877248276,0.804,1.9035184810258752,0.804,0.804,3.216,1.0951368705496485,1.0104095458336158,2.412,1.0516746363715461,0.8862637576865638,0.8686662964870638,1.9147538274837381,0.9604646542887716,0.9097273954683502,2.412,1.608,2.412,2.412,0.9575118528905431,0.8309106070927249,3.216,1.608,0.880291010364833,1.0007656698724465,0.804,0.8972795620108466,1.6491354521672732,1.0077813646740452,0.804,2.412,0.9174011213354529,0.9935089905273646,0.892649288039913,1.608,2.412,0.9409877296613532,0.804,2.412,0.804,0.810173296238908
7,7,0.9419274624894924,2.617942782912837,0.9090337879354945,0.804,0.9942617946989173,1.8788458029174495,2.412,1.9679272523165574,0.804,0.879124407080659,1.740365628530986,1.7864617817089705,0.9041870616007276,0.804,1.608,1.0182544354228455,3.216,0.953301218698336,1.6372901310753187,1.0623715000641336,1.0272072368002385,0.804,3.216,0.8970596623535314,1.0614929023871973,0.9927554366861551,1.608,0.804,1.1196338590694188,1.118330357216602,2.491589391426089,0.9249973807301951,0.92408077698972,0.804,2.412,2.580276052598655,1.002792557916911,1.737582186652249,1.9388002980868855,0.804,2.598150180902839,1.608,1.608,0.804,1.608,2.5714146615584923,0.8981662128037283,0.975050049151941,0.804,0.8416162967306895,1.1266928350366692,2.412,1.6356000413616631,1.7158957732126936,1.08718281333014,2.412,1.0258961848456885,1.6830935822313924,0.9227701241109726,0.934798877248276,0.804,1.9035184810258752,0.804,0.804,3.216,1.0951368705496485,1.0104095458336158,2.412,1.0516746363715461,0.8862637576865638,0.8686662964870638,1.9147538274837381,0.9604646542887716,0.9097273954683502,2.412,1.608,2.412,2.412,0.9575118528905431,0.8309106070927249,3.216,1.608,0.880291010364833,1.0007656698724465,0.804,0.8972795620108466,1.6491354521672732,1.0077813646740452,0.804,2.412,0.9174011213354529,0.9935089905273646,0.892649288039913,1.608,2.412,0.9409877296613532,0.804,2.412,0.804,0.810173296238908
7,8,0.9419274624894924,2.617942782912837,0.9090337879354945,0.804,0.9942617946989173,1.8788458029174495,2.412,1.9679272523165574,0.804,0.879124407080659,1.740365628530986,1.7864617817089705,0.9041870616007276,0.804,1.608,1.0182544354228455,3.216,0.953301218698336,1.6372901310753187,1.0623715000641336,1.0272072368002385,0.804,3.216,0.8970596623535314,1.0614929023871973,0.9927554366861551,1.608,0.804,1.1196338590694188,1.118330357216602,2.491589391426089,0.9249973807301951,0.92408077698972,0.804,2.412,2.580276052598655,1.002792557916911,1.737582186652249,1.9388002980868855,0.804,2.598150180902839,1.608,1.608,0.804,1.608,2.5714146615584923,0.8981662128037283,0.975050049151941,0.804,0.8416162967306895,1.1266928350366692,2.412,1.6356000413616631,1.7158957732126936,1.08718281333014,2.412,1.0258961848456885,1.6830935822313924,0.9227701241109726,0.934798877248276,0.804,1.9035184810258752,0.804,0.804,3.216,1.0951368705496485,1.0104095458336158,2.412,1.0516746363715461,0.8862637576865638,0.8686662964870638,1.9147538274837381,0.9604646542887716,0.9097273954683502,2.412,1.608,2.412,2.412,0.9575118528905431,0.8309106070927249,3.216,1.608,0.880291010364833,1.0007656698724465,0.804,0.8972795620108466,1.6491354521672732,1.0077813646740452,0.804,2.412,0.9174011213354529,0.9935089905273646,0.892649288039913,1.608,2.412,0.9409877296613532,0.804,2.412,0.804,0.810173296238908
7,9,0.9419274624894924,2.617942782912837,0.9090337879354945,0.804,0.9942617946989173,1.8788458029174495,2.412,1.9679272523165574,0.804,0.879124407080659,1.740365628530986,1.7864617817089705,0.9041870616007276,0.804,1.608,1.0182544354228455,3.216,0.953301218698336,1.6372901310753187,1.0623715000641336,1.0272072368002385,0.804,3.216,0.8970596623535314,1.0614929023871973,0.9927554366861551,1.608,0.804,1.1196338590694188,1.118330357216602,2.491589391426089,0.9249973807301951,0.92408077698972,0.804,2.412,2.580276052598655,1.002792557916911,1.737582186652249,1.9388002980868855,0.804,2.598150180902839,1.608,1.608,0.804,1.608,2.5714146615584923,0.8981662128037283,0.975050049151941,0.804,0.8416162967306895,1.1266928350366692,2.412,1.6356000413616631,1.7158957732126936,1.08718281333014,2.412,1.0258961848456885,1.6830935822313924,0.9227701241109726,0.934798877248276,0.804,1.9035184810258752,0.804,0.804,3.216,1.0951368705496485,1.0104095458336158,2.412,1.0516746363715461,0.8862637576865638,0.8686662964870638,1.9147538274837381,0.9604646542887716,0.9097273954683502,2.412,1.608,2.412,2.412,0.9575118528905431,0.8309106070927249,3.216,1.608,0.880291010364833,1.0007656698724465,0.804,0.8972795620108466,1.6491354521672732,1.0077813646740452,0.804,2.412,0.9174011213354529,0.9935089905273646,0.892649288039913,1.608,2.412,0.9409877296613532,0.804,2.412,0.804,0.810173296238908
7,10,0.9419274624894924,2.617942782912837,0.9090337879354945,0.804,0.9942617946989173,1.8788458029174495,2.412,1.9679272523165574,0.804,0.879124407080659,1.740365628530986,1.7864617817089705,0.9041870616007276,0.804,1.608,1.0182544354228455,3.216,0.953301218698336,1.6372901310753187,1.0623715000641336,1.0272072368002385,0.804,3.216,0.8970596623535314,1.0614929023871973,0.9927554366861551,1.608,0.804,1.1196338590694188,1.118330357216602,2.491589391426089,0.9249973807301951,0.92408077698972,0.804,2.412,2.580276052598655,1.002792557916911,1.737582186652249,1.9388002980868855,0.804,2.598150180902839,1.608,1.608,0.804,1.608,2.5714146615584923,0.8981662128037283,0.975050049151941,0.804,0.8416162967306895,1.1266928350366692,2.412,1.6356000413616631,1.7158957732126936,1.08718281333014,2.412,1.0258961848456885,1.6830935822313924,0.9227701241109726,0.934798877248276,0.804,1.9035184810258752,0.804,0.804,3.216,1.0951368705496485,1.0104095458336158,2.412,1.0516746363715461,0.8862637576865638,0.8686662964870638,1.9147538274837381,0.9604646542887716,0.9097273954683502,2.412,1.608,2.412,2.412,0.9575118528905431,0.8309106070927249,3.216,1.608,0.880291010364833,1.0007656698724465,0.804,0.8972795620108466,1.6491354521672732,1.0077813646740452,0.804,2.412,0.9174011213354529,0.9935089905273646,0.892649288039913,1.608,2.412,0.9409877296613532,0.804,2.412,0.804,0.810173296238908
7,11,0.9419274624894924,2.617942782912837,0.9090337879354945,0.804,0.9942617946989173,1.8788458029174495,2.412,1.9679272523165574,0.804,0.879124407080659,1.740365628530986,1.7864617817089705,0.9041870616007276,0.804,1.608,1.0182544354228455,3.216,0.953301218698336,1.6372901310753187,1.0623715000641336,1.0272072368002385,0.804,3.216,0.8970596623535314,1.0614929023871973,0.9927554366861551,1.608,0.804,1.1196338590694188,1.118330357216602,2.491589391426089,0.9249973807301951,0.92408077698972,0.804,2.412,2.580276052598655,1.002792557916911,1.737582186652249,1.9388002980868855,0.804,2.598150180902839,1.608,1.608,0.804,1.608,2.5714146615584923,0.8981662128037283,0.975050049151941,0.804,0.8416162967306895,1.1266928350366692,2.412,1.6356000413616631,1.7158957732126936,1.08718281333014,2.412,1.0258961848456885,1.6830935822313924,0.9227701241109726,0.934798877248276,0.804,1.9035184810258752,0.804,0.804,3.216,1.0951368705496485,1.0104095458336158,2.412,1.0516746363715461,0.8862637576865638,0.8686662964870638,1.9147538274837381,0.9604646542887716,0.9097273954683502,2.412,1.608,2.412,2.412,0.9575118528905431,0.8309106070927249,3.216,1.608,0.880291010364833,1.0007656698724465,0.804,0.8972795620108466,1.6491354521672732,1.0077813646740452,0.804,2.412,0.9174011213354529,0.9935089905273646,0.892649288039913,1.608,2.412,0.9409877296613532,0.804,2.412,0.804,0.810173296238908
7,12,0.9419274624894924,2.617942782912837,0.9090337879354945,0.804,0.9942617946989173,1.8788458029174495,2.412,1.9679272523165574,0.804,0.879124407080659,1.740365628530986,1.7864617817089705,0.9041870616007276,0.804,1.608,1.0182544354228455,3.216,0.953301218698336,1.6372901310753187,1.0623715000641336,1.0272072368002385,0.804,3.216,0.8970596623535314,1.0614929023871973,0.9927554366861551,1.608,0.804,1.1196338590694188,1.118330357216602,2.491589391426089,0.9249973807301951,0.92408077698972,0.804,2.412,2.580276052598655,1.002792557916911,1.737582186652249,1.9388002980868855,0.804,2.598150180902839,1.608,1.608,0.804,1.608,2.5714146615584923,0.8981662128037283,0.975050049151941,0.804,0.8416162967306895,1.1266928350366692,2.412,1.6356000413616631,1.7158957732126936,1.08718281333014,2.412,1.0258961848456885,1.6830935822313924,0.9227701241109726,0.934798877248276,0.804,1.9035184810258752,0.804,0.804,3.216,1.0951368705496485,1.0104095458336158,2.412,1.0516746363715461,0.8862637576865638,0.8686662964870638,1.9147538274837381,0.9604646542887716,0.9097273954683502,2.412,1.608,2.412,2.412,0.9575118528905431,0.8309106070927249,3.216,1.608,0.880291010364833,1.0007656698724465,0.804,0.8972795620108466,1.6491354521672732,1.0077813646740452,0.804,2.412,0.9174011213354529,0.9935089905273646,0.892649288039913,1.608,2.412,0.9409877296613532,0.804,2.412,0.804,0.810173296238908
7,13,0.9419274624894924,2.617942782912837,0.9090337879354945,0.804,0.9942617946989173,1.8788458029174495,2.412,1.9679272523165574,0.804,0.879124407080659,1.740365628530986,1.7864617817089705,0.9041870616007276,0.804,1.608,1.0182544354228455,3.216,0.953301218698336,1.6372901310753187,1.0623715000641336,1.0272072368002385,0.804,3.216,0.8970596623535314,1.0614929023871973,0.9927554366861551,1.608,0.804,1.1196338590694188,1.118330357216602,2.491589391426089,0.9249973807301951,0.92408077698972,0.804,2.412,2.580276052598655,1.002792557916911,1.737582186652249,1.9388002980868855,0.804,2.598150180902839,1.608,1.608,0.804,1.608,2.5714146615584923,0.8981662128037283,0.975050049151941,0.804,0.8416162967306895,1.1266928350366692,2.412,1.6356000413616631,1.7158957732126936,1.08718281333014,2.412,1.0258961848456885,1.6830935822313924,0.9227701241109726,0.934798877248276,0.804,1.9035184810258752,0.804,0.804,3.216,1.0951368705496485,1.0104095458336158,2.412,1.0516746363715461,0.8862637576865638,0.8686662964870638,1.9147538274837381,0.9604646542887716,0.9097273954683502,2.412,1.608,2.412,2.412,0.9575118528905431,0.8309106070927249,3.216,1.608,0.880291010364833,1.0007656698724465,0.804,0.8972795620108466,1.6491354521672732,1.0077813646740452,0.804,2.412,0.9174011213354529,0.9935089905273646,0.892649288039913,1.608,2.412,0.9409877296613532,0.804,2.412,0.804,0.810173296238908
7,14,0.9419274624894924,2.617942782912837,0.9090337879354945,0.804,0.9942617946989173,1.8788458029174495,2.412,1.9679272523165574,0.804,0.879124407080659,1.740365628530986,1.7864617817089705,0.9041870616007276,0.804,1.608,1.0182544354228455,3.216,0.953301218698336,1.6372901310753187,1.0623715000641336,1.0272072368002385,0.804,3.216,0.8970596623535314,1.0614929023871973,0.9927554366861551,1.608,0.804,1.1196338590694188,1.118330357216602,2.491589391426089,0.9249973807301951,0.92408077698972,0.804,2.412,2.580276052598655,1.002792557916911,1.737582186652249,1.9388002980868855,0.804,2.598150180902839,1.608,1.608,0.804,1.608,2.5714146615584923,0.8981662128037283,0.975050049151941,0.804,0.8416162967306895,1.1266928350366692,2.412,1.6356000413616631,1.7158957732126936,1.08718281333014,2.412,1.0258961848456885,1.6830935822313924,0.9227701241109726,0.934798877248276,0.804,1.9035184810258752,0.804,0.804,3.216,1.0951368705496485,1.0104095458336158,2.412,1.0516746363715461,0.8862637576865638,0.8686662964870638,1.9147538274837381,0.9604646542887716,0.9097273954683502,2.412,1.608,2.412,2.412,0.9575118528905431,0.8309106070927249,3.216,1.608,0.880291010364833,1.0007656698724465,0.804,0.8972795620108466,1.6491354521672732,1.0077813646740452,0.804,2.412,0.9174011213354529,0.9935089905273646,0.892649288039913,1.608,2.412,0.9409877296613532,0.804,2.412,0.804,0.810173296238908
7,15,0.9419274624894924,2.617942782912837,0.9090337879354945,0.804,0.9942617946989173,1.8788458029174495,2.412,1.9679272523165574,0.804,0.879124407080659,1.740365628530986,1.7864617817089705,0.9041870616007276,0.804,1.608,1.0182544354228455,3.216,0.953301218698336,1.6372901310753187,1.0623715000641336,1.0272072368002385,0.804,3.216,0.8970596623535314,1.0614929023871973,0.9927554366861551,1.608,0.804,1.1196338590694188,1.118330357216602,2.491589391426089,0.9249973807301951,0.92408077698972,0.804,2.412,2.580276052598655,1.002792557916911,1.737582186652249,1.9388002980868855,0.804,2.598150180902839,1.608,1.608,0.804,1.608,2.5714146615584923,0.8981662128037283,0.975050049151941,0.804,0.8416162967306895,1.1266928350366692,2.412,1.6356000413616631,1.7158957732126936,1.08718281333014,2.412,1.0258961848456885,1.6830935822313924,0.9227701241109726,0.934798877248276,0.804,1.9035184810258752,0.804,0.804,3.216,1.0951368705496485,1.0104095458336158,2.412,1.0516746363715461,0.8862637576865638,0.8686662964870638,1.9147538274837381,0.9604646542887716,0.9097273954683502,2.412,1.608,2.412,2.412,0.9575118528905431,0.8309106070927249,3.216,1.608,0.880291010364833,1.0007656698724465,0.804,0.8972795620108466,1.6491354521672732,1.0077813646740452,0.804,2.412,0.9174011213354529,0.9935089905273646,0.892649288039913,1.608,2.412,0.9409877296613532,0.804,2.412,0.804,0.810173296238908
7,16,0.9419274624894924,2.617942782912837,0.9090337879354945,0.804,0.9942617946989173,1.8788458029174495,2.412,1.9679272523165574,0.804,0.879124407080659,1.740365628530986,1.7864617817089705,0.9041870616007276,0.804,1.608,1.0182544354228455,3.216,0.953301218698336,1.6372901310753187,1.0623715000641336,1.0272072368002385,0.804,3.216,0.8970596623535314,1.0614929023871973,0.9927554366861551,1.608,0.804,1.1196338590694188,1.118330357216602,2.491589391426089,0.9249973807301951,0.92408077698972,0.804,2.412,2.580276052598655,1.002792557916911,1.737582186652249,1.9388002980868855,0.804,2.598150180902839,1.608,1.608,0.804,1.608,2.5714146615584923,0.8981662128037283,0.975050049151941,0.804,0.8416162967306895,1.1266928350366692,2.412,1.6356000413616631,1.7158957732126936,1.08718281333014,2.412,1.0258961848456885,1.6830935822313924,0.9227701241109726,0.934798877248276,0.804,1.9035184810258752,0.804,0.804,3.216,1.0951368705496485,1.0104095458336158,2.412,1.0516746363715461,0.8862637576865638,0.8686662964870638,1.9147538274837381,0.9604646542887716,0.9097273954683502,2.412,1.608,2.412,2.412,0.9575118528905431,0.8309106070927249,3.216,1.608,0.880291010364833,1.0007656698724465,0.804,0.8972795620108466,1.6491354521672732,1.0077813646740452,0.804,2.412,0.9174011213354529,0.9935089905273646,0.892649288039913,1.608,2.412,0.9409877296613532,0.804,2.412,0.804,0.810173296238908
7,17,0.9419274624894924,2.617942782912837,0.9090337879354945,0.804,0.9942617946989173,1.8788458029174495,2.412,1.9679272523165574,0.804,0.879124407080659,1.740365628530986,1.7864617817089705,0.9041870616007276,0.804,1.608,1.0182544354228455,3.216,0.953301218698336,1.6372901310753187,1.0623715000641336,1.0272072368002385,0.804,3.216,0.8970596623535314,1.0614929023871973,0.9927554366861551,1.608,0.804,1.1196338590694188,1.118330357216602,2.491589391426089,0.9249973807301951,0.92408077698972,0.804,2.412,2.580276052598655,1.002792557916911,1.737582186652249,1.9388002980868855,0.804,2.598150180902839,1.608,1.608,0.804,1.608,2.5714146615584923,0.8981662128037283,0.975050049151941,0.804,0.8416162967306895,1.1266928350366692,2.412,1.6356000413616631,1.7158957732126936,1.08718281333014,2.412,1.0258961848456885,1.6830935822313924,0.9227701241109726,0.934798877248276,0.804,1.9035184810258752,0.804,0.804,3.216,1.0951368705496485,1.0104095458336158,2.412,1.0516746363715461,0.8862637576865638,0.8686662964870638,1.9147538274837381,0.9604646542887716,0.9097273954683502,2.412,1.608,2.412,2.412,0.9575118528905431,0.8309106070927249,3.216,1.608,0.880291010364833,1.0007656698724465,0.804,0.8972795620108466,1.6491354521672732,1.0077813646740452,0.804,2.412,0.9174011213354529,0.9935089905273646,0.892649288039913,1.608,2.412,0.9409877296613532,0.804,2.412,0.804,0.810173296238908
7,18,0.9419274624894924,2.617942782912837,0.9090337879354945,0.804,0.9942617946989173,1.8788458029174495,2.412,1.9679272523165574,0.804,0.879124407080659,1.740365628530986,1.7864617817089705,0.9041870616007276,0.804,1.608,1.0182544354228455,3.216,0.953301218698336,1.6372901310753187,1.0623715000641336,1.0272072368002385,0.804,3.216,0.8970596623535314,1.0614929023871973,0.9927554366861551,1.608,0.804,1.1196338590694188,1.118330357216602,2.491589391426089,0.9249973807301951,0.92408077698972,0.804,2.412,2.580276052598655,1.002792557916911,1.737582186652249,1.9388002980868855,0.804,2.598150180902839,1.608,1.608,0.804,1.608,2.5714146615584923,0.8981662128037283,0.975050049151941,0.804,0.8416162967306895,1.1266928350366692,2.412,1.6356000413616631,1.7158957732126936,1.08718281333014,2.412,1.0258961848456885,1.6830935822313924,0.9227701241109726,0.934798877248276,0.804,1.9035184810258752,0.804,0.804,3.216,1.0951368705496485,1.0104095458336158,2.412,1.0516746363715461,0.8862637576865638,0.8686662964870638,1.9147538274837381,0.9604646542887716,0.9097273954683502,2.412,1.608,2.412,2.412,0.9575118528905431,0.8309106070927249,3.216,1.608,0.880291010364833,1.0007656698724465,0.804,0.8972795620108466,1.6491354521672732,1.0077813646740452,0.804,2.412,0.9174011213354529,0.9935089905273646,0.892649288039913,1.608,2.412,0.9409877296613532,0.804,2.412,0.804,0.810173296238908
7,19,0.9419274624894924,2.617942782912837,0.9090337879354945,0.804,0.9942617946989173,1.8788458029174495,2.412,1.9679272523165574,0.804,0.879124407080659,1.740365628530986,1.7864617817089705,0.9041870616007276,0.804,1.608,1.0182544354228455,3.216,0.953301218698336,1.6372901310753187,1.0623715000641336,1.0272072368002385,0.804,3.216,0.8970596623535314,1.0614929023871973,0.9927554366861551,1.608,0.804,1.1196338590694188,1.118330357216602,2.491589391426089,0.9249973807301951,0.92408077698972,0.804,2.412,2.580276052598655,1.002792557916911,1.737582186652249,1.9388002980868855,0.804,2.598150180902839,1.608,1.608,0.804,1.608,2.5714146615584923,0.8981662128037283,0.975050049151941,0.804,0.8416162967306895,1.1266928350366692,2.412,1.6356000413616631,1.7158957732126936,1.08718281333014,2.412,1.0258961848456885,1.6830935822313924,0.9227701241109726,0.934798877248276,0.804,1.9035184810258752,0.804,0.804,3.216,1.0951368705496485,1.0104095458336158,2.412,1.0516746363715461,0.8862637576865638,0.8686662964870638,1.9147538274837381,0.9604646542887716,0.9097273954683502,2.412,1.608,2.412,2.412,0.9575118528905431,0.8309106070927249,3.216,1.608,0.880291010364833,1.0007656698724465,0.804,0.8972795620108466,1.6491354521672732,1.0077813646740452,0.804,2.412,0.9174011213354529,0.9935089905273646,0.892649288039913,1.608,2.412,0.9409877296613532,0.804,2.412,0.804,0.810173296238908
7,20,0.9419274624894924,2.617942782912837,0.9090337879354945,0.804,0.9942617946989173,1.8788458029174495,2.412,1.9679272523165574,0.804,0.879124407080659,1.740365628530986,1.7864617817089705,0.9041870616007276,0.804,1.608,1.0182544354228455,3.216,0.953301218698336,1.6372901310753187,1.0623715000641336,1.0272072368002385,0.804,3.216,0.8970596623535314,1.0614929023871973,0.9927554366861551,1.608,0.804,1.1196338590694188,1.118330357216602,2.491589391426089,0.9249973807301951,0.92408077698972,0.804,2.412,2.580276052598655,1.002792557916911,1.737582186652249,1.9388002980868855,0.804,2.598150180902839,1.608,1.608,0.804,1.608,2.5714146615584923,0.8981662128037283,0.975050049151941,0.804,0.8416162967306895,1.1266928350366692,2.412,1.6356000413616631,1.7158957732126936,1.08718281333014,2.412,1.0258961848456885,1.6830935822313924,0.9227701241109726,0.934798877248276,0.804,1.9035184810258752,0.804,0.804,3.216,1.0951368705496485,1.0104095458336158,2.412,1.0516746363715461,0.8862637576865638,0.8686662964870638,1.9147538274837381,0.9604646542887716,0.9097273954683502,2.412,1.608,2.412,2.412,0.9575118528905431,0.8309106070927249,3.216,1.608,0.880291010364833,1.0007656698724465,0.804,0.8972795620108466,1.6491354521672732,1.0077813646740452,0.804,2.412,0.9174011213354529,0.9935089905273646,0.892649288039913,1.608,2.412,0.9409877296613532,0.804,2.412,0.804,0.810173296238908
7,21,0.9419274624894924,2.617942782912837,0.9090337879354945,0.804,0.9942617946989173,1.8788458029174495,2.412,1.9679272523165574,0.804,0.879124407080659,1.740365628530986,1.7864617817089705,0.9041870616007276,0.804,1.608,1.0182544354228455,3.216,0.953301218698336,1.6372901310753187,1.0623715000641336,1.0272072368002385,0.804,3.216,0.8970596623535314,1.0614929023871973,0.9927554366861551,1.608,0.804,1.1196338590694188,1.118330357216602,2.491589391426089,0.9249973807301951,0.92408077698972,0.804,2.412,2.580276052598655,1.002792557916911,1.737582186652249,1.9388002980868855,0.804,2.598150180902839,1.608,1.608,0.804,1.608,2.5714146615584923,0.8981662128037283,0.975050049151941,0.804,0.8416162967306895,1.1266928350366692,2.412,1.6356000413616631,1.7158957732126936,1.08718281333014,2.412,1.0258961848456885,1.6830935822313924,0.9227701241109726,0.934798877248276,0.804,1.9035184810258752,0.804,0.804,3.216,1.0951368705496485,1.0104095458336158,2.412,1.0516746363715461,0.8862637576865638,0.8686662964870638,1.9147538274837381,0.9604646542887716,0.9097273954683502,2.412,1.608,2.412,2.412,0.9575118528905431,0.8309106070927249,3.216,1.608,0.880291010364833,1.0007656698724465,0.804,0.8972795620108466,1.6491354521672732,1.0077813646740452,0.804,2.412,0.9174011213354529,0.9935089905273646,0.892649288039913,1.608,2.412,0.9409877296613532,0.804,2.412,0.804,0.810173296238908
7,22,0.9419274624894924,2.617942782912837,0.9090337879354945,0.804,0.9942617946989173,1.8788458029174495,2.412,1.9679272523165574,0.804,0.879124407080659,1.740365628530986,1.7864617817089705,0.9041870616007276,0.804,1.608,1.0182544354228455,3.216,0.953301218698336,1.6372901310753187,1.0623715000641336,1.0272072368002385,0.804,3.216,0.8970596623535314,1.0614929023871973,0.9927554366861551,1.608,0.804,1.1196338590694188,1.118330357216602,2.491589391426089,0.9249973807301951,0.92408077698972,0.804,2.412,2.580276052598655,1.002792557916911,1.737582186652249,1.9388002980868855,0.804,2.598150180902839,1.608,1.608,0.804,1.608,2.5714146615584923,0.8981662128037283,0.975050049151941,0.804,0.8416162967306895,1.1266928350366692,2.412,1.6356000413616631,1.7158957732126936,1.08718281333014,2.412,1.0258961848456885,1.6830935822313924,0.9227701241109726,0.934798877248276,0.804,1.9035184810258752,0.804,0.804,3.216,1.0951368705496485,1.0104095458336158,2.412,1.0516746363715461,0.8862637576865638,0.8686662964870638,1.9147538274837381,0.9604646542887716,0.9097273954683502,2.412,1.608,2.412,2.412,0.9575118528905431,0.8309106070927249,3.216,1.608,0.880291010364833,1.0007656698724465,0.804,0.8972795620108466,1.6491354521672732,1.0077813646740452,0.804,2.412,0.9174011213354529,0.9935089905273646,0.892649288039913,1.608,2.412,0.9409877296613532,0.804,2.412,0.804,0.810173296238908
7,23,0.9419274624894924,2.617942782912837,0.9090337879354945,0.804,0.9942617946989173,1.8788458029174495,2.412,1.9679272523165574,0.804,0.879124407080659,1.740365628530986,1.7864617817089705,0.9041870616007276,0.804,1.608,1.0182544354228455,3.216,0.953301218698336,1.6372901310753187,1.0623715000641336,1.0272072368002385,0.804,3.216,0.8970596623535314,1.0614929023871973,0.9927554366861551,1.608,0.804,1.1196338590694188,1.118330357216602,2.491589391426089,0.9249973807301951,0.92408077698972,0.804,2.412,2.580276052598655,1.002792557916911,1.737582186652249,1.9388002980868855,0.804,2.598150180902839,1.608,1.608,0.804,1.608,2.5714146615584923,0.8981662128037283,0.975050049151941,0.804,0.8416162967306895,1.1266928350366692,2.412,1.6356000413616631,1.7158957732126936,1.08718281333014,2.412,1.0258961848456885,1.6830935822313924,0.9227701241109726,0.934798877248276,0.804,1.9035184810258752,0.804,0.804,3.216,1.0951368705496485,1.0104095458336158,2.412,1.0516746363715461,0.8862637576865638,0.8686662964870638,1.9147538274837381,0.9604646542887716,0.9097273954683502,2.412,1.608,2.412,2.412,0.9575118528905431,0.8309106070927249,3.216,1.608,0.880291010364833,1.0007656698724465,0.804,0.8972795620108466,1.6491354521672732,1.0077813646740452,0.804,2.412,0.9174011213354529,0.9935089905273646,0.892649288039913,1.608,2.412,0.9409877296613532,0.804,2.412,0.804,0.810173296238908
7,24,0.9419274624894924,2.617942782912837,0.9090337879354945,0.804,0.9942617946989173,1.8788458029174495,2.412,1.9679272523165574,0.804,0.879124407080659,1.740365628530986,1.7864617817089705,0.9041870616007276,0.804,1.608,1.0182544354228455,3.216,0.953301218698336,1.6372901310753187,1.0623715000641336,1.0272072368002385,0.804,3.216,0.8970596623535314,1.0614929023871973,0.9927554366861551,1.608,0.804,1.1196338590694188,1.118330357216602,2.491589391426089,0.9249973807301951,0.92408077698972,0.804,2.412,2.580276052598655,1.002792557916911,1.737582186652249,1.9388002980868855,0.804,2.598150180902839,1.608,1.608,0.804,1.608,2.5714146615584923,0.8981662128037283,0.975050049151941,0.804,0.8416162967306895,1.1266928350366692,2.412,1.6356000413616631,1.7158957732126936,1.08718281333014,2.412,1.0258961848456885,1.6830935822313924,0.9227701241109726,0.934798877248276,0.804,1.9035184810258752,0.804,0.804,3.216,1.0951368705496485,1.0104095458336158,2.412,1.0516746363715461,0.8862637576865638,0.8686662964870638,1.9147538274837381,0.9604646542887716,0.9097273954683502,2.412,1.608,2.412,2.412,0.9575118528905431,0.8309106070927249,3.216,1.608,0.880291010364833,1.0007656698724465,0.804,0.8972795620108466,1.6491354521672732,1.0077813646740452,0.804,2.412,0.9174011213354529,0.9935089905273646,0.892649288039913,1.608,2.412,0.9409877296613532,0.804,2.412,0.804,0.810173296238908
7,25,0.9419274624894924,2.617942782912837,0.9090337879354945,0.804,0.9942617946989173,1.8788458029174495,2.412,1.9679272523165574,0.804,0.879124407080659,1.740365628530986,1.7864617817089705,0.9041870616007276,0.804,1.608,1.0182544354228455,3.216,0.953301218698336,1.6372901310753187,1.0623715000641336,1.0272072368002385,0.804,3.216,0.8970596623535314,1.0614929023871973,0.9927554366861551,1.608,0.804,1.1196338590694188,1.118330357216602,2.491589391426089,0.9249973807301951,0.92408077698972,0.804,2.412,2.580276052598655,1.002792557916911,1.737582186652249,1.9388002980868855,0.804,2.598150180902839,1.608,1.608,0.804,1.608,2.5714146615584923,0.8981662128037283,0.975050049151941,0.804,0.8416162967306895,1.1266928350366692,2.412,1.6356000413616631,1.7158957732126936,1.08718281333014,2.412,1.0258961848456885,1.6830935822313924,0.9227701241109726,0.934798877248276,0.804,1.9035184810258752,0.804,0.804,3.216,1.0951368705496485,1.0104095458336158,2.412,1.0516746363715461,0.8862637576865638,0.8686662964870638,1.9147538274837381,0.9604646542887716,0.9097273954683502,2.412,1.608,2.412,2.412,0.9575118528905431,0.8309106070927249,3.216,1.608,0.880291010364833,1.0007656698724465,0.804,0.8972795620108466,1.6491354521672732,1.0077813646740452,0.804,2.412,0.9174011213354529,0.9935089905273646,0.892649288039913,1.608,2.412,0.9409877296613532,0.804,2.412,0.804,0.810173296238908
7,26,0.9419274624894924,2.617942782912837,0.9090337879354945,0.804,0.9942617946989173,1.8788458029174495,2.412,1.9679272523165574,0.804,0.879124407080659,1.740365628530986,1.7864617817089705,0.9041870616007276,0.804,1.608,1.0182544354228455,3.216,0.953301218698336,1.6372901310753187,1.0623715000641336,1.0272072368002385,0.804,3.216,0.8970596623535314,1.0614929023871973,0.9927554366861551,1.608,0.804,1.1196338590694188,1.118330357216602,2.491589391426089,0.9249973807301951,0.92408077698972,0.804,2.412,2.580276052598655,1.002792557916911,1.737582186652249,1.9388002980868855,0.804,2.598150180902839,1.608,1.608,0.804,1.608,2.5714146615584923,0.8981662128037283,0.975050049151941,0.804,0.8416162967306895,1.1266928350366692,2.412,1.6356000413616631,1.7158957732126936,1.08718281333014,2.412,1.0258961848456885,1.6830935822313924,0.9227701241109726,0.934798877248276,0.804,1.9035184810258752,0.804,0.804,3.216,1.0951368705496485,1.0104095458336158,2.412,1.0516746363715461,0.8862637576865638,0.8686662964870638,1.9147538274837381,0.9604646542887716,0.9097273954683502,2.412,1.608,2.412,2.412,0.9575118528905431,0.8309106070927249,3.216,1.608,0.880291010364833,1.0007656698724465,0.804,0.8972795620108466,1.6491354521672732,1.0077813646740452,0.804,2.412,0.9174011213354529,0.9935089905273646,0.892649288039913,1.608,2.412,0.9409877296613532,0.804,2.412,0.804,0.810173296238908
7,27,0.9419274624894924,2.617942782912837,0.9090337879354945,0.804,0.9942617946989173,1.8788458029174495,2.412,1.9679272523165574,0.804,0.879124407080659,1.740365628530986,1.7864617817089705,0.9041870616007276,0.804,1.608,1.0182544354228455,3.216,0.953301218698336,1.6372901310753187,1.0623715000641336,1.0272072368002385,0.804,3.216,0.8970596623535314,1.0614929023871973,0.9927554366861551,1.608,0.804,1.1196338590694188,1.118330357216602,2.491589391426089,0.9249973807301951,0.92408077698972,0.804,2.412,2.580276052598655,1.002792557916911,1.737582186652249,1.9388002980868855,0.804,2.598150180902839,1.608,1.608,0.804,1.608,2.5714146615584923,0.8981662128037283,0.975050049151941,0.804,0.8416162967306895,1.1266928350366692,2.412,1.6356000413616631,1.7158957732126936,1.08718281333014,2.412,1.0258961848456885,1.6830935822313924,0.9227701241109726,0.934798877248276,0.804,1.9035184810258752,0.804,0.804,3.216,1.0951368705496485,1.0104095458336158,2.412,1.0516746363715461,0.8862637576865638,0.8686662964870638,1.9147538274837381,0.9604646542887716,0.9097273954683502,2.412,1.608,2.412,2.412,0.9575118528905431,0.8309106070927249,3.216,1.608,0.880291010364833,1.0007656698724465,0.804,0.8972795620108466,1.6491354521672732,1.0077813646740452,0.804,2.412,0.9174011213354529,0.9935089905273646,0.892649288039913,1.608,2.412,0.9409877296613532,0.804,2.412,0.804,0.810173296238908
7,28,0.9419274624894924,2.617942782912837,0.9090337879354945,0.804,0.9942617946989173,1.8788458029174495,2.412,1.9679272523165574,0.804,0.879124407080659,1.740365628530986,1.7864617817089705,0.9041870616007276,0.804,1.608,1.0182544354228455,3.216,0.953301218698336,1.6372901310753187,1.0623715000641336,1.0272072368002385,0.804,3.216,0.8970596623535314,1.0614929023871973,0.9927554366861551,1.608,0.804,1.1196338590694188,1.118330357216602,2.491589391426089,0.9249973807301951,0.92408077698972,0.804,2.412,2.580276052598655,1.002792557916911,1.737582186652249,1.9388002980868855,0.804,2.598150180902839,1.608,1.608,0.804,1.608,2.5714146615584923,0.8981662128037283,0.975050049151941,0.804,0.8416162967306895,1.1266928350366692,2.412,1.6356000413616631,1.7158957732126936,1.08718281333014,2.412,1.0258961848456885,1.6830935822313924,0.9227701241109726,0.934798877248276,0.804,1.9035184810258752,0.804,0.804,3.216,1.0951368705496485,1.0104095458336158,2.412,1.0516746363715461,0.8862637576865638,0.8686662964870638,1.9147538274837381,0.9604646542887716,0.9097273954683502,2.412,1.608,2.412,2.412,0.9575118528905431,0.8309106070927249,3.216,1.608,0.880291010364833,1.0007656698724465,0.804,0.8972795620108466,1.6491354521672732,1.0077813646740452,0.804,2.412,0.9174011213354529,0.9935089905273646,0.892649288039913,1.608,2.412,0.9409877296613532,0.804,2.412,0.804,0.810173296238908
7,29,0.9419274624894924,2.617942782912837,0.9090337879354945,0.804,0.9942617946989173,1.8788458029174495,2.412,1.9679272523165574,0.804,0.879124407080659,1.740365628530986,1.7864617817089705,0.9041870616007276,0.804,1.608,1.0182544354228455,3.216,0.953301218698336,1.6372901310753187,1.0623715000641336,1.0272072368002385,0.804,3.216,0.8970596623535314,1.0614929023871973,0.9927554366861551,1.608,0.804,1.1196338590694188,1.118330357216602,2.491589391426089,0.9249973807301951,0.92408077698972,0.804,2.412,2.580276052598655,1.002792557916911,1.737582186652249,1.9388002980868855,0.804,2.598150180902839,1.608,1.608,0.804,1.608,2.5714146615584923,0.8981662128037283,0.975050049151941,0.804,0.8416162967306895,1.1266928350366692,2.412,1.6356000413616631,1.7158957732126936,1.08718281333014,2.412,1.0258961848456885,1.6830935822313924,0.9227701241109726,0.934798877248276,0.804,1.9035184810258752,0.804,0.804,3.216,1.0951368705496485,1.0104095458336158,2.412,1.0516746363715461,0.8862637576865638,0.8686662964870638,1.9147538274837381,0.9604646542887716,0.9097273954683502,2.412,1.608,2.412,2.412,0.9575118528905431,0.8309106070927249,3.216,1.608,0.880291010364833,1.0007656698724465,0.804,0.8972795620108466,1.6491354521672732,1.0077813646740452,0.804,2.412,0.9174011213354529,0.9935089905273646,0.892649288039913,1.608,2.412,0.9409877296613532,0.804,2.412,0.804,0.810173296238908
7,30,0.9419274624894924,2.617942782912837,0.9090337879354945,0.804,0.9942617946989173,1.8788458029174495,2.412,1.9679272523165574,0.804,0.879124407080659,1.740365628530986,1.7864617817089705,0.9041870616007276,0.804,1.608,1.0182544354228455,3.216,0.953301218698336,1.6372901310753187,1.0623715000641336,1.0272072368002385,0.804,3.216,0.8970596623535314,1.0614929023871973,0.9927554366861551,1.608,0.804,1.1196338590694188,1.118330357216602,2.491589391426089,0.9249973807301951,0.92408077698972,0.804,2.412,2.580276052598655,1.002792557916911,1.737582186652249,1.9388002980868855,0.804,2.598150180902839,1.608,1.608,0.804,1.608,2.5714146615584923,0.8981662128037283,0.975050049151941,0.804,0.8416162967306895,1.1266928350366692,2.412,1.6356000413616631,1.7158957732126936,1.08718281333014,2.412,1.0258961848456885,1.6830935822313924,0.9227701241109726,0.934798877248276,0.804,1.9035184810258752,0.804,0.804,3.216,1.0951368705496485,1.0104095458336158,2.412,1.0516746363715461,0.8862637576865638,0.8686662964870638,1.9147538274837381,0.9604646542887716,0.9097273954683502,2.412,1.608,2.412,2.412,0.9575118528905431,0.8309106070927249,3.216,1.608,0.880291010364833,1.0007656698724465,0.804,0.8972795620108466,1.6491354521672732,1.0077813646740452,0.804,2.412,0.9174011213354529,0.9935089905273646,0.892649288039913,1.608,2.412,0.9409877296613532,0.804,2.412,0.804,0.810173296238908
7,31,0.9419274624894924,2.617942782912837,0.9090337879354945,0.804,0.9942617946989173,1.8788458029174495,2.412,1.9679272523165574,0.804,0.879124407080659,1.740365628530986,1.7864617817089705,0.9041870616007276,0.804,1.608,1.0182544354228455,3.216,0.953301218698336,1.6372901310753187,1.0623715000641336,1.0272072368002385,0.804,3.216,0.8970596623535314,1.0614929023871973,0.9927554366861551,1.608,0.804,1.1196338590694188,1.118330357216602,2.491589391426089,0.9249973807301951,0.92408077698972,0.804,2.412,2.580276052598655,1.002792557916911,1.737582186652249,1.9388002980868855,0.804,2.598150180902839,1.608,1.608,0.804,1.608,2.5714146615584923,0.8981662128037283,0.975050049151941,0.804,0.8416162967306895,1.1266928350366692,2.412,1.6356000413616631,1.7158957732126936,1.08718281333014,2.412,1.0258961848456885,1.6830935822313924,0.9227701241109726,0.934798877248276,0.804,1.9035184810258752,0.804,0.804,3.216,1.0951368705496485,1.0104095458336158,2.412,1.0516746363715461,0.8862637576865638,0.8686662964870638,1.9147538274837381,0.9604646542887716,0.9097273954683502,2.412,1.608,2.412,2.412,0.9575118528905431,0.8309106070927249,3.216,1.608,0.880291010364833,1.0007656698724465,0.804,0.8972795620108466,1.6491354521672732,1.0077813646740452,0.804,2.412,0.9174011213354529,0.9935089905273646,0.892649288039913,1.608,2.412,0.9409877296613532,0.804,2.412,0.804,0.810173296238908
7,32,0.9419274624894924,2.617942782912837,0.9090337879354945,0.804,0.9942617946989173,1.8788458029174495,2.412,1.9679272523165574,0.804,0.879124407080659,1.740365628530986,1.7864617817089705,0.9041870616007276,0.804,1.608,1.0182544354228455,3.216,0.953301218698336,1.6372901310753187,1.0623715000641336,1.0272072368002385,0.804,3.216,0.8970596623535314,1.0614929023871973,0.9927554366861551,1.608,0.804,1.1196338590694188,1.118330357216602,2.491589391426089,0.9249973807301951,0.92408077698972,0.804,2.412,2.580276052598655,1.002792557916911,1.737582186652249,1.9388002980868855,0.804,2.598150180902839,1.608,1.608,0.804,1.608,2.5714146615584923,0.8981662128037283,0.975050049151941,0.804,0.8416162967306895,1.1266928350366692,2.412,1.6356000413616631,1.7158957732126936,1.08718281333014,2.412,1.0258961848456885,1.6830935822313924,0.9227701241109726,0.934798877248276,0.804,1.9035184810258752,0.804,0.804,3.216,1.0951368705496485,1.0104095458336158,2.412,1.0516746363715461,0.8862637576865638,0.8686662964870638,1.9147538274837381,0.9604646542887716,0.9097273954683502,2.412,1.608,2.412,2.412,0.9575118528905431,0.8309106070927249,3.216,1.608,0.880291010364833,1.0007656698724465,0.804,0.8972795620108466,1.6491354521672732,1.0077813646740452,0.804,2.412,0.9174011213354529,0.9935089905273646,0.892649288039913,1.608,2.412,0.9409877296613532,0.804,2.412,0.804,0.810173296238908
7,33,0.9419274624894924,2.617942782912837,0.9090337879354945,0.804,0.9942617946989173,1.8788458029174495,2.412,1.9679272523165574,0.804,0.879124407080659,1.740365628530986,1.7864617817089705,0.9041870616007276,0.804,1.608,1.0182544354228455,3.216,0.953301218698336,1.6372901310753187,1.0623715000641336,1.0272072368002385,0.804,3.216,0.8970596623535314,1.0614929023871973,0.9927554366861551,1.608,0.804,1.1196338590694188,1.118330357216602,2.491589391426089,0.9249973807301951,0.92408077698972,0.804,2.412,2.580276052598655,1.002792557916911,1.737582186652249,1.9388002980868855,0.804,2.598150180902839,1.608,1.608,0.804,1.608,2.5714146615584923,0.8981662128037283,0.975050049151941,0.804,0.8416162967306895,1.1266928350366692,2.412,1.6356000413616631,1.7158957732126936,1.08718281333014,2.412,1.0258961848456885,1.6830935822313924,0.9227701241109726,0.934798877248276,0.804,1.9035184810258752,0.804,0.804,3.216,1.0951368705496485,1.0104095458336158,2.412,1.0516746363715461,0.8862637576865638,0.8686662964870638,1.9147538274837381,0.9604646542887716,0.9097273954683502,2.412,1.608,2.412,2.412,0.9575118528905431,0.8309106070927249,3.216,1.608,0.880291010364833,1.0007656698724465,0.804,0.8972795620108466,1.6491354521672732,1.0077813646740452,0.804,2.412,0.9174011213354529,0.9935089905273646,0.892649288039913,1.608,2.412,0.9409877296613532,0.804,2.412,0.804,0.810173296238908
7,34,0.9419274624894924,2.617942782912837,0.9090337879354945,0.804,0.9942617946989173,1.8788458029174495,2.412,1.9679272523165574,0.804,0.879124407080659,1.740365628530986,1.7864617817089705,0.9041870616007276,0.804,1.608,1.0182544354228455,3.216,0.953301218698336,1.6372901310753187,1.0623715000641336,1.0272072368002385,0.804,3.216,0.8970596623535314,1.0614929023871973,0.9927554366861551,1.608,0.804,1.1196338590694188,1.118330357216602,2.491589391426089,0.9249973807301951,0.92408077698972,0.804,2.412,2.580276052598655,1.002792557916911,1.737582186652249,1.9388002980868855,0.804,2.598150180902839,1.608,1.608,0.804,1.608,2.5714146615584923,0.8981662128037283,0.975050049151941,0.804,0.8416162967306895,1.1266928350366692,2.412,1.6356000413616631,1.7158957732126936,1.08718281333014,2.412,1.0258961848456885,1.6830935822313924,0.9227701241109726,0.934798877248276,0.804,1.9035184810258752,0.804,0.804,3.216,1.0951368705496485,1.0104095458336158,2.412,1.0516746363715461,0.8862637576865638,0.8686662964870638,1.9147538274837381,0.9604646542887716,0.9097273954683502,2.412,1.608,2.412,2.412,0.9575118528905431,0.8309106070927249,3.216,1.608,0.880291010364833,1.0007656698724465,0.804,0.8972795620108466,1.6491354521672732,1.0077813646740452,0.804,2.412,0.9174011213354529,0.9935089905273646,0.892649288039913,1.608,2.412,0.9409877296613532,0.804,2.412,0.804,0.810173296238908
7,35,0.9419274624894924,2.617942782912837,0.9090337879354945,0.804,0.9942617946989173,1.8788458029174495,2.412,1.9679272523165574,0.804,0.879124407080659,1.740365628530986,1.7864617817089705,0.9041870616007276,0.804,1.608,1.0182544354228455,3.216,0.953301218698336,1.6372901310753187,1.0623715000641336,1.0272072368002385,0.804,3.216,0.8970596623535314,1.0614929023871973,0.9927554366861551,1.608,0.804,1.1196338590694188,1.118330357216602,2.491589391426089,0.9249973807301951,0.92408077698972,0.804,2.412,2.580276052598655,1.002792557916911,1.737582186652249,1.9388002980868855,0.804,2.598150180902839,1.608,1.608,0.804,1.608,2.5714146615584923,0.8981662128037283,0.975050049151941,0.804,0.8416162967306895,1.1266928350366692,2.412,1.6356000413616631,1.7158957732126936,1.08718281333014,2.412,1.0258961848456885,1.6830935822313924,0.9227701241109726,0.934798877248276,0.804,1.9035184810258752,0.804,0.804,3.216,1.0951368705496485,1.0104095458336158,2.412,1.0516746363715461,0.8862637576865638,0.8686662964870638,1.9147538274837381,0.9604646542887716,0.9097273954683502,2.412,1.608,2.412,2.412,0.9575118528905431,0.8309106070927249,3.216,1.608,0.880291010364833,1.0007656698724465,0.804,0.8972795620108466,1.6491354521672732,1.0077813646740452,0.804,2.412,0.9174011213354529,0.9935089905273646,0.892649288039913,1.608,2.412,0.9409877296613532,0.804,2.412,0.804,0.810173296238908
7,36,0.9419274624894924,2.617942782912837,0.9090337879354945,0.804,0.9942617946989173,1.8788458029174495,2.412,1.9679272523165574,0.804,0.879124407080659,1.740365628530986,1.7864617817089705,0.9041870616007276,0.804,1.608,1.0182544354228455,3.216,0.953301218698336,1.6372901310753187,1.0623715000641336,1.0272072368002385,0.804,3.216,0.8970596623535314,1.0614929023871973,0.9927554366861551,1.608,0.804,1.1196338590694188,1.118330357216602,2.491589391426089,0.9249973807301951,0.92408077698972,0.804,2.412,2.580276052598655,1.002792557916911,1.737582186652249,1.9388002980868855,0.804,2.598150180902839,1.608,1.608,0.804,1.608,2.5714146615584923,0.8981662128037283,0.975050049151941,0.804,0.8416162967306895,1.1266928350366692,2.412,1.6356000413616631,1.7158957732126936,1.08718281333014,2.412,1.0258961848456885,1.6830935822313924,0.9227701241109726,0.934798877248276,0.804,1.9035184810258752,0.804,0.804,3.216,1.0951368705496485,1.0104095458336158,2.412,1.0516746363715461,0.8862637576865638,0.8686662964870638,1.9147538274837381,0.9604646542887716,0.9097273954683502,2.412,1.608,2.412,2.412,0.9575118528905431,0.8309106070927249,3.216,1.608,0.880291010364833,1.0007656698724465,0.804,0.8972795620108466,1.6491354521672732,1.0077813646740452,0.804,2.412,0.9174011213354529,0.9935089905273646,0.892649288039913,1.608,2.412,0.9409877296613532,0.804,2.412,0.804,0.810173296238908
7,37,0.9419274624894924,2.617942782912837,0.9090337879354945,0.804,0.9942617946989173,1.8788458029174495,2.412,1.9679272523165574,0.804,0.879124407080659,1.740365628530986,1.7864617817089705,0.9041870616007276,0.804,1.608,1.0182544354228455,3.216,0.953301218698336,1.6372901310753187,1.0623715000641336,1.0272072368002385,0.804,3.216,0.8970596623535314,1.0614929023871973,0.9927554366861551,1.608,0.804,1.1196338590694188,1.118330357216602,2.491589391426089,0.9249973807301951,0.92408077698972,0.804,2.412,2.580276052598655,1.002792557916911,1.737582186652249,1.9388002980868855,0.804,2.598150180902839,1.608,1.608,0.804,1.608,2.5714146615584923,0.8981662128037283,0.975050049151941,0.804,0.8416162967306895,1.1266928350366692,2.412,1.6356000413616631,1.7158957732126936,1.08718281333014,2.412,1.0258961848456885,1.6830935822313924,0.9227701241109726,0.934798877248276,0.804,1.9035184810258752,0.804,0.804,3.216,1.0951368705496485,1.0104095458336158,2.412,1.0516746363715461,0.8862637576865638,0.8686662964870638,1.9147538274837381,0.9604646542887716,0.9097273954683502,2.412,1.608,2.412,2.412,0.9575118528905431,0.8309106070927249,3.216,1.608,0.880291010364833,1.0007656698724465,0.804,0.8972795620108466,1.6491354521672732,1.0077813646740452,0.804,2.412,0.9174011213354529,0.9935089905273646,0.892649288039913,1.608,2.412,0.9409877296613532,0.804,2.412,0.804,0.810173296238908
7,38,0.9419274624894924,2.617942782912837,0.9090337879354945,0.804,0.9942617946989173,1.8788458029174495,2.412,1.9679272523165574,0.804,0.879124407080659,1.740365628530986,1.7864617817089705,0.9041870616007276,0.804,1.608,1.0182544354228455,3.216,0.953301218698336,1.6372901310753187,1.0623715000641336,1.0272072368002385,0.804,3.216,0.8970596623535314,1.0614929023871973,0.9927554366861551,1.608,0.804,1.1196338590694188,1.118330357216602,2.491589391426089,0.9249973807301951,0.92408077698972,0.804,2.412,2.580276052598655,1.002792557916911,1.737582186652249,1.9388002980868855,0.804,2.598150180902839,1.608,1.608,0.804,1.608,2.5714146615584923,0.8981662128037283,0.975050049151941,0.804,0.8416162967306895,1.1266928350366692,2.412,1.6356000413616631,1.7158957732126936,1.08718281333014,2.412,1.0258961848456885,1.6830935822313924,0.9227701241109726,0.934798877248276,0.804,1.9035184810258752,0.804,0.804,3.216,1.0951368705496485,1.0104095458336158,2.412,1.0516746363715461,0.8862637576865638,0.8686662964870638,1.9147538274837381,0.9604646542887716,0.9097273954683502,2.412,1.608,2.412,2.412,0.9575118528905431,0.8309106070927249,3.216,1.608,0.880291010364833,1.0007656698724465,0.804,0.8972795620108466,1.6491354521672732,1.0077813646740452,0.804,2.412,0.9174011213354529,0.9935089905273646,0.892649288039913,1.608,2.412,0.9409877296613532,0.804,2.412,0.804,0.810173296238908
7,39,0.9419274624894924,2.617942782912837,0.9090337879354945,0.804,0.9942617946989173,1.8788458029174495,2.412,1.9679272523165574,0.804,0.879124407080659,1.740365628530986,1.7864617817089705,0.9041870616007276,0.804,1.608,1.0182544354228455,3.216,0.953301218698336,1.6372901310753187,1.0623715000641336,1.0272072368002385,0.804,3.216,0.8970596623535314,1.0614929023871973,0.9927554366861551,1.608,0.804,1.1196338590694188,1.118330357216602,2.491589391426089,0.9249973807301951,0.92408077698972,0.804,2.412,2.580276052598655,1.002792557916911,1.737582186652249,1.9388002980868855,0.804,2.598150180902839,1.608,1.608,0.804,1.608,2.5714146615584923,0.8981662128037283,0.975050049151941,0.804,0.8416162967306895,1.1266928350366692,2.412,1.6356000413616631,1.7158957732126936,1.08718281333014,2.412,1.0258961848456885,1.6830935822313924,0.9227701241109726,0.934798877248276,0.804,1.9035184810258752,0.804,0.804,3.216,1.0951368705496485,1.0104095458336158,2.412,1.0516746363715461,0.8862637576865638,0.8686662964870638,1.9147538274837381,0.9604646542887716,0.9097273954683502,2.412,1.608,2.412,2.412,0.9575118528905431,0.8309106070927249,3.216,1.608,0.880291010364833,1.0007656698724465,0.804,0.8972795620108466,1.6491354521672732,1.0077813646740452,0.804,2.412,0.9174011213354529,0.9935089905273646,0.892649288039913,1.608,2.412,0.9409877296613532,0.804,2.412,0.804,0.810173296238908
8,0,1.0125888817703417,0.8802654687383759,0.975050049151941,1.8778548234952614,1.0229705477740194,1.608,2.7389953044980233,0.9264742477660874,0.9150538623276434,1.0714306302423793,0.8998915522514921,0.8908904839458277,0.866515954206096,0.804,0.8994673430509568,1.0692377984680428,1.0213516712059538,1.7994669952251483,1.0590949387021276,0.912718262509953,2.412,0.9845883769995261,1.9388002980868855,0.9442538431996625,0.9150116968571863,0.9936248061595865,0.951202883994893,2.0696979326434466,1.0204038730644336,1.608,1.1196338590694188,0.9540541070468957,0.9091477662976593,0.8286232493666451,1.0657946431036178,2.491589391426089,1.0006814510778939,1.7837359004263798,0.804,1.608,1.1257815062153578,0.9555729396614707,2.5542566486221707,0.9405292720090267,1.034484215058521,0.9786582471355956,0.8416162967306895,1.1477580591959926,1.0310684975286788,0.957931938889747,1.1750982127678888,1.0908587783427075,1.00714186338483,1.1354596667809416,2.412,1.9777879532928346,0.804,1.8274062704822667,3.216,1.608,1.639232281495771,0.9109301258031883,0.9325026598701871,0.8614585154922911,1.0146178437049596,3.216,1.7526934719759115,0.8691705946529685,0.9976884947587579,0.8052018487840329,0.9760589157757334,1.8061999995340288,0.9712849979577444,0.887860641645958,1.0219985349676932,3.2244043419928463,1.2,1.1182635584951413,1.0450337741336126,1.9047940446394782,0.9892280380082518,1.723234639078186,0.9867368213357621,0.9122580893136528,0.9754661120773083,1.0079478225863623,1.9408892766770713,0.9694647897142855,0.8570390678328225,1.009487234005441,0.9517080175919206,1.0649250826955188,0.8487413475569148,1.0227619684105194,1.0481522018102023,0.9364339983813477,0.9835070859673878,1.8251140708914066,2.0680720277093108,0.9797506565574243
8,1,1.0125888817703417,0.9760796371782475,1.9237673916200655,0.8372654699077663,2.5899010641233113,1.092764114476434,1.6931394269019022,0.9264742477660874,0.9150538623276434,1.0714306302423793,0.8998915522514921,0.8908904839458277,0.866515954206096,0.804,0.8994673430509568,2.412,3.2430045961177907,1.7994669952251483,1.0590949387021276,0.912718262509953,0.9781214921339346,0.9845883769995261,1.9388002980868855,0.9442538431996625,0.9150116968571863,0.9936248061595865,0.951202883994893,2.0696979326434466,1.0204038730644336,1.608,1.1196338590694188,0.9540541070468957,0.9091477662976593,0.8286232493666451,1.0657946431036178,2.491589391426089,1.0006814510778939,1.7837359004263798,0.804,1.608,1.1257815062153578,1.0203038626818843,2.5542566486221707,0.9405292720090267,1.034484215058521,0.9786582471355956,0.8416162967306895,0.9418547351771993,2.492734313595731,2.412,0.804,1.0092487459038235,1.0153012591524924,1.1119082892679835,2.412,1.9777879532928346,1.8226422630249424,0.891996569104499,0.852840325498647,1.0159224949313586,1.0745930478512702,0.9109301258031883,0.9325026598701871,0.8614585154922911,1.0146178437049596,3.216,1.7526934719759115,0.8691705946529685,0.9976884947587579,0.9718631752473696,2.412,1.0263735820440183,0.9712849979577444,0.8589711218176471,0.9707355134438724,1.0723130954269724,1.0862539718311763,0.8635757570794487,1.08822356552203,0.9917014499027453,1.1167953116215217,1.723234639078186,0.9867368213357621,0.9122580893136528,0.9754661120773083,1.1326212921517607,1.608,0.9945391354492994,1.6923948150901245,1.7888467094555605,0.9803430374293739,1.0649250826955188,0.8487413475569148,0.9442894860056865,1.0396413535529845,0.9032412300096364,1.6215499165049754,3.216,2.0155568516519873,1.0042473542507522
8,2,1.0125888817703417,0.9760796371782475,1.9237673916200655,0.8372654699077663,2.5899010641233113,1.092764114476434,1.6931394269019022,0.9264742477660874,0.9150538623276434,1.0714306302423793,0.8998915522514921,1.608,0.9342742095230679,0.8561320936892819,1.8038417329324274,2.412,3.2430045961177907,1.7994669952251483,1.0590949387021276,0.912718262509953,0.9781214921339346,0.9845883769995261,1.9388002980868855,0.9442538431996625,0.9150116968571863,0.984650345282055,1.7898318436989396,2.412,0.911683550484127,1.608,1.1196338590694188,0.9540541070468957,0.9091477662976593,0.8286232493666451,1.0657946431036178,2.491589391426089,1.0006814510778939,1.7837359004263798,0.804,1.608,1.1257815062153578,1.0203038626818843,2.5542566486221707,0.9405292720090267,1.034484215058521,0.9786582471355956,0.8416162967306895,0.9418547351771993,2.492734313595731,2.412,0.804,1.0092487459038235,1.0153012591524924,1.1119082892679835,2.412,1.608,1.7257646950692398,1.0174114833346897,0.852840325498647,1.0159224949313586,1.0745930478512702,0.9109301258031883,0.9325026598701871,0.9330741303239316,1.0474749592255623,3.216,2.412,0.8691705946529685,0.9976884947587579,0.9718631752473696,2.412,1.0263735820440183,0.9712849979577444,0.8589711218176471,0.9707355134438724,1.0723130954269724,1.0862539718311763,0.804,0.9457191227627689,0.9377804563721135,1.1167953116215217,1.608,0.8181099344140863,0.8315027870389471,0.9754661120773083,1.1326212921517607,1.608,0.9945391354492994,1.6923948150901245,0.9173173621041286,0.9480596210986352,0.8965414065252987,0.8627771783527519,0.9442894860056865,1.0396413535529845,0.804,1.608,3.216,1.7869793785746642,0.9281217192685064
8,3,1.0125888817703417,0.9760796371782475,1.9237673916200655,0.8372654699077663,2.5899010641233113,1.092764114476434,1.6931394269019022,0.9264742477660874,0.9150538623276434,1.0714306302423793,0.8998915522514921,1.608,0.9342742095230679,0.8561320936892819,1.8038417329324274,2.412,3.2430045961177907,1.7994669952251483,1.0590949387021276,0.912718262509953,0.9781214921339346,0.8492676614576412,1.010620525582503,0.9442538431996625,0.9150116968571863,0.984650345282055,1.7898318436989396,2.412,0.911683550484127,1.608,1.1196338590694188,0.9540541070468957,0.9091477662976593,0.8286232493666451,1.0657946431036178,2.491589391426089,1.0006814510778939,1.7837359004263798,0.804,1.608,1.1257815062153578,0.9781073744446647,1.7843867762922643,0.9405292720090267,1.034484215058521,0.9786582471355956,0.8416162967306895,0.9418547351771993,2.492734313595731,2.412,0.804,1.0092487459038235,1.0153012591524924,1.1119082892679835,2.412,1.608,1.7257646950692398,1.0174114833346897,0.852840325498647,1.0159224949313586,1.0745930478512702,0.804,0.9492499953620576,0.9330741303239316,1.0474749592255623,3.216,2.412,0.8691705946529685,0.9976884947587579,0.9718631752473696,2.412,0.9757932610902049,0.804,0.8589711218176471,0.9707355134438724,1.0723130954269724,1.0862539718311763,0.804,0.9457191227627689,0.9377804563721135,1.1167953116215217,1.608,0.804,0.8315027870389471,0.9754661120773083,1.0082095087612042,1.608,0.9945391354492994,1.6923948150901245,0.9173173621041286,0.9480596210986352,0.804,0.9362579213338497,0.8151755289109572,0.9077398222193769,0.804,1.608,1.732055064339352,1.7854318921172374,0.9564503548959487
8,4,1.0125888817703417,0.9760796371782475,1.9237673916200655,0.8372654699077663,2.5899010641233113,1.092764114476434,1.6931394269019022,0.9264742477660874,0.9150538623276434,1.0714306302423793,0.8998915522514921,1.608,0.9342742095230679,0.8561320936892819,1.8038417329324274,2.412,3.2430045961177907,1.7994669952251483,1.0590949387021276,0.912718262509953,0.9781214921339346,0.8492676614576412,1.010620525582503,0.9442538431996625,0.9150116968571863,0.984650345282055,1.7898318436989396,3.3791398950563067,0.804,1.608,1.1196338590694188,0.9540541070468957,0.9091477662976593,0.8286232493666451,1.0657946431036178,2.491589391426089,1.0006814510778939,1.7837359004263798,0.804,1.608,1.1257815062153578,0.9781073744446647,1.7843867762922643,0.9405292720090267,1.034484215058521,0.9786582471355956,0.8416162967306895,0.9418547351771993,2.492734313595731,2.412,0.804,1.0092487459038235,1.0153012591524924,1.1119082892679835,2.412,1.608,1.7257646950692398,1.0174114833346897,0.852840325498647,1.0159224949313586,1.0745930478512702,0.804,0.9492499953620576,0.9330741303239316,1.0168574850404024,3.216,2.412,0.8691705946529685,0.9976884947587579,0.9718631752473696,2.412,0.9757932610902049,0.804,0.8589711218176471,0.9707355134438724,1.0723130954269724,1.0862539718311763,0.804,0.9457191227627689,0.9377804563721135,1.1167953116215217,1.608,0.804,0.8315027870389471,0.9754661120773083,1.0082095087612042,1.608,0.9945391354492994,1.6923948150901245,0.9173173621041286,0.9480596210986352,0.804,0.9362579213338497,0.8151755289109572,0.9077398222193769,0.804,1.608,1.752240248852142,1.8636802157330883,0.9869773069160207
8,5,1.0125888817703417,0.9760796371782475,1.9237673916200655,0.8372654699077663,2.5899010641233113,1.092764114476434,1.6931394269019022,0.9264742477660874,0.9150538623276434,1.0714306302423793,0.8998915522514921,1.608,0.9342742095230679,0.8561320936892819,1.8038417329324274,2.412,3.2430045961177907,1.7994669952251483,1.0590949387021276,0.912718262509953,0.9781214921339346,0.8492676614576412,1.010620525582503,0.9442538431996625,0.9150116968571863,0.984650345282055,1.7898318436989396,3.3791398950563067,0.804,1.608,1.1196338590694188,0.9540541070468957,0.9091477662976593,0.8286232493666451,1.0657946431036178,2.491589391426089,1.0006814510778939,1.7837359004263798,0.804,1.608,1.1257815062153578,0.9781073744446647,1.7843867762922643,0.9405292720090267,1.034484215058521,0.9786582471355956,0.8416162967306895,0.9418547351771993,2.492734313595731,2.412,0.804,1.0092487459038235,1.0153012591524924,1.1119082892679835,2.412,1.608,1.7257646950692398,1.0174114833346897,0.852840325498647,1.0159224949313586,1.0745930478512702,0.804,0.9492499953620576,0.9330741303239316,1.0168574850404024,3.216,2.412,0.8691705946529685,0.9976884947587579,0.9718631752473696,2.412,0.9757932610902049,0.804,0.8589711218176471,0.9707355134438724,1.0723130954269724,1.0862539718311763,0.804,0.9457191227627689,0.9377804563721135,1.1167953116215217,1.608,0.804,0.8315027870389471,0.9754661120773083,1.0082095087612042,1.608,0.9945391354492994,1.6923948150901245,0.9173173621041286,0.9480596210986352,0.804,0.9362579213338497,0.8151755289109572,0.9077398222193769,0.804,1.608,1.752240248852142,1.8636802157330883,0.9869773069160207
8,6,1.0125888817703417,0.9760796371782475,1.9237673916200655,0.8372654699077663,2.5899010641233113,1.092764114476434,1.6931394269019022,0.9264742477660874,0.9150538623276434,1.0714306302423793,0.8998915522514921,1.608,0.9342742095230679,0.8561320936892819,1.8038417329324274,2.412,3.2430045961177907,1.7994669952251483,1.0590949387021276,0.912718262509953,0.9781214921339346,0.8492676614576412,1.010620525582503,0.9442538431996625,0.9150116968571863,0.984650345282055,1.7898318436989396,3.3791398950563067,0.804,1.608,1.1196338590694188,0.9540541070468957,0.9091477662976593,0.8286232493666451,1.0657946431036178,2.491589391426089,1.0006814510778939,1.7837359004263798,0.804,1.608,1.1257815062153578,0.9781073744446647,1.7843867762922643,0.9405292720090267,1.034484215058521,0.9786582471355956,0.8416162967306895,0.9418547351771993,2.492734313595731,2.412,0.804,1.0092487459038235,1.0153012591524924,1.1119082892679835,2.412,1.608,1.7257646950692398,1.0174114833346897,0.852840325498647,1.0159224949313586,1.0745930478512702,0.804,0.9492499953620576,0.9330741303239316,1.0168574850404024,3.216,2.412,0.8691705946529685,0.9976884947587579,0.9718631752473696,2.412,0.9757932610902049,0.804,0.8589711218176471,0.9707355134438724,1.0723130954269724,1.0862539718311763,0.804,0.9457191227627689,0.9377804563721135,1.1167953116215217,1.608,0.804,0.8315027870389471,0.9754661120773083,1.0082095087612042,1.608,0.9945391354492994,1.6923948150901245,0.9173173621041286,0.9480596210986352,0.804,0.9362579213338497,0.8151755289109572,0.9077398222193769,0.804,1.608,1.752240248852142,1.8636802157330883,0.9869773069160207
8,7,1.0125888817703417,0.9760796371782475,1.9237673916200655,0.8372654699077663,2.5899010641233113,1.092764114476434,1.6931394269019022,0.9264742477660874,0.9150538623276434,1.0714306302423793,0.8998915522514921,1.608,0.9342742095230679,0.8561320936892819,1.8038417329324274,2.412,3.2430045961177907,1.7994669952251483,1.0590949387021276,0.912718262509953,0.9781214921339346,0.8492676614576412,1.010620525582503,0.9442538431996625,0.9150116968571863,0.984650345282055,1.7898318436989396,3.3791398950563067,0.804,1.608,1.1196338590694188,0.9540541070468957,0.9091477662976593,0.8286232493666451,1.0657946431036178,2.491589391426089,1.0006814510778939,1.7837359004263798,0.804,1.608,1.1257815062153578,0.9781073744446647,1.7843867762922643,0.9405292720090267,1.034484215058521,0.9786582471355956,0.8416162967306895,0.9418547351771993,2.492734313595731,2.412,0.804,1.0092487459038235,1.0153012591524924,1.1119082892679835,2.412,1.608,1.7257646950692398,1.0174114833346897,0.852840325498647,1.0159224949313586,1.0745930478512702,0.804,0.9492499953620576,0.9330741303239316,1.0168574850404024,3.216,2.412,0.8691705946529685,0.9976884947587579,0.9718631752473696,2.412,0.9757932610902049,0.804,0.8589711218176471,0.9707355134438724,1.0723130954269724,1.0862539718311763,0.804,0.9457191227627689,0.9377804563721135,1.1167953116215217,1.608,0.804,0.8315027870389471,0.9754661120773083,1.0082095087612042,1.608,0.9945391354492994,1.6923948150901245,0.9173173621041286,0.9480596210986352,0.804,0.9362579213338497,0.8151755289109572,0.9077398222193769,0.804,1.608,1.752240248852142,1.8636802157330883,0.9869773069160207
8,8,1.0125888817703417,0.9760796371782475,1.9237673916200655,0.8372654699077663,2.5899010641233113,1.092764114476434,1.6931394269019022,0.9264742477660874,0.9150538623276434,1.0714306302423793,0.8998915522514921,1.608,0.9342742095230679,0.8561320936892819,1.8038417329324274,2.412,3.2430045961177907,1.7994669952251483,1.0590949387021276,0.912718262509953,0.9781214921339346,0.8492676614576412,1.010620525582503,0.9442538431996625,0.9150116968571863,0.984650345282055,1.7898318436989396,3.3791398950563067,0.804,1.608,1.1196338590694188,0.9540541070468957,0.9091477662976593,0.8286232493666451,1.0657946431036178,2.491589391426089,1.0006814510778939,1.7837359004263798,0.804,1.608,1.1257815062153578,0.9781073744446647,1.7843867762922643,0.9405292720090267,1.034484215058521,0.9786582471355956,0.8416162967306895,0.9418547351771993,2.492734313595731,2.412,0.804,1.0092487459038235,1.0153012591524924,1.1119082892679835,2.412,1.608,1.7257646950692398,1.0174114833346897,0.852840325498647,1.0159224949313586,1.0745930478512702,0.804,0.9492499953620576,0.9330741303239316,1.0168574850404024,3.216,2.412,0.8691705946529685,0.9976884947587579,0.9718631752473696,2.412,0.9757932610902049,0.804,0.8589711218176471,0.9707355134438724,1.0723130954269724,1.0862539718311763,0.804,0.9457191227627689,0.9377804563721135,1.1167953116215217,1.608,0.804,0.8315027870389471,0.9754661120773083,1.0082095087612042,1.608,0.9945391354492994,1.6923948150901245,0.9173173621041286,0.9480596210986352,0.804,0.9362579213338497,0.8151755289109572,0.9077398222193769,0.804,1.608,1.752240248852142,1.8636802157330883,0.9869773069160207
8,9,1.0125888817703417,0.9760796371782475,1.9237673916200655,0.8372654699077663,2.5899010641233113,1.092764114476434,1.6931394269019022,0.9264742477660874,0.9150538623276434,1.0714306302423793,0.8998915522514921,1.608,0.9342742095230679,0.8561320936892819,1.8038417329324274,2.412,3.2430045961177907,1.7994669952251483,1.0590949387021276,0.912718262509953,0.9781214921339346,0.8492676614576412,1.010620525582503,0.9442538431996625,0.9150116968571863,0.984650345282055,1.7898318436989396,3.3791398950563067,0.804,1.608,1.1196338590694188,0.9540541070468957,0.9091477662976593,0.8286232493666451,1.0657946431036178,2.491589391426089,1.0006814510778939,1.7837359004263798,0.804,1.608,1.1257815062153578,0.9781073744446647,1.7843867762922643,0.9405292720090267,1.034484215058521,0.9786582471355956,0.8416162967306895,0.9418547351771993,2.492734313595731,2.412,0.804,1.0092487459038235,1.0153012591524924,1.1119082892679835,2.412,1.608,1.7257646950692398,1.0174114833346897,0.852840325498647,1.0159224949313586,1.0745930478512702,0.804,0.9492499953620576,0.9330741303239316,1.0168574850404024,3.216,2.412,0.8691705946529685,0.9976884947587579,0.9718631752473696,2.412,0.9757932610902049,0.804,0.8589711218176471,0.9707355134438724,1.0723130954269724,1.0862539718311763,0.804,0.9457191227627689,0.9377804563721135,1.1167953116215217,1.608,0.804,0.8315027870389471,0.9754661120773083,1.0082095087612042,1.608,0.9945391354492994,1.6923948150901245,0.9173173621041286,0.9480596210986352,0.804,0.9362579213338497,0.8151755289109572,0.9077398222193769,0.804,1.608,1.752240248852142,1.8636802157330883,0.9869773069160207
8,10,1.0125888817703417,0.9760796371782475,1.9237673916200655,0.8372654699077663,2.5899010641233113,1.092764114476434,1.6931394269019022,0.9264742477660874,0.9150538623276434,1.0714306302423793,0.8998915522514921,1.608,0.9342742095230679,0.8561320936892819,1.8038417329324274,2.412,3.2430045961177907,1.7994669952251483,1.0590949387021276,0.912718262509953,0.9781214921339346,0.8492676614576412,1.010620525582503,0.9442538431996625,0.9150116968571863,0.984650345282055,1.7898318436989396,3.3791398950563067,0.804,1.608,1.1196338590694188,0.9540541070468957,0.9091477662976593,0.8286232493666451,1.0657946431036178,2.491589391426089,1.0006814510778939,1.7837359004263798,0.804,1.608,1.1257815062153578,0.9781073744446647,1.7843867762922643,0.9405292720090267,1.034484215058521,0.9786582471355956,0.8416162967306895,0.9418547351771993,2.492734313595731,2.412,0.804,1.0092487459038235,1.0153012591524924,1.1119082892679835,2.412,1.608,1.7257646950692398,1.0174114833346897,0.852840325498647,1.0159224949313586,1.0745930478512702,0.804,0.9492499953620576,0.9330741303239316,1.0168574850404024,3.216,2.412,0.8691705946529685,0.9976884947587579,0.9718631752473696,2.412,0.9757932610902049,0.804,0.8589711218176471,0.9707355134438724,1.0723130954269724,1.0862539718311763,0.804,0.9457191227627689,0.9377804563721135,1.1167953116215217,1.608,0.804,0.8315027870389471,0.9754661120773083,1.0082095087612042,1.608,0.9945391354492994,1.6923948150901245,0.9173173621041286,0.9480596210986352,0.804,0.9362579213338497,0.8151755289109572,0.9077398222193769,0.804,1.608,1.752240248852142,1.8636802157330883,0.9869773069160207
8,11,1.0125888817703417,0.9760796371782475,1.9237673916200655,0.8372654699077663,2.5899010641233113,1.092764114476434,1.6931394269019022,0.9264742477660874,0.9150538623276434,1.0714306302423793,0.8998915522514921,1.608,0.9342742095230679,0.8561320936892819,1.8038417329324274,2.412,3.2430045961177907,1.7994669952251483,1.0590949387021276,0.912718262509953,0.9781214921339346,0.8492676614576412,1.010620525582503,0.9442538431996625,0.9150116968571863,0.984650345282055,1.7898318436989396,3.3791398950563067,0.804,1.608,1.1196338590694188,0.9540541070468957,0.9091477662976593,0.8286232493666451,1.0657946431036178,2.491589391426089,1.0006814510778939,1.7837359004263798,0.804,1.608,1.1257815062153578,0.9781073744446647,1.7843867762922643,0.9405292720090267,1.034484215058521,0.9786582471355956,0.8416162967306895,0.9418547351771993,2.492734313595731,2.412,0.804,1.0092487459038235,1.0153012591524924,1.1119082892679835,2.412,1.608,1.7257646950692398,1.0174114833346897,0.852840325498647,1.0159224949313586,1.0745930478512702,0.804,0.9492499953620576,0.9330741303239316,1.0168574850404024,3.216,2.412,0.8691705946529685,0.9976884947587579,0.9718631752473696,2.412,0.9757932610902049,0.804,0.8589711218176471,0.9707355134438724,1.0723130954269724,1.0862539718311763,0.804,0.9457191227627689,0.9377804563721135,1.1167953116215217,1.608,0.804,0.8315027870389471,0.9754661120773083,1.0082095087612042,1.608,0.9945391354492994,1.6923948150901245,0.9173173621041286,0.9480596210986352,0.804,0.9362579213338497,0.8151755289109572,0.9077398222193769,0.804,1.608,1.752240248852142,1.8636802157330883,0.9869773069160207
8,12,1.0125888817703417,0.9760796371782475,1.9237673916200655,0.8372654699077663,2.5899010641233113,1.092764114476434,1.6931394269019022,0.9264742477660874,0.9150538623276434,1.0714306302423793,0.8998915522514921,1.608,0.9342742095230679,0.8561320936892819,1.8038417329324274,2.412,3.2430045961177907,1.7994669952251483,1.0590949387021276,0.912718262509953,0.9781214921339346,0.8492676614576412,1.010620525582503,0.9442538431996625,0.9150116968571863,0.984650345282055,1.7898318436989396,3.3791398950563067,0.804,1.608,1.1196338590694188,0.9540541070468957,0.9091477662976593,0.8286232493666451,1.0657946431036178,2.491589391426089,1.0006814510778939,1.7837359004263798,0.804,1.608,1.1257815062153578,0.9781073744446647,1.7843867762922643,0.9405292720090267,1.034484215058521,0.9786582471355956,0.8416162967306895,0.9418547351771993,2.492734313595731,2.412,0.804,1.0092487459038235,1.0153012591524924,1.1119082892679835,2.412,1.608,1.7257646950692398,1.0174114833346897,0.852840325498647,1.0159224949313586,1.0745930478512702,0.804,0.9492499953620576,0.9330741303239316,1.0168574850404024,3.216,2.412,0.8691705946529685,0.9976884947587579,0.9718631752473696,2.412,0.9757932610902049,0.804,0.8589711218176471,0.9707355134438724,1.0723130954269724,1.0862539718311763,0.804,0.9457191227627689,0.9377804563721135,1.1167953116215217,1.608,0.804,0.8315027870389471,0.9754661120773083,1.0082095087612042,1.608,0.9945391354492994,1.6923948150901245,0.9173173621041286,0.9480596210986352,0.804,0.9362579213338497,0.8151755289109572,0.9077398222193769,0.804,1.608,1.752240248852142,1.8636802157330883,0.9869773069160207
8,13,1.0125888817703417,0.9760796371782475,1.9237673916200655,0.8372654699077663,2.5899010641233113,1.092764114476434,1.6931394269019022,0.9264742477660874,0.9150538623276434,1.0714306302423793,0.8998915522514921,1.608,0.9342742095230679,0.8561320936892819,1.8038417329324274,2.412,3.2430045961177907,1.7994669952251483,1.0590949387021276,0.912718262509953,0.9781214921339346,0.8492676614576412,1.010620525582503,0.9442538431996625,0.9150116968571863,0.984650345282055,1.7898318436989396,3.3791398950563067,0.804,1.608,1.1196338590694188,0.9540541070468957,0.9091477662976593,0.8286232493666451,1.0657946431036178,2.491589391426089,1.0006814510778939,1.7837359004263798,0.804,1.608,1.1257815062153578,0.9781073744446647,1.7843867762922643,0.9405292720090267,1.034484215058521,0.9786582471355956,0.8416162967306895,0.9418547351771993,2.492734313595731,2.412,0.804,1.0092487459038235,1.0153012591524924,1.1119082892679835,2.412,1.608,1.7257646950692398,1.0174114833346897,0.852840325498647,1.0159224949313586,1.0745930478512702,0.804,0.9492499953620576,0.9330741303239316,1.0168574850404024,3.216,2.412,0.8691705946529685,0.9976884947587579,0.9718631752473696,2.412,0.9757932610902049,0.804,0.8589711218176471,0.9707355134438724,1.0723130954269724,1.0862539718311763,0.804,0.9457191227627689,0.9377804563721135,1.1167953116215217,1.608,0.804,0.8315027870389471,0.9754661120773083,1.0082095087612042,1.608,0.9945391354492994,1.6923948150901245,0.9173173621041286,0.9480596210986352,0.804,0.9362579213338497,0.8151755289109572,0.9077398222193769,0.804,1.608,1.752240248852142,1.8636802157330883,0.9869773069160207
8,14,1.0125888817703417,0.9760796371782475,1.9237673916200655,0.8372654699077663,2.5899010641233113,1.092764114476434,1.6931394269019022,0.9264742477660874,0.9150538623276434,1.0714306302423793,0.8998915522514921,1.608,0.9342742095230679,0.8561320936892819,1.8038417329324274,2.412,3.2430045961177907,1.7994669952251483,1.0590949387021276,0.912718262509953,0.9781214921339346,0.8492676614576412,1.010620525582503,0.9442538431996625,0.9150116968571863,0.984650345282055,1.7898318436989396,3.3791398950563067,0.804,1.608,1.1196338590694188,0.9540541070468957,0.9091477662976593,0.8286232493666451,1.0657946431036178,2.491589391426089,1.0006814510778939,1.7837359004263798,0.804,1.608,1.1257815062153578,0.9781073744446647,1.7843867762922643,0.9405292720090267,1.034484215058521,0.9786582471355956,0.8416162967306895,0.9418547351771993,2.492734313595731,2.412,0.804,1.0092487459038235,1.0153012591524924,1.1119082892679835,2.412,1.608,1.7257646950692398,1.0174114833346897,0.852840325498647,1.0159224949313586,1.0745930478512702,0.804,0.9492499953620576,0.9330741303239316,1.0168574850404024,3.216,2.412,0.8691705946529685,0.9976884947587579,0.9718631752473696,2.412,0.9757932610902049,0.804,0.8589711218176471,0.9707355134438724,1.0723130954269724,1.0862539718311763,0.804,0.9457191227627689,0.9377804563721135,1.1167953116215217,1.608,0.804,0.8315027870389471,0.9754661120773083,1.0082095087612042,1.608,0.9945391354492994,1.6923948150901245,0.9173173621041286,0.9480596210986352,0.804,0.9362579213338497,0.8151755289109572,0.9077398222193769,0.804,1.608,1.752240248852142,1.8636802157330883,0.9869773069160207
8,15,1.0125888817703417,0.9760796371782475,1.9237673916200655,0.8372654699077663,2.5899010641233113,1.092764114476434,1.6931394269019022,0.9264742477660874,0.9150538623276434,1.0714306302423793,0.8998915522514921,1.608,0.9342742095230679,0.8561320936892819,1.8038417329324274,2.412,3.2430045961177907,1.7994669952251483,1.0590949387021276,0.912718262509953,0.9781214921339346,0.8492676614576412,1.010620525582503,0.9442538431996625,0.9150116968571863,0.984650345282055,1.7898318436989396,3.3791398950563067,0.804,1.608,1.1196338590694188,0.9540541070468957,0.9091477662976593,0.8286232493666451,1.0657946431036178,2.491589391426089,1.0006814510778939,1.7837359004263798,0.804,1.608,1.1257815062153578,0.9781073744446647,1.7843867762922643,0.9405292720090267,1.034484215058521,0.9786582471355956,0.8416162967306895,0.9418547351771993,2.492734313595731,2.412,0.804,1.0092487459038235,1.0153012591524924,1.1119082892679835,2.412,1.608,1.7257646950692398,1.0174114833346897,0.852840325498647,1.0159224949313586,1.0745930478512702,0.804,0.9492499953620576,0.9330741303239316,1.0168574850404024,3.216,2.412,0.8691705946529685,0.9976884947587579,0.9718631752473696,2.412,0.9757932610902049,0.804,0.8589711218176471,0.9707355134438724,1.0723130954269724,1.0862539718311763,0.804,0.9457191227627689,0.9377804563721135,1.1167953116215217,1.608,0.804,0.8315027870389471,0.9754661120773083,1.0082095087612042,1.608,0.9945391354492994,1.6923948150901245,0.9173173621041286,0.9480596210986352,0.804,0.9362579213338497,0.8151755289109572,0.9077398222193769,0.804,1.608,1.752240248852142,1.8636802157330883,0.9869773069160207
8,16,1.0125888817703417,0.9760796371782475,1.9237673916200655,0.8372654699077663,2.5899010641233113,1.092764114476434,1.6931394269019022,0.9264742477660874,0.9150538623276434,1.0714306302423793,0.8998915522514921,1.608,0.9342742095230679,0.8561320936892819,1.8038417329324274,2.412,3.2430045961177907,1.7994669952251483,1.0590949387021276,0.912718262509953,0.9781214921339346,0.8492676614576412,1.010620525582503,0.9442538431996625,0.9150116968571863,0.984650345282055,1.7898318436989396,3.3791398950563067,0.804,1.608,1.1196338590694188,0.9540541070468957,0.9091477662976593,0.8286232493666451,1.0657946431036178,2.491589391426089,1.0006814510778939,1.7837359004263798,0.804,1.608,1.1257815062153578,0.9781073744446647,1.7843867762922643,0.9405292720090267,1.034484215058521,0.9786582471355956,0.8416162967306895,0.9418547351771993,2.492734313595731,2.412,0.804,1.0092487459038235,1.0153012591524924,1.1119082892679835,2.412,1.608,1.7257646950692398,1.0174114833346897,0.852840325498647,1.0159224949313586,1.0745930478512702,0.804,0.9492499953620576,0.9330741303239316,1.0168574850404024,3.216,2.412,0.8691705946529685,0.9976884947587579,0.9718631752473696,2.412,0.9757932610902049,0.804,0.8589711218176471,0.9707355134438724,1.0723130954269724,1.0862539718311763,0.804,0.9457191227627689,0.9377804563721135,1.1167953116215217,1.608,0.804,0.8315027870389471,0.9754661120773083,1.0082095087612042,1.608,0.9945391354492994,1.6923948150901245,0.9173173621041286,0.9480596210986352,0.804,0.9362579213338497,0.8151755289109572,0.9077398222193769,0.804,1.608,1.752240248852142,1.8636802157330883,0.9869773069160207
8,17,1.0125888817703417,0.9760796371782475,1.9237673916200655,0.8372654699077663,2.5899010641233113,1.092764114476434,1.6931394269019022,0.9264742477660874,0.9150538623276434,1.0714306302423793,0.8998915522514921,1.608,0.9342742095230679,0.8561320936892819,1.8038417329324274,2.412,3.2430045961177907,1.7994669952251483,1.0590949387021276,0.912718262509953,0.9781214921339346,0.8492676614576412,1.010620525582503,0.9442538431996625,0.9150116968571863,0.984650345282055,1.7898318436989396,3.3791398950563067,0.804,1.608,1.1196338590694188,0.9540541070468957,0.9091477662976593,0.8286232493666451,1.0657946431036178,2.491589391426089,1.0006814510778939,1.7837359004263798,0.804,1.608,1.1257815062153578,0.9781073744446647,1.7843867762922643,0.9405292720090267,1.034484215058521,0.9786582471355956,0.8416162967306895,0.9418547351771993,2.492734313595731,2.412,0.804,1.0092487459038235,1.0153012591524924,1.1119082892679835,2.412,1.608,1.7257646950692398,1.0174114833346897,0.852840325498647,1.0159224949313586,1.0745930478512702,0.804,0.9492499953620576,0.9330741303239316,1.0168574850404024,3.216,2.412,0.8691705946529685,0.9976884947587579,0.9718631752473696,2.412,0.9757932610902049,0.804,0.8589711218176471,0.9707355134438724,1.0723130954269724,1.0862539718311763,0.804,0.9457191227627689,0.9377804563721135,1.1167953116215217,1.608,0.804,0.8315027870389471,0.9754661120773083,1.0082095087612042,1.608,0.9945391354492994,1.6923948150901245,0.9173173621041286,0.9480596210986352,0.804,0.9362579213338497,0.8151755289109572,0.9077398222193769,0.804,1.608,1.752240248852142,1.8636802157330883,0.9869773069160207
8,18,1.0125888817703417,0.9760796371782475,1.9237673916200655,0.8372654699077663,2.5899010641233113,1.092764114476434,1.6931394269019022,0.9264742477660874,0.9150538623276434,1.0714306302423793,0.8998915522514921,1.608,0.9342742095230679,0.8561320936892819,1.8038417329324274,2.412,3.2430045961177907,1.7994669952251483,1.0590949387021276,0.912718262509953,0.9781214921339346,0.8492676614576412,1.010620525582503,0.9442538431996625,0.9150116968571863,0.984650345282055,1.7898318436989396,3.3791398950563067,0.804,1.608,1.1196338590694188,0.9540541070468957,0.9091477662976593,0.8286232493666451,1.0657946431036178,2.491589391426089,1.0006814510778939,1.7837359004263798,0.804,1.608,1.1257815062153578,0.9781073744446647,1.7843867762922643,0.9405292720090267,1.034484215058521,0.9786582471355956,0.8416162967306895,0.9418547351771993,2.492734313595731,2.412,0.804,1.0092487459038235,1.0153012591524924,1.1119082892679835,2.412,1.608,1.7257646950692398,1.0174114833346897,0.852840325498647,1.0159224949313586,1.0745930478512702,0.804,0.9492499953620576,0.9330741303239316,1.0168574850404024,3.216,2.412,0.8691705946529685,0.9976884947587579,0.9718631752473696,2.412,0.9757932610902049,0.804,0.8589711218176471,0.9707355134438724,1.0723130954269724,1.0862539718311763,0.804,0.9457191227627689,0.9377804563721135,1.1167953116215217,1.608,0.804,0.8315027870389471,0.9754661120773083,1.0082095087612042,1.608,0.9945391354492994,1.6923948150901245,0.9173173621041286,0.9480596210986352,0.804,0.9362579213338497,0.8151755289109572,0.9077398222193769,0.804,1.608,1.752240248852142,1.8636802157330883,0.9869773069160207
8,19,1.0125888817703417,0.9760796371782475,1.9237673916200655,0.8372654699077663,2.5899010641233113,1.092764114476434,1.6931394269019022,0.9264742477660874,0.9150538623276434,1.0714306302423793,0.8998915522514921,1.608,0.9342742095230679,0.8561320936892819,1.8038417329324274,2.412,3.2430045961177907,1.7994669952251483,1.0590949387021276,0.912718262509953,0.9781214921339346,0.8492676614576412,1.010620525582503,0.9442538431996625,0.9150116968571863,0.984650345282055,1.7898318436989396,3.3791398950563067,0.804,1.608,1.1196338590694188,0.9540541070468957,0.9091477662976593,0.8286232493666451,1.0657946431036178,2.491589391426089,1.0006814510778939,1.7837359004263798,0.804,1.608,1.1257815062153578,0.9781073744446647,1.7843867762922643,0.9405292720090267,1.034484215058521,0.9786582471355956,0.8416162967306895,0.9418547351771993,2.492734313595731,2.412,0.804,1.0092487459038235,1.0153012591524924,1.1119082892679835,2.412,1.608,1.7257646950692398,1.0174114833346897,0.852840325498647,1.0159224949313586,1.0745930478512702,0.804,0.9492499953620576,0.9330741303239316,1.0168574850404024,3.216,2.412,0.8691705946529685,0.9976884947587579,0.9718631752473696,2.412,0.9757932610902049,0.804,0.8589711218176471,0.9707355134438724,1.0723130954269724,1.0862539718311763,0.804,0.9457191227627689,0.9377804563721135,1.1167953116215217,1.608,0.804,0.8315027870389471,0.9754661120773083,1.0082095087612042,1.608,0.9945391354492994,1.6923948150901245,0.9173173621041286,0.9480596210986352,0.804,0.9362579213338497,0.8151755289109572,0.9077398222193769,0.804,1.608,1.752240248852142,1.8636802157330883,0.9869773069160207
8,20,1.0125888817703417,0.9760796371782475,1.9237673916200655,0.8372654699077663,2.5899010641233113,1.092764114476434,1.6931394269019022,0.9264742477660874,0.9150538623276434,1.0714306302423793,0.8998915522514921,1.608,0.9342742095230679,0.8561320936892819,1.8038417329324274,2.412,3.2430045961177907,1.7994669952251483,1.0590949387021276,0.912718262509953,0.9781214921339346,0.8492676614576412,1.010620525582503,0.9442538431996625,0.9150116968571863,0.984650345282055,1.7898318436989396,3.3791398950563067,0.804,1.608,1.1196338590694188,0.9540541070468957,0.9091477662976593,0.8286232493666451,1.0657946431036178,2.491589391426089,1.0006814510778939,1.7837359004263798,0.804,1.608,1.1257815062153578,0.9781073744446647,1.7843867762922643,0.9405292720090267,1.034484215058521,0.9786582471355956,0.8416162967306895,0.9418547351771993,2.492734313595731,2.412,0.804,1.0092487459038235,1.0153012591524924,1.1119082892679835,2.412,1.608,1.7257646950692398,1.0174114833346897,0.852840325498647,1.0159224949313586,1.0745930478512702,0.804,0.9492499953620576,0.9330741303239316,1.0168574850404024,3.216,2.412,0.8691705946529685,0.9976884947587579,0.9718631752473696,2.412,0.9757932610902049,0.804,0.8589711218176471,0.9707355134438724,1.0723130954269724,1.0862539718311763,0.804,0.9457191227627689,0.9377804563721135,1.1167953116215217,1.608,0.804,0.8315027870389471,0.9754661120773083,1.0082095087612042,1.608,0.9945391354492994,1.6923948150901245,0.9173173621041286,0.9480596210986352,0.804,0.9362579213338497,0.8151755289109572,0.9077398222193769,0.804,1.608,1.752240248852142,1.8636802157330883,0.9869773069160207
8,21,1.0125888817703417,0.9760796371782475,1.9237673916200655,0.8372654699077663,2.5899010641233113,1.092764114476434,1.6931394269019022,0.9264742477660874,0.9150538623276434,1.0714306302423793,0.8998915522514921,1.608,0.9342742095230679,0.8561320936892819,1.8038417329324274,2.412,3.2430045961177907,1.7994669952251483,1.0590949387021276,0.912718262509953,0.9781214921339346,0.8492676614576412,1.010620525582503,0.9442538431996625,0.9150116968571863,0.984650345282055,1.7898318436989396,3.3791398950563067,0.804,1.608,1.1196338590694188,0.9540541070468957,0.9091477662976593,0.8286232493666451,1.0657946431036178,2.491589391426089,1.0006814510778939,1.7837359004263798,0.804,1.608,1.1257815062153578,0.9781073744446647,1.7843867762922643,0.9405292720090267,1.034484215058521,0.9786582471355956,0.8416162967306895,0.9418547351771993,2.492734313595731,2.412,0.804,1.0092487459038235,1.0153012591524924,1.1119082892679835,2.412,1.608,1.7257646950692398,1.0174114833346897,0.852840325498647,1.0159224949313586,1.0745930478512702,0.804,0.9492499953620576,0.9330741303239316,1.0168574850404024,3.216,2.412,0.8691705946529685,0.9976884947587579,0.9718631752473696,2.412,0.9757932610902049,0.804,0.8589711218176471,0.9707355134438724,1.0723130954269724,1.0862539718311763,0.804,0.9457191227627689,0.9377804563721135,1.1167953116215217,1.608,0.804,0.8315027870389471,0.9754661120773083,1.0082095087612042,1.608,0.9945391354492994,1.6923948150901245,0.9173173621041286,0.9480596210986352,0.804,0.9362579213338497,0.8151755289109572,0.9077398222193769,0.804,1.608,1.752240248852142,1.8636802157330883,0.9869773069160207
8,22,1.0125888817703417,0.9760796371782475,1.9237673916200655,0.8372654699077663,2.5899010641233113,1.092764114476434,1.6931394269019022,0.9264742477660874,0.9150538623276434,1.0714306302423793,0.8998915522514921,1.608,0.9342742095230679,0.8561320936892819,1.8038417329324274,2.412,3.2430045961177907,1.7994669952251483,1.0590949387021276,0.912718262509953,0.9781214921339346,0.8492676614576412,1.010620525582503,0.9442538431996625,0.9150116968571863,0.984650345282055,1.7898318436989396,3.3791398950563067,0.804,1.608,1.1196338590694188,0.9540541070468957,0.9091477662976593,0.8286232493666451,1.0657946431036178,2.491589391426089,1.0006814510778939,1.7837359004263798,0.804,1.608,1.1257815062153578,0.9781073744446647,1.7843867762922643,0.9405292720090267,1.034484215058521,0.9786582471355956,0.8416162967306895,0.9418547351771993,2.492734313595731,2.412,0.804,1.0092487459038235,1.0153012591524924,1.1119082892679835,2.412,1.608,1.7257646950692398,1.0174114833346897,0.852840325498647,1.0159224949313586,1.0745930478512702,0.804,0.9492499953620576,0.9330741303239316,1.0168574850404024,3.216,2.412,0.8691705946529685,0.9976884947587579,0.9718631752473696,2.412,0.9757932610902049,0.804,0.8589711218176471,0.9707355134438724,1.0723130954269724,1.0862539718311763,0.804,0.9457191227627689,0.9377804563721135,1.1167953116215217,1.608,0.804,0.8315027870389471,0.9754661120773083,1.0082095087612042,1.608,0.9945391354492994,1.6923948150901245,0.9173173621041286,0.9480596210986352,0.804,0.9362579213338497,0.8151755289109572,0.9077398222193769,0.804,1.608,1.752240248852142,1.8636802157330883,0.9869773069160207
8,23,1.0125888817703417,0.9760796371782475,1.9237673916200655,0.8372654699077663,2.5899010641233113,1.092764114476434,1.6931394269019022,0.9264742477660874,0.9150538623276434,1.0714306302423793,0.8998915522514921,1.608,0.9342742095230679,0.8561320936892819,1.8038417329324274,2.412,3.2430045961177907,1.7994669952251483,1.0590949387021276,0.912718262509953,0.9781214921339346,0.8492676614576412,1.010620525582503,0.9442538431996625,0.9150116968571863,0.984650345282055,1.7898318436989396,3.3791398950563067,0.804,1.608,1.1196338590694188,0.9540541070468957,0.9091477662976593,0.8286232493666451,1.0657946431036178,2.491589391426089,1.0006814510778939,1.7837359004263798,0.804,1.608,1.1257815062153578,0.9781073744446647,1.7843867762922643,0.9405292720090267,1.034484215058521,0.9786582471355956,0.8416162967306895,0.9418547351771993,2.492734313595731,2.412,0.804,1.0092487459038235,1.0153012591524924,1.1119082892679835,2.412,1.608,1.7257646950692398,1.0174114833346897,0.852840325498647,1.0159224949313586,1.0745930478512702,0.804,0.9492499953620576,0.9330741303239316,1.0168574850404024,3.216,2.412,0.8691705946529685,0.9976884947587579,0.9718631752473696,2.412,0.9757932610902049,0.804,0.8589711218176471,0.9707355134438724,1.0723130954269724,1.0862539718311763,0.804,0.9457191227627689,0.9377804563721135,1.1167953116215217,1.608,0.804,0.8315027870389471,0.9754661120773083,1.0082095087612042,1.608,0.9945391354492994,1.6923948150901245,0.9173173621041286,0.9480596210986352,0.804,0.9362579213338497,0.8151755289109572,0.9077398222193769,0.804,1.608,1.752240248852142,1.8636802157330883,0.9869773069160207
8,24,1.0125888817703417,0.9760796371782475,1.9237673916200655,0.8372654699077663,2.5899010641233113,1.092764114476434,1.6931394269019022,0.9264742477660874,0.9150538623276434,1.0714306302423793,0.8998915522514921,1.608,0.9342742095230679,0.8561320936892819,1.8038417329324274,2.412,3.2430045961177907,1.7994669952251483,1.0590949387021276,0.912718262509953,0.9781214921339346,0.8492676614576412,1.010620525582503,0.9442538431996625,0.9150116968571863,0.984650345282055,1.7898318436989396,3.3791398950563067,0.804,1.608,1.1196338590694188,0.9540541070468957,0.9091477662976593,0.8286232493666451,1.0657946431036178,2.491589391426089,1.0006814510778939,1.7837359004263798,0.804,1.608,1.1257815062153578,0.9781073744446647,1.7843867762922643,0.9405292720090267,1.034484215058521,0.9786582471355956,0.8416162967306895,0.9418547351771993,2.492734313595731,2.412,0.804,1.0092487459038235,1.0153012591524924,1.1119082892679835,2.412,1.608,1.7257646950692398,1.0174114833346897,0.852840325498647,1.0159224949313586,1.0745930478512702,0.804,0.9492499953620576,0.9330741303239316,1.0168574850404024,3.216,2.412,0.8691705946529685,0.9976884947587579,0.9718631752473696,2.412,0.9757932610902049,0.804,0.8589711218176471,0.9707355134438724,1.0723130954269724,1.0862539718311763,0.804,0.9457191227627689,0.9377804563721135,1.1167953116215217,1.608,0.804,0.8315027870389471,0.9754661120773083,1.0082095087612042,1.608,0.9945391354492994,1.6923948150901245,0.9173173621041286,0.9480596210986352,0.804,0.9362579213338497,0.8151755289109572,0.9077398222193769,0.804,1.608,1.752240248852142,1.8636802157330883,0.9869773069160207
8,25,1.0125888817703417,0.9760796371782475,1.9237673916200655,0.8372654699077663,2.5899010641233113,1.092764114476434,1.6931394269019022,0.9264742477660874,0.9150538623276434,1.0714306302423793,0.8998915522514921,1.608,0.9342742095230679,0.8561320936892819,1.8038417329324274,2.412,3.2430045961177907,1.7994669952251483,1.0590949387021276,0.912718262509953,0.9781214921339346,0.8492676614576412,1.010620525582503,0.9442538431996625,0.9150116968571863,0.984650345282055,1.7898318436989396,3.3791398950563067,0.804,1.608,1.1196338590694188,0.9540541070468957,0.9091477662976593,0.8286232493666451,1.0657946431036178,2.491589391426089,1.0006814510778939,1.7837359004263798,0.804,1.608,1.1257815062153578,0.9781073744446647,1.7843867762922643,0.9405292720090267,1.034484215058521,0.9786582471355956,0.8416162967306895,0.9418547351771993,2.492734313595731,2.412,0.804,1.0092487459038235,1.0153012591524924,1.1119082892679835,2.412,1.608,1.7257646950692398,1.0174114833346897,0.852840325498647,1.0159224949313586,1.0745930478512702,0.804,0.9492499953620576,0.9330741303239316,1.0168574850404024,3.216,2.412,0.8691705946529685,0.9976884947587579,0.9718631752473696,2.412,0.9757932610902049,0.804,0.8589711218176471,0.9707355134438724,1.0723130954269724,1.0862539718311763,0.804,0.9457191227627689,0.9377804563721135,1.1167953116215217,1.608,0.804,0.8315027870389471,0.9754661120773083,1.0082095087612042,1.608,0.9945391354492994,1.6923948150901245,0.9173173621041286,0.9480596210986352,0.804,0.9362579213338497,0.8151755289109572,0.9077398222193769,0.804,1.608,1.752240248852142,1.8636802157330883,0.9869773069160207
8,26,1.0125888817703417,0.9760796371782475,1.9237673916200655,0.8372654699077663,2.5899010641233113,1.092764114476434,1.6931394269019022,0.9264742477660874,0.9150538623276434,1.0714306302423793,0.8998915522514921,1.608,0.9342742095230679,0.8561320936892819,1.8038417329324274,2.412,3.2430045961177907,1.7994669952251483,1.0590949387021276,0.912718262509953,0.9781214921339346,0.8492676614576412,1.010620525582503,0.9442538431996625,0.9150116968571863,0.984650345282055,1.7898318436989396,3.3791398950563067,0.804,1.608,1.1196338590694188,0.9540541070468957,0.9091477662976593,0.8286232493666451,1.0657946431036178,2.491589391426089,1.0006814510778939,1.7837359004263798,0.804,1.608,1.1257815062153578,0.9781073744446647,1.7843867762922643,0.9405292720090267,1.034484215058521,0.9786582471355956,0.8416162967306895,0.9418547351771993,2.492734313595731,2.412,0.804,1.0092487459038235,1.0153012591524924,1.1119082892679835,2.412,1.608,1.7257646950692398,1.0174114833346897,0.852840325498647,1.0159224949313586,1.0745930478512702,0.804,0.9492499953620576,0.9330741303239316,1.0168574850404024,3.216,2.412,0.8691705946529685,0.9976884947587579,0.9718631752473696,2.412,0.9757932610902049,0.804,0.8589711218176471,0.9707355134438724,1.0723130954269724,1.0862539718311763,0.804,0.9457191227627689,0.9377804563721135,1.1167953116215217,1.608,0.804,0.8315027870389471,0.9754661120773083,1.0082095087612042,1.608,0.9945391354492994,1.6923948150901245,0.9173173621041286,0.9480596210986352,0.804,0.9362579213338497,0.8151755289109572,0.9077398222193769,0.804,1.608,1.752240248852142,1.8636802157330883,0.9869773069160207
8,27,1.0125888817703417,0.9760796371782475,1.9237673916200655,0.8372654699077663,2.5899010641233113,1.092764114476434,1.6931394269019022,0.9264742477660874,0.9150538623276434,1.0714306302423793,0.8998915522514921,1.608,0.9342742095230679,0.8561320936892819,1.8038417329324274,2.412,3.2430045961177907,1.7994669952251483,1.0590949387021276,0.912718262509953,0.9781214921339346,0.8492676614576412,1.010620525582503,0.9442538431996625,0.9150116968571863,0.984650345282055,1.7898318436989396,3.3791398950563067,0.804,1.608,1.1196338590694188,0.9540541070468957,0.9091477662976593,0.8286232493666451,1.0657946431036178,2.491589391426089,1.0006814510778939,1.7837359004263798,0.804,1.608,1.1257815062153578,0.9781073744446647,1.7843867762922643,0.9405292720090267,1.034484215058521,0.9786582471355956,0.8416162967306895,0.9418547351771993,2.492734313595731,2.412,0.804,1.0092487459038235,1.0153012591524924,1.1119082892679835,2.412,1.608,1.7257646950692398,1.0174114833346897,0.852840325498647,1.0159224949313586,1.0745930478512702,0.804,0.9492499953620576,0.9330741303239316,1.0168574850404024,3.216,2.412,0.8691705946529685,0.9976884947587579,0.9718631752473696,2.412,0.9757932610902049,0.804,0.8589711218176471,0.9707355134438724,1.0723130954269724,1.0862539718311763,0.804,0.9457191227627689,0.9377804563721135,1.1167953116215217,1.608,0.804,0.8315027870389471,0.9754661120773083,1.0082095087612042,1.608,0.9945391354492994,1.6923948150901245,0.9173173621041286,0.9480596210986352,0.804,0.9362579213338497,0.8151755289109572,0.9077398222193769,0.804,1.608,1.752240248852142,1.8636802157330883,0.9869773069160207
8,28,1.0125888817703417,0.9760796371782475,1.9237673916200655,0.8372654699077663,2.5899010641233113,1.092764114476434,1.6931394269019022,0.9264742477660874,0.9150538623276434,1.0714306302423793,0.8998915522514921,1.608,0.9342742095230679,0.8561320936892819,1.8038417329324274,2.412,3.2430045961177907,1.7994669952251483,1.0590949387021276,0.912718262509953,0.9781214921339346,0.8492676614576412,1.010620525582503,0.9442538431996625,0.9150116968571863,0.984650345282055,1.7898318436989396,3.3791398950563067,0.804,1.608,1.1196338590694188,0.9540541070468957,0.9091477662976593,0.8286232493666451,1.0657946431036178,2.491589391426089,1.0006814510778939,1.7837359004263798,0.804,1.608,1.1257815062153578,0.9781073744446647,1.7843867762922643,0.9405292720090267,1.034484215058521,0.9786582471355956,0.8416162967306895,0.9418547351771993,2.492734313595731,2.412,0.804,1.0092487459038235,1.0153012591524924,1.1119082892679835,2.412,1.608,1.7257646950692398,1.0174114833346897,0.852840325498647,1.0159224949313586,1.0745930478512702,0.804,0.9492499953620576,0.9330741303239316,1.0168574850404024,3.216,2.412,0.8691705946529685,0.9976884947587579,0.9718631752473696,2.412,0.9757932610902049,0.804,0.8589711218176471,0.9707355134438724,1.0723130954269724,1.0862539718311763,0.804,0.9457191227627689,0.9377804563721135,1.1167953116215217,1.608,0.804,0.8315027870389471,0.9754661120773083,1.0082095087612042,1.608,0.9945391354492994,1.6923948150901245,0.9173173621041286,0.9480596210986352,0.804,0.9362579213338497,0.8151755289109572,0.9077398222193769,0.804,1.608,1.752240248852142,1.8636802157330883,0.9869773069160207
8,29,1.0125888817703417,0.9760796371782475,1.9237673916200655,0.8372654699077663,2.5899010641233113,1.092764114476434,1.6931394269019022,0.9264742477660874,0.9150538623276434,1.0714306302423793,0.8998915522514921,1.608,0.9342742095230679,0.8561320936892819,1.8038417329324274,2.412,3.2430045961177907,1.7994669952251483,1.0590949387021276,0.912718262509953,0.9781214921339346,0.8492676614576412,1.010620525582503,0.9442538431996625,0.9150116968571863,0.984650345282055,1.7898318436989396,3.3791398950563067,0.804,1.608,1.1196338590694188,0.9540541070468957,0.9091477662976593,0.8286232493666451,1.0657946431036178,2.491589391426089,1.0006814510778939,1.7837359004263798,0.804,1.608,1.1257815062153578,0.9781073744446647,1.7843867762922643,0.9405292720090267,1.034484215058521,0.9786582471355956,0.8416162967306895,0.9418547351771993,2.492734313595731,2.412,0.804,1.0092487459038235,1.0153012591524924,1.1119082892679835,2.412,1.608,1.7257646950692398,1.0174114833346897,0.852840325498647,1.0159224949313586,1.0745930478512702,0.804,0.9492499953620576,0.9330741303239316,1.0168574850404024,3.216,2.412,0.8691705946529685,0.9976884947587579,0.9718631752473696,2.412,0.9757932610902049,0.804,0.8589711218176471,0.9707355134438724,1.0723130954269724,1.0862539718311763,0.804,0.9457191227627689,0.9377804563721135,1.1167953116215217,1.608,0.804,0.8315027870389471,0.9754661120773083,1.0082095087612042,1.608,0.9945391354492994,1.6923948150901245,0.9173173621041286,0.9480596210986352,0.804,0.9362579213338497,0.8151755289109572,0.9077398222193769,0.804,1.608,1.752240248852142,1.8636802157330883,0.9869773069160207
8,30,1.0125888817703417,0.9760796371782475,1.9237673916200655,0.8372654699077663,2.5899010641233113,1.092764114476434,1.6931394269019022,0.9264742477660874,0.9150538623276434,1.0714306302423793,0.8998915522514921,1.608,0.9342742095230679,0.8561320936892819,1.8038417329324274,2.412,3.2430045961177907,1.7994669952251483,1.0590949387021276,0.912718262509953,0.9781214921339346,0.8492676614576412,1.010620525582503,0.9442538431996625,0.9150116968571863,0.984650345282055,1.7898318436989396,3.3791398950563067,0.804,1.608,1.1196338590694188,0.9540541070468957,0.9091477662976593,0.8286232493666451,1.0657946431036178,2.491589391426089,1.0006814510778939,1.7837359004263798,0.804,1.608,1.1257815062153578,0.9781073744446647,1.7843867762922643,0.9405292720090267,1.034484215058521,0.9786582471355956,0.8416162967306895,0.9418547351771993,2.492734313595731,2.412,0.804,1.0092487459038235,1.0153012591524924,1.1119082892679835,2.412,1.608,1.7257646950692398,1.0174114833346897,0.852840325498647,1.0159224949313586,1.0745930478512702,0.804,0.9492499953620576,0.9330741303239316,1.0168574850404024,3.216,2.412,0.8691705946529685,0.9976884947587579,0.9718631752473696,2.412,0.9757932610902049,0.804,0.8589711218176471,0.9707355134438724,1.0723130954269724,1.0862539718311763,0.804,0.9457191227627689,0.9377804563721135,1.1167953116215217,1.608,0.804,0.8315027870389471,0.9754661120773083,1.0082095087612042,1.608,0.9945391354492994,1.6923948150901245,0.9173173621041286,0.9480596210986352,0.804,0.9362579213338497,0.8151755289109572,0.9077398222193769,0.804,1.608,1.752240248852142,1.8636802157330883,0.9869773069160207
8,31,1.0125888817703417,0.9760796371782475,1.9237673916200655,0.8372654699077663,2.5899010641233113,1.092764114476434,1.6931394269019022,0.9264742477660874,0.9150538623276434,1.0714306302423793,0.8998915522514921,1.608,0.9342742095230679,0.8561320936892819,1.8038417329324274,2.412,3.2430045961177907,1.7994669952251483,1.0590949387021276,0.912718262509953,0.9781214921339346,0.8492676614576412,1.010620525582503,0.9442538431996625,0.9150116968571863,0.984650345282055,1.7898318436989396,3.3791398950563067,0.804,1.608,1.1196338590694188,0.9540541070468957,0.9091477662976593,0.8286232493666451,1.0657946431036178,2.491589391426089,1.0006814510778939,1.7837359004263798,0.804,1.608,1.1257815062153578,0.9781073744446647,1.7843867762922643,0.9405292720090267,1.034484215058521,0.9786582471355956,0.8416162967306895,0.9418547351771993,2.492734313595731,2.412,0.804,1.0092487459038235,1.0153012591524924,1.1119082892679835,2.412,1.608,1.7257646950692398,1.0174114833346897,0.852840325498647,1.0159224949313586,1.0745930478512702,0.804,0.9492499953620576,0.9330741303239316,1.0168574850404024,3.216,2.412,0.8691705946529685,0.9976884947587579,0.9718631752473696,2.412,0.9757932610902049,0.804,0.8589711218176471,0.9707355134438724,1.0723130954269724,1.0862539718311763,0.804,0.9457191227627689,0.9377804563721135,1.1167953116215217,1.608,0.804,0.8315027870389471,0.9754661120773083,1.0082095087612042,1.608,0.9945391354492994,1.6923948150901245,0.9173173621041286,0.9480596210986352,0.804,0.9362579213338497,0.8151755289109572,0.9077398222193769,0.804,1.608,1.752240248852142,1.8636802157330883,0.9869773069160207
8,32,1.0125888817703417,0.9760796371782475,1.9237673916200655,0.8372654699077663,2.5899010641233113,1.092764114476434,1.6931394269019022,0.9264742477660874,0.9150538623276434,1.0714306302423793,0.8998915522514921,1.608,0.9342742095230679,0.8561320936892819,1.8038417329324274,2.412,3.2430045961177907,1.7994669952251483,1.0590949387021276,0.912718262509953,0.9781214921339346,0.8492676614576412,1.010620525582503,0.9442538431996625,0.9150116968571863,0.984650345282055,1.7898318436989396,3.3791398950563067,0.804,1.608,1.1196338590694188,0.9540541070468957,0.9091477662976593,0.8286232493666451,1.0657946431036178,2.491589391426089,1.0006814510778939,1.7837359004263798,0.804,1.608,1.1257815062153578,0.9781073744446647,1.7843867762922643,0.9405292720090267,1.034484215058521,0.9786582471355956,0.8416162967306895,0.9418547351771993,2.492734313595731,2.412,0.804,1.0092487459038235,1.0153012591524924,1.1119082892679835,2.412,1.608,1.7257646950692398,1.0174114833346897,0.852840325498647,1.0159224949313586,1.0745930478512702,0.804,0.9492499953620576,0.9330741303239316,1.0168574850404024,3.216,2.412,0.8691705946529685,0.9976884947587579,0.9718631752473696,2.412,0.9757932610902049,0.804,0.8589711218176471,0.9707355134438724,1.0723130954269724,1.0862539718311763,0.804,0.9457191227627689,0.9377804563721135,1.1167953116215217,1.608,0.804,0.8315027870389471,0.9754661120773083,1.0082095087612042,1.608,0.9945391354492994,1.6923948150901245,0.9173173621041286,0.9480596210986352,0.804,0.9362579213338497,0.8151755289109572,0.9077398222193769,0.804,1.608,1.752240248852142,1.8636802157330883,0.9869773069160207
8,33,1.0125888817703417,0.9760796371782475,1.9237673916200655,0.8372654699077663,2.5899010641233113,1.092764114476434,1.6931394269019022,0.9264742477660874,0.9150538623276434,1.0714306302423793,0.8998915522514921,1.608,0.9342742095230679,0.8561320936892819,1.8038417329324274,2.412,3.2430045961177907,1.7994669952251483,1.0590949387021276,0.912718262509953,0.9781214921339346,0.8492676614576412,1.010620525582503,0.9442538431996625,0.9150116968571863,0.984650345282055,1.7898318436989396,3.3791398950563067,0.804,1.608,1.1196338590694188,0.9540541070468957,0.9091477662976593,0.8286232493666451,1.0657946431036178,2.491589391426089,1.0006814510778939,1.7837359004263798,0.804,1.608,1.1257815062153578,0.9781073744446647,1.7843867762922643,0.9405292720090267,1.034484215058521,0.9786582471355956,0.8416162967306895,0.9418547351771993,2.492734313595731,2.412,0.804,1.0092487459038235,1.0153012591524924,1.1119082892679835,2.412,1.608,1.7257646950692398,1.0174114833346897,0.852840325498647,1.0159224949313586,1.0745930478512702,0.804,0.9492499953620576,0.9330741303239316,1.0168574850404024,3.216,2.412,0.8691705946529685,0.9976884947587579,0.9718631752473696,2.412,0.9757932610902049,0.804,0.8589711218176471,0.9707355134438724,1.0723130954269724,1.0862539718311763,0.804,0.9457191227627689,0.9377804563721135,1.1167953116215217,1.608,0.804,0.8315027870389471,0.9754661120773083,1.0082095087612042,1.608,0.9945391354492994,1.6923948150901245,0.9173173621041286,0.9480596210986352,0.804,0.9362579213338497,0.8151755289109572,0.9077398222193769,0.804,1.608,1.752240248852142,1.8636802157330883,0.9869773069160207
8,34,1.0125888817703417,0.9760796371782475,1.9237673916200655,0.8372654699077663,2.5899010641233113,1.092764114476434,1.6931394269019022,0.9264742477660874,0.9150538623276434,1.0714306302423793,0.8998915522514921,1.608,0.9342742095230679,0.8561320936892819,1.8038417329324274,2.412,3.2430045961177907,1.7994669952251483,1.0590949387021276,0.912718262509953,0.9781214921339346,0.8492676614576412,1.010620525582503,0.9442538431996625,0.9150116968571863,0.984650345282055,1.7898318436989396,3.3791398950563067,0.804,1.608,1.1196338590694188,0.9540541070468957,0.9091477662976593,0.8286232493666451,1.0657946431036178,2.491589391426089,1.0006814510778939,1.7837359004263798,0.804,1.608,1.1257815062153578,0.9781073744446647,1.7843867762922643,0.9405292720090267,1.034484215058521,0.9786582471355956,0.8416162967306895,0.9418547351771993,2.492734313595731,2.412,0.804,1.0092487459038235,1.0153012591524924,1.1119082892679835,2.412,1.608,1.7257646950692398,1.0174114833346897,0.852840325498647,1.0159224949313586,1.0745930478512702,0.804,0.9492499953620576,0.9330741303239316,1.0168574850404024,3.216,2.412,0.8691705946529685,0.9976884947587579,0.9718631752473696,2.412,0.9757932610902049,0.804,0.8589711218176471,0.9707355134438724,1.0723130954269724,1.0862539718311763,0.804,0.9457191227627689,0.9377804563721135,1.1167953116215217,1.608,0.804,0.8315027870389471,0.9754661120773083,1.0082095087612042,1.608,0.9945391354492994,1.6923948150901245,0.9173173621041286,0.9480596210986352,0.804,0.9362579213338497,0.8151755289109572,0.9077398222193769,0.804,1.608,1.752240248852142,1.8636802157330883,0.9869773069160207
8,35,1.0125888817703417,0.9760796371782475,1.9237673916200655,0.8372654699077663,2.5899010641233113,1.092764114476434,1.6931394269019022,0.9264742477660874,0.9150538623276434,1.0714306302423793,0.8998915522514921,1.608,0.9342742095230679,0.8561320936892819,1.8038417329324274,2.412,3.2430045961177907,1.7994669952251483,1.0590949387021276,0.912718262509953,0.9781214921339346,0.8492676614576412,1.010620525582503,0.9442538431996625,0.9150116968571863,0.984650345282055,1.7898318436989396,3.3791398950563067,0.804,1.608,1.1196338590694188,0.9540541070468957,0.9091477662976593,0.8286232493666451,1.0657946431036178,2.491589391426089,1.0006814510778939,1.7837359004263798,0.804,1.608,1.1257815062153578,0.9781073744446647,1.7843867762922643,0.9405292720090267,1.034484215058521,0.9786582471355956,0.8416162967306895,0.9418547351771993,2.492734313595731,2.412,0.804,1.0092487459038235,1.0153012591524924,1.1119082892679835,2.412,1.608,1.7257646950692398,1.0174114833346897,0.852840325498647,1.0159224949313586,1.0745930478512702,0.804,0.9492499953620576,0.9330741303239316,1.0168574850404024,3.216,2.412,0.8691705946529685,0.9976884947587579,0.9718631752473696,2.412,0.9757932610902049,0.804,0.8589711218176471,0.9707355134438724,1.0723130954269724,1.0862539718311763,0.804,0.9457191227627689,0.9377804563721135,1.1167953116215217,1.608,0.804,0.8315027870389471,0.9754661120773083,1.0082095087612042,1.608,0.9945391354492994,1.6923948150901245,0.9173173621041286,0.9480596210986352,0.804,0.9362579213338497,0.8151755289109572,0.9077398222193769,0.804,1.608,1.752240248852142,1.8636802157330883,0.9869773069160207
8,36,1.0125888817703417,0.9760796371782475,1.9237673916200655,0.8372654699077663,2.5899010641233113,1.092764114476434,1.6931394269019022,0.9264742477660874,0.9150538623276434,1.0714306302423793,0.8998915522514921,1.608,0.9342742095230679,0.8561320936892819,1.8038417329324274,2.412,3.2430045961177907,1.7994669952251483,1.0590949387021276,0.912718262509953,0.9781214921339346,0.8492676614576412,1.010620525582503,0.9442538431996625,0.9150116968571863,0.984650345282055,1.7898318436989396,3.3791398950563067,0.804,1.608,1.1196338590694188,0.9540541070468957,0.9091477662976593,0.8286232493666451,1.0657946431036178,2.491589391426089,1.0006814510778939,1.7837359004263798,0.804,1.608,1.1257815062153578,0.9781073744446647,1.7843867762922643,0.9405292720090267,1.034484215058521,0.9786582471355956,0.8416162967306895,0.9418547351771993,2.492734313595731,2.412,0.804,1.0092487459038235,1.0153012591524924,1.1119082892679835,2.412,1.608,1.7257646950692398,1.0174114833346897,0.852840325498647,1.0159224949313586,1.0745930478512702,0.804,0.9492499953620576,0.9330741303239316,1.0168574850404024,3.216,2.412,0.8691705946529685,0.9976884947587579,0.9718631752473696,2.412,0.9757932610902049,0.804,0.8589711218176471,0.9707355134438724,1.0723130954269724,1.0862539718311763,0.804,0.9457191227627689,0.9377804563721135,1.1167953116215217,1.608,0.804,0.8315027870389471,0.9754661120773083,1.0082095087612042,1.608,0.9945391354492994,1.6923948150901245,0.9173173621041286,0.9480596210986352,0.804,0.9362579213338497,0.8151755289109572,0.9077398222193769,0.804,1.608,1.752240248852142,1.8636802157330883,0.9869773069160207
8,37,1.0125888817703417,0.9760796371782475,1.9237673916200655,0.8372654699077663,2.5899010641233113,1.092764114476434,1.6931394269019022,0.9264742477660874,0.9150538623276434,1.0714306302423793,0.8998915522514921,1.608,0.9342742095230679,0.8561320936892819,1.8038417329324274,2.412,3.2430045961177907,1.7994669952251483,1.0590949387021276,0.912718262509953,0.9781214921339346,0.8492676614576412,1.010620525582503,0.9442538431996625,0.9150116968571863,0.984650345282055,1.7898318436989396,3.3791398950563067,0.804,1.608,1.1196338590694188,0.9540541070468957,0.9091477662976593,0.8286232493666451,1.0657946431036178,2.491589391426089,1.0006814510778939,1.7837359004263798,0.804,1.608,1.1257815062153578,0.9781073744446647,1.7843867762922643,0.9405292720090267,1.034484215058521,0.9786582471355956,0.8416162967306895,0.9418547351771993,2.492734313595731,2.412,0.804,1.0092487459038235,1.0153012591524924,1.1119082892679835,2.412,1.608,1.7257646950692398,1.0174114833346897,0.852840325498647,1.0159224949313586,1.0745930478512702,0.804,0.9492499953620576,0.9330741303239316,1.0168574850404024,3.216,2.412,0.8691705946529685,0.9976884947587579,0.9718631752473696,2.412,0.9757932610902049,0.804,0.8589711218176471,0.9707355134438724,1.0723130954269724,1.0862539718311763,0.804,0.9457191227627689,0.9377804563721135,1.1167953116215217,1.608,0.804,0.8315027870389471,0.9754661120773083,1.0082095087612042,1.608,0.9945391354492994,1.6923948150901245,0.9173173621041286,0.9480596210986352,0.804,0.9362579213338497,0.8151755289109572,0.9077398222193769,0.804,1.608,1.752240248852142,1.8636802157330883,0.9869773069160207
8,38,1.0125888817703417,0.9760796371782475,1.9237673916200655,0.8372654699077663,2.5899010641233113,1.092764114476434,1.6931394269019022,0.9264742477660874,0.9150538623276434,1.0714306302423793,0.8998915522514921,1.608,0.9342742095230679,0.8561320936892819,1.8038417329324274,2.412,3.2430045961177907,1.7994669952251483,1.0590949387021276,0.912718262509953,0.9781214921339346,0.8492676614576412,1.010620525582503,0.9442538431996625,0.9150116968571863,0.984650345282055,1.7898318436989396,3.3791398950563067,0.804,1.608,1.1196338590694188,0.9540541070468957,0.9091477662976593,0.8286232493666451,1.0657946431036178,2.491589391426089,1.0006814510778939,1.7837359004263798,0.804,1.608,1.1257815062153578,0.9781073744446647,1.7843867762922643,0.9405292720090267,1.034484215058521,0.9786582471355956,0.8416162967306895,0.9418547351771993,2.492734313595731,2.412,0.804,1.0092487459038235,1.0153012591524924,1.1119082892679835,2.412,1.608,1.7257646950692398,1.0174114833346897,0.852840325498647,1.0159224949313586,1.0745930478512702,0.804,0.9492499953620576,0.9330741303239316,1.0168574850404024,3.216,2.412,0.8691705946529685,0.9976884947587579,0.9718631752473696,2.412,0.9757932610902049,0.804,0.8589711218176471,0.9707355134438724,1.0723130954269724,1.0862539718311763,0.804,0.9457191227627689,0.9377804563721135,1.1167953116215217,1.608,0.804,0.8315027870389471,0.9754661120773083,1.0082095087612042,1.608,0.9945391354492994,1.6923948150901245,0.9173173621041286,0.9480596210986352,0.804,0.9362579213338497,0.8151755289109572,0.9077398222193769,0.804,1.608,1.752240248852142,1.8636802157330883,0.9869773069160207
8,39,1.0125888817703417,0.9760796371782475,1.9237673916200655,0.8372654699077663,2.5899010641233113,1.092764114476434,1.6931394269019022,0.9264742477660874,0.9150538623276434,1.0714306302423793,0.8998915522514921,1.608,0.9342742095230679,0.8561320936892819,1.8038417329324274,2.412,3.2430045961177907,1.7994669952251483,1.0590949387021276,0.912718262509953,0.9781214921339346,0.8492676614576412,1.010620525582503,0.9442538431996625,0.9150116968571863,0.984650345282055,1.7898318436989396,3.3791398950563067,0.804,1.608,1.1196338590694188,0.9540541070468957,0.9091477662976593,0.8286232493666451,1.0657946431036178,2.491589391426089,1.0006814510778939,1.7837359004263798,0.804,1.608,1.1257815062153578,0.9781073744446647,1.7843867762922643,0.9405292720090267,1.034484215058521,0.9786582471355956,0.8416162967306895,0.9418547351771993,2.492734313595731,2.412,0.804,1.0092487459038235,1.0153012591524924,1.1119082892679835,2.412,1.608,1.7257646950692398,1.0174114833346897,0.852840325498647,1.0159224949313586,1.0745930478512702,0.804,0.9492499953620576,0.9330741303239316,1.0168574850404024,3.216,2.412,0.8691705946529685,0.9976884947587579,0.9718631752473696,2.412,0.9757932610902049,0.804,0.8589711218176471,0.9707355134438724,1.0723130954269724,1.0862539718311763,0.804,0.9457191227627689,0.9377804563721135,1.1167953116215217,1.608,0.804,0.8315027870389471,0.9754661120773083,1.0082095087612042,1.608,0.9945391354492994,1.6923948150901245,0.9173173621041286,0.9480596210986352,0.804,0.9362579213338497,0.8151755289109572,0.9077398222193769,0.804,1.608,1.752240248852142,1.8636802157330883,0.9869773069160207
9,0,0.9936248061595865,2.5542566486221707,2.412,0.9370316702449323,1.608,1.0445385388745592,0.804,2.0819280244488136,1.0657946431036178,0.9419274624894924,0.912718262509953,0.9165474560825564,0.9786582471355956,1.0125888817703417,0.957931938889747,1.608,0.8970596623535314,1.608,0.9397142637883541,1.608,0.804,0.804,0.8908904839458277,0.975050049151941,1.0229705477740194,1.8778548234952614,1.0559716992729606,1.0213516712059538,1.027340259116614,1.608,0.8537327704668577,1.699330719579005,0.8998915522514921,1.18959133506717,0.8286232493666451,2.491589391426089,1.7994669952251483,0.9041870616007276,1.8619669065800775,0.804,1.129384327815748,0.9405292720090267,0.9540541070468957,0.9150538623276434,0.9192051715707454,1.7121935100273995,1.0590949387021276,2.598150180902839,1.7837359004263798,1.0310684975286788,0.9104848405388208,1.1902780276228808,1.1659338437130757,1.9626919793575466,1.0838780669961814,1.0301621185711387,0.9964376950051028,1.074406474318205,2.5103486397933565,1.043756012491508,1.0148859248418365,0.8797225767345077,0.9935213953116787,0.9208033921962279,0.8267532220042334,1.0671453568531866,0.9437726716313559,1.0783746125676936,1.0985866229951742,1.7990587123659174,0.9264152455762044,1.6613032240901107,0.804,1.0831859560827217,3.216,0.8612887583118585,0.982142442444768,0.9082279621821011,0.8762326722659952,1.8421515506546084,1.7832960084331573,1.059901982942082,1.1388769438243684,0.9538073538292184,0.804,1.034115838441263,0.8650099759796107,0.981325614229988,0.9318602714844515,0.9265928012269253,1.000805145252638,0.901896031787573,1.0397758788219906,0.9059539922205637,0.9713163376282445,0.9825128515014503,0.9402383521284098,0.9557601267004148,0.804,1.0824280328804299
9,1,3.401897057526483,2.5542566486221707,1.0257844428807337,1.1222390632940216,1.0723754976640463,1.0445385388745592,0.804,0.804,1.0643749070006834,0.9419274624894924,0.912718262509953,0.9165474560825564,0.9786582471355956,1.0125888817703417,0.957931938889747,2.412,0.924442060653063,1.608,0.9397142637883541,1.608,0.804,0.804,0.8908904839458277,1.8778489695452212,1.8356724580471036,0.8507827474894369,1.9074966440104903,3.216,0.8363593063176649,1.608,1.7541545222288084,1.699330719579005,0.8998915522514921,1.18959133506717,0.8286232493666451,2.412,1.7994669952251483,0.9041870616007276,1.8619669065800775,0.804,1.129384327815748,0.9405292720090267,1.9482236486173123,2.412,0.9192051715707454,2.4180791487617874,0.9799761300667564,3.216,1.7837359004263798,1.0310684975286788,0.9007808993099864,0.9866161088526377,1.0912646075028143,1.0833905979384,0.9793687995731205,1.0301621185711387,0.9964376950051028,1.074406474318205,1.071469764030051,1.043756012491508,1.0148859248418365,0.8797225767345077,2.412,0.9441735784387475,1.6671387483342972,0.804,1.0451683510939216,1.005842499862038,2.0075398531242565,1.7990587123659174,0.9264152455762044,1.0725547009552652,1.1266943293426155,2.412,1.0180859647080138,2.420477826610626,1.0861169243212254,0.9544456264644172,0.8762326722659952,0.950539522283651,1.7832960084331573,0.804,0.952395441534792,0.9575702923180727,1.0276894333509072,1.034115838441263,0.9159040170548245,0.8336933959854531,2.412,1.0462124227338552,1.0215787941367853,1.608,0.9528283425281253,1.0159040560456896,0.9062146038847836,1.2,0.9668071097632897,0.8887153573902996,0.9169688694175951,1.816792252393983
9,2,3.401897057526483,2.5542566486221707,1.0257844428807337,1.1222390632940216,1.0723754976640463,1.0445385388745592,0.804,1.6889201538387044,1.0643749070006834,0.9419274624894924,0.912718262509953,0.9165474560825564,0.9786582471355956,1.0125888817703417,0.957931938889747,2.412,2.412,1.608,0.9397142637883541,1.608,0.804,0.804,1.608,0.8541286912009682,0.821942227343162,0.8507827474894369,1.9074966440104903,3.216,0.8363593063176649,1.608,1.7541545222288084,1.699330719579005,0.8998915522514921,1.18959133506717,0.8286232493666451,2.412,1.7994669952251483,0.9041870616007276,1.8619669065800775,0.804,1.129384327815748,0.9405292720090267,1.9482236486173123,2.412,0.9192051715707454,2.4180791487617874,0.9799761300667564,3.216,1.7837359004263798,1.0310684975286788,0.9007808993099864,0.9866161088526377,1.0912646075028143,1.7413754987728733,0.963038813728771,1.0301621185711387,0.9964376950051028,1.074406474318205,2.412,1.043756012491508,1.0148859248418365,0.96225700248592,0.804,0.9441735784387475,0.9350107293651019,0.804,1.0451683510939216,1.005842499862038,2.0075398531242565,1.7990587123659174,0.9264152455762044,1.0725547009552652,1.1266943293426155,2.412,1.0180859647080138,2.420477826610626,1.0861169243212254,1.034982193070346,0.9909096236794035,1.1147082594930562,1.7832960084331573,0.804,0.8457241190718658,0.9575702923180727,1.0276894333509072,1.034115838441263,0.9159040170548245,0.8336933959854531,2.412,1.0202796206079245,0.804,1.608,0.9528283425281253,1.0159040560456896,0.9062146038847836,1.06055186079193,0.9558076858016556,0.8887153573902996,0.804,1.0445892459122272
9,3,3.401897057526483,1.608,1.0207118893224463,1.1222390632940216,1.0723754976640463,1.0445385388745592,0.804,1.6889201538387044,1.0643749070006834,0.9419274624894924,0.912718262509953,0.9165474560825564,0.9786582471355956,1.0125888817703417,0.957931938889747,2.412,2.412,1.608,0.9397142637883541,1.608,0.804,0.804,1.608,0.8541286912009682,0.821942227343162,0.8507827474894369,1.9074966440104903,3.216,0.8363593063176649,1.608,1.7541545222288084,1.699330719579005,0.8998915522514921,1.18959133506717,0.8286232493666451,2.412,1.7994669952251483,0.9041870616007276,1.8619669065800775,0.804,1.129384327815748,0.9405292720090267,1.9482236486173123,2.412,0.9192051715707454,2.4180791487617874,0.9799761300667564,3.216,1.9390025707113598,1.0310684975286788,0.9007808993099864,0.8821978510067064,0.9910313119430836,1.7413754987728733,0.963038813728771,1.0301621185711387,0.9964376950051028,1.074406474318205,2.412,1.043756012491508,1.0148859248418365,0.96225700248592,0.804,0.9441735784387475,0.9350107293651019,0.804,1.0451683510939216,1.005842499862038,2.0075398531242565,1.7990587123659174,0.9264152455762044,1.0725547009552652,1.1266943293426155,2.412,0.885007680817086,2.420477826610626,1.0228515494848185,1.034982193070346,2.412,1.1147082594930562,1.7832960084331573,0.804,0.8457241190718658,0.9575702923180727,1.0276894333509072,1.034115838441263,0.9159040170548245,0.804,2.412,0.962558342561608,0.804,1.608,0.9528283425281253,0.908804720578324,0.8283451726647731,3.216,0.9558076858016556,0.8209059686543403,0.8448947944405407,1.065794696194389
9,4,3.401897057526483,1.608,1.0207118893224463,1.1222390632940216,1.0723754976640463,1.0445385388745592,0.804,1.6889201538387044,1.0643749070006834,0.9419274624894924,0.912718262509953,0.9165474560825564,0.9786582471355956,1.0125888817703417,0.957931938889747,2.412,2.412,1.608,0.9397142637883541,1.608,0.804,0.804,1.608,0.8541286912009682,0.821942227343162,0.8507827474894369,1.9074966440104903,3.216,0.8363593063176649,1.608,1.7541545222288084,1.699330719579005,0.8998915522514921,1.18959133506717,0.8286232493666451,2.412,1.7994669952251483,0.9041870616007276,1.8619669065800775,0.804,1.129384327815748,0.9267867776972574,1.9482236486173123,0.8727570656714998,0.9192051715707454,2.4180791487617874,0.9799761300667564,3.216,1.9390025707113598,1.0310684975286788,0.9007808993099864,0.8821978510067064,0.9910313119430836,1.7413754987728733,0.963038813728771,1.0301621185711387,0.9964376950051028,1.074406474318205,2.412,1.043756012491508,1.0148859248418365,0.96225700248592,0.804,0.9441735784387475,0.9350107293651019,0.804,1.0451683510939216,1.005842499862038,2.0075398531242565,1.7990587123659174,0.9264152455762044,0.9835112476701942,1.0287008539406917,2.412,0.885007680817086,2.420477826610626,1.0228515494848185,1.034982193070346,2.412,1.1147082594930562,1.7832960084331573,0.804,0.8457241190718658,0.9575702923180727,1.0276894333509072,1.034115838441263,0.8799319529816212,0.804,2.412,0.962558342561608,0.804,1.608,0.9528283425281253,0.8899415905239632,0.8283451726647731,3.216,0.9837088958446512,0.8413281570843976,0.8539958976189832,1.0520399482382272
9,5,3.401897057526483,1.608,1.0207118893224463,1.1222390632940216,1.0723754976640463,1.0445385388745592,0.804,1.6889201538387044,1.0643749070006834,0.9419274624894924,0.912718262509953,0.9165474560825564,0.9786582471355956,1.0125888817703417,0.957931938889747,2.412,2.412,1.608,0.9397142637883541,1.608,0.804,0.804,1.608,0.8541286912009682,0.821942227343162,0.8507827474894369,1.9074966440104903,3.216,0.8363593063176649,1.608,2.412,1.699330719579005,0.8998915522514921,1.18959133506717,0.8286232493666451,2.412,1.7994669952251483,0.9041870616007276,1.8619669065800775,0.804,1.129384327815748,0.9267867776972574,1.9482236486173123,0.8727570656714998,0.9192051715707454,2.4180791487617874,0.9799761300667564,3.216,1.9390025707113598,1.0310684975286788,0.9007808993099864,0.8821978510067064,0.9910313119430836,1.7413754987728733,0.963038813728771,1.0301621185711387,0.9964376950051028,1.074406474318205,2.412,1.043756012491508,1.0148859248418365,0.96225700248592,0.804,0.9441735784387475,0.9350107293651019,0.9410123403238476,0.9356023652429197,1.005842499862038,2.0075398531242565,1.7990587123659174,0.9264152455762044,0.9835112476701942,1.0287008539406917,2.412,0.885007680817086,2.420477826610626,1.0228515494848185,1.034982193070346,2.412,1.1147082594930562,1.7832960084331573,0.804,0.8457241190718658,0.8173367714952204,1.0276894333509072,1.034115838441263,0.8799319529816212,0.804,2.412,0.962558342561608,0.804,1.6807615380742704,0.917523088765539,0.8899415905239632,0.8283451726647731,3.216,0.9941598591200745,0.8413281570843976,0.8493282195403699,0.9843693961021778
9,6,3.401897057526483,1.608,1.0207118893224463,1.1222390632940216,1.0723754976640463,1.0445385388745592,0.804,1.6889201538387044,1.0643749070006834,0.9419274624894924,0.912718262509953,0.9165474560825564,0.9786582471355956,1.0125888817703417,0.957931938889747,2.412,2.412,1.608,0.9397142637883541,1.608,0.804,0.804,1.608,0.8541286912009682,1.6897015930930017,0.8507827474894369,1.9074966440104903,3.216,0.8363593063176649,1.608,2.412,1.699330719579005,0.8998915522514921,1.18959133506717,0.8286232493666451,2.412,1.7994669952251483,0.9041870616007276,1.8619669065800775,0.804,1.129384327815748,0.9267867776972574,1.9482236486173123,0.8727570656714998,0.9192051715707454,1.8853770217779018,0.8569651034060809,3.216,1.9390025707113598,1.0310684975286788,0.9007808993099864,0.8821978510067064,0.9910313119430836,1.7413754987728733,0.963038813728771,1.0301621185711387,0.9964376950051028,1.074406474318205,2.412,1.043756012491508,1.0148859248418365,0.8720667583803504,0.879293238966206,0.9441735784387475,0.9350107293651019,0.9410123403238476,0.9356023652429197,1.005842499862038,2.0075398531242565,1.7990587123659174,0.9264152455762044,0.9835112476701942,1.0287008539406917,2.412,0.804,2.420477826610626,1.0228515494848185,1.034982193070346,2.412,1.1147082594930562,1.7832960084331573,0.804,0.804,0.8173367714952204,1.0276894333509072,1.034115838441263,0.8799319529816212,0.804,2.412,0.962558342561608,0.804,1.6445213061751893,0.9175230887655405,0.8899415905239632,0.804,3.216,0.9923579756734779,0.8427524024923423,0.8342855011613761,0.9574289454599284
9,7,3.401897057526483,1.608,1.0207118893224463,1.1222390632940216,1.0723754976640463,1.0445385388745592,0.804,1.6889201538387044,1.0643749070006834,0.9419274624894924,0.912718262509953,0.9165474560825564,0.9786582471355956,1.0125888817703417,0.957931938889747,2.412,2.412,1.608,0.9397142637883541,1.608,0.804,0.804,1.608,0.8541286912009682,1.6897015930930017,0.8507827474894369,1.9074966440104903,3.216,0.8363593063176649,1.608,2.412,1.699330719579005,0.8998915522514921,1.18959133506717,0.8286232493666451,2.412,1.7994669952251483,0.9041870616007276,1.8619669065800775,0.804,1.129384327815748,0.9267867776972574,1.9482236486173123,0.8727570656714998,0.9192051715707454,1.8853770217779018,0.8569651034060809,3.216,1.9390025707113598,1.0310684975286788,0.9007808993099864,0.8821978510067064,0.9910313119430836,1.7413754987728733,0.963038813728771,1.0301621185711387,0.9964376950051028,1.074406474318205,2.412,1.043756012491508,1.0148859248418365,0.8720667583803504,0.879293238966206,0.9441735784387475,0.9350107293651019,0.9410123403238476,0.9356023652429197,1.005842499862038,2.0075398531242565,1.7990587123659174,0.9264152455762044,0.9835112476701942,1.0287008539406917,2.412,0.804,2.420477826610626,1.0228515494848185,1.034982193070346,2.412,1.1147082594930562,1.7832960084331573,0.804,0.804,0.8173367714952204,1.0276894333509072,1.034115838441263,0.8799319529816212,0.804,2.412,0.962558342561608,0.804,1.6445213061751893,0.9175230887655405,0.8899415905239632,0.804,3.216,0.9923579756734779,0.8427524024923423,0.8342855011613761,0.9574289454599284
9,8,3.401897057526483,1.608,1.0207118893224463,1.1222390632940216,1.0723754976640463,1.0445385388745592,0.804,1.6889201538387044,1.0643749070006834,0.9419274624894924,0.912718262509953,0.9165474560825564,0.9786582471355956,1.0125888817703417,0.957931938889747,2.412,2.412,1.608,0.9397142637883541,1.608,0.804,0.804,1.608,0.8541286912009682,1.6897015930930017,0.8507827474894369,1.9074966440104903,3.216,0.8363593063176649,1.608,2.412,1.699330719579005,0.8998915522514921,1.18959133506717,0.8286232493666451,2.412,1.7994669952251483,0.9041870616007276,1.8619669065800775,0.804,1.129384327815748,0.9267867776972574,1.9482236486173123,0.8727570656714998,0.9192051715707454,1.8853770217779018,0.8569651034060809,3.216,1.9390025707113598,1.0310684975286788,0.9007808993099864,0.8821978510067064,0.9910313119430836,1.7413754987728733,0.963038813728771,1.0301621185711387,0.9964376950051028,1.074406474318205,2.412,1.043756012491508,1.0148859248418365,0.8720667583803504,0.879293238966206,0.9441735784387475,0.9350107293651019,0.9410123403238476,0.9356023652429197,1.005842499862038,2.0075398531242565,1.7990587123659174,0.9264152455762044,0.9835112476701942,1.0287008539406917,2.412,0.804,2.420477826610626,1.0228515494848185,1.034982193070346,2.412,1.1147082594930562,1.7832960084331573,0.804,0.804,0.8173367714952204,1.0276894333509072,1.034115838441263,0.8799319529816212,0.804,2.412,0.962558342561608,0.804,1.6445213061751893,0.9175230887655405,0.8899415905239632,0.804,3.216,0.9923579756734779,0.8427524024923423,0.8342855011613761,0.9574289454599284
9,9,3.401897057526483,1.608,1.0207118893224463,1.1222390632940216,1.0723754976640463,1.0445385388745592,0.804,1.6889201538387044,1.0643749070006834,0.9419274624894924,0.912718262509953,0.9165474560825564,0.9786582471355956,1.0125888817703417,0.957931938889747,2.412,2.412,1.608,0.9397142637883541,1.608,0.804,0.804,1.608,0.8541286912009682,1.6897015930930017,0.8507827474894369,1.9074966440104903,3.216,0.8363593063176649,1.608,2.412,1.699330719579005,0.8998915522514921,1.18959133506717,0.8286232493666451,2.412,1.7994669952251483,0.9041870616007276,1.8619669065800775,0.804,1.129384327815748,0.9267867776972574,1.9482236486173123,0.8727570656714998,0.9192051715707454,1.8853770217779018,0.8569651034060809,3.216,1.9390025707113598,1.0310684975286788,0.9007808993099864,0.8821978510067064,0.9910313119430836,1.7413754987728733,0.963038813728771,1.0301621185711387,0.9964376950051028,1.074406474318205,2.412,1.043756012491508,1.0148859248418365,0.8720667583803504,0.879293238966206,0.9441735784387475,0.9350107293651019,0.9410123403238476,0.9356023652429197,1.005842499862038,2.0075398531242565,1.7990587123659174,0.9264152455762044,0.9835112476701942,1.0287008539406917,2.412,0.804,2.420477826610626,1.0228515494848185,1.034982193070346,2.412,1.1147082594930562,1.7832960084331573,0.804,0.804,0.8173367714952204,1.0276894333509072,1.034115838441263,0.8799319529816212,0.804,2.412,0.962558342561608,0.804,1.6445213061751893,0.9175230887655405,0.8899415905239632,0.804,3.216,0.9923579756734779,0.8427524024923423,0.8342855011613761,0.9574289454599284
9,10,3.401897057526483,1.608,1.0207118893224463,1.1222390632940216,1.0723754976640463,1.0445385388745592,0.804,1.6889201538387044,1.0643749070006834,0.9419274624894924,0.912718262509953,0.9165474560825564,0.9786582471355956,1.0125888817703417,0.957931938889747,2.412,2.412,1.608,0.9397142637883541,1.608,0.804,0.804,1.608,0.8541286912009682,1.6897015930930017,0.8507827474894369,1.9074966440104903,3.216,0.8363593063176649,1.608,2.412,1.699330719579005,0.8998915522514921,1.18959133506717,0.8286232493666451,2.412,1.7994669952251483,0.9041870616007276,1.8619669065800775,0.804,1.129384327815748,0.9267867776972574,1.9482236486173123,0.8727570656714998,0.9192051715707454,1.8853770217779018,0.8569651034060809,3.216,1.9390025707113598,1.0310684975286788,0.9007808993099864,0.8821978510067064,0.9910313119430836,1.7413754987728733,0.963038813728771,1.0301621185711387,0.9964376950051028,1.074406474318205,2.412,1.043756012491508,1.0148859248418365,0.8720667583803504,0.879293238966206,0.9441735784387475,0.9350107293651019,0.9410123403238476,0.9356023652429197,1.005842499862038,2.0075398531242565,1.7990587123659174,0.9264152455762044,0.9835112476701942,1.0287008539406917,2.412,0.804,2.420477826610626,1.0228515494848185,1.034982193070346,2.412,1.1147082594930562,1.7832960084331573,0.804,0.804,0.8173367714952204,1.0276894333509072,1.034115838441263,0.8799319529816212,0.804,2.412,0.962558342561608,0.804,1.6445213061751893,0.9175230887655405,0.8899415905239632,0.804,3.216,0.9923579756734779,0.8427524024923423,0.8342855011613761,0.9574289454599284
9,11,3.401897057526483,1.608,1.0207118893224463,1.1222390632940216,1.0723754976640463,1.0445385388745592,0.804,1.6889201538387044,1.0643749070006834,0.9419274624894924,0.912718262509953,0.9165474560825564,0.9786582471355956,1.0125888817703417,0.957931938889747,2.412,2.412,1.608,0.9397142637883541,1.608,0.804,0.804,1.608,0.8541286912009682,1.6897015930930017,0.8507827474894369,1.9074966440104903,3.216,0.8363593063176649,1.608,2.412,1.699330719579005,0.8998915522514921,1.18959133506717,0.8286232493666451,2.412,1.7994669952251483,0.9041870616007276,1.8619669065800775,0.804,1.129384327815748,0.9267867776972574,1.9482236486173123,0.8727570656714998,0.9192051715707454,1.8853770217779018,0.8569651034060809,3.216,1.9390025707113598,1.0310684975286788,0.9007808993099864,0.8821978510067064,0.9910313119430836,1.7413754987728733,0.963038813728771,1.0301621185711387,0.9964376950051028,1.074406474318205,2.412,1.043756012491508,1.0148859248418365,0.8720667583803504,0.879293238966206,0.9441735784387475,0.9350107293651019,0.9410123403238476,0.9356023652429197,1.005842499862038,2.0075398531242565,1.7990587123659174,0.9264152455762044,0.9835112476701942,1.0287008539406917,2.412,0.804,2.420477826610626,1.0228515494848185,1.034982193070346,2.412,1.1147082594930562,1.7832960084331573,0.804,0.804,0.8173367714952204,1.0276894333509072,1.034115838441263,0.8799319529816212,0.804,2.412,0.962558342561608,0.804,1.6445213061751893,0.9175230887655405,0.8899415905239632,0.804,3.216,0.9923579756734779,0.8427524024923423,0.8342855011613761,0.9574289454599284
9,12,3.401897057526483,1.608,1.0207118893224463,1.1222390632940216,1.0723754976640463,1.0445385388745592,0.804,1.6889201538387044,1.0643749070006834,0.9419274624894924,0.912718262509953,0.9165474560825564,0.9786582471355956,1.0125888817703417,0.957931938889747,2.412,2.412,1.608,0.9397142637883541,1.608,0.804,0.804,1.608,0.8541286912009682,1.6897015930930017,0.8507827474894369,1.9074966440104903,3.216,0.8363593063176649,1.608,2.412,1.699330719579005,0.8998915522514921,1.18959133506717,0.8286232493666451,2.412,1.7994669952251483,0.9041870616007276,1.8619669065800775,0.804,1.129384327815748,0.9267867776972574,1.9482236486173123,0.8727570656714998,0.9192051715707454,1.8853770217779018,0.8569651034060809,3.216,1.9390025707113598,1.0310684975286788,0.9007808993099864,0.8821978510067064,0.9910313119430836,1.7413754987728733,0.963038813728771,1.0301621185711387,0.9964376950051028,1.074406474318205,2.412,1.043756012491508,1.0148859248418365,0.8720667583803504,0.879293238966206,0.9441735784387475,0.9350107293651019,0.9410123403238476,0.9356023652429197,1.005842499862038,2.0075398531242565,1.7990587123659174,0.9264152455762044,0.9835112476701942,1.0287008539406917,2.412,0.804,2.420477826610626,1.0228515494848185,1.034982193070346,2.412,1.1147082594930562,1.7832960084331573,0.804,0.804,0.8173367714952204,1.0276894333509072,1.034115838441263,0.8799319529816212,0.804,2.412,0.962558342561608,0.804,1.6445213061751893,0.9175230887655405,0.8899415905239632,0.804,3.216,0.9923579756734779,0.8427524024923423,0.8342855011613761,0.9574289454599284
9,13,3.401897057526483,1.608,1.0207118893224463,1.1222390632940216,1.0723754976640463,1.0445385388745592,0.804,1.6889201538387044,1.0643749070006834,0.9419274624894924,0.912718262509953,0.9165474560825564,0.9786582471355956,1.0125888817703417,0.957931938889747,2.412,2.412,1.608,0.9397142637883541,1.608,0.804,0.804,1.608,0.8541286912009682,1.6897015930930017,0.8507827474894369,1.9074966440104903,3.216,0.8363593063176649,1.608,2.412,1.699330719579005,0.8998915522514921,1.18959133506717,0.8286232493666451,2.412,1.7994669952251483,0.9041870616007276,1.8619669065800775,0.804,1.129384327815748,0.9267867776972574,1.9482236486173123,0.8727570656714998,0.9192051715707454,1.8853770217779018,0.8569651034060809,3.216,1.9390025707113598,1.0310684975286788,0.9007808993099864,0.8821978510067064,0.9910313119430836,1.7413754987728733,0.963038813728771,1.0301621185711387,0.9964376950051028,1.074406474318205,2.412,1.043756012491508,1.0148859248418365,0.8720667583803504,0.879293238966206,0.9441735784387475,0.9350107293651019,0.9410123403238476,0.9356023652429197,1.005842499862038,2.0075398531242565,1.7990587123659174,0.9264152455762044,0.9835112476701942,1.0287008539406917,2.412,0.804,2.420477826610626,1.0228515494848185,1.034982193070346,2.412,1.1147082594930562,1.7832960084331573,0.804,0.804,0.8173367714952204,1.0276894333509072,1.034115838441263,0.8799319529816212,0.804,2.412,0.962558342561608,0.804,1.6445213061751893,0.9175230887655405,0.8899415905239632,0.804,3.216,0.9923579756734779,0.8427524024923423,0.8342855011613761,0.9574289454599284
9,14,3.401897057526483,1.608,1.0207118893224463,1.1222390632940216,1.0723754976640463,1.0445385388745592,0.804,1.6889201538387044,1.0643749070006834,0.9419274624894924,0.912718262509953,0.9165474560825564,0.9786582471355956,1.0125888817703417,0.957931938889747,2.412,2.412,1.608,0.9397142637883541,1.608,0.804,0.804,1.608,0.8541286912009682,1.6897015930930017,0.8507827474894369,1.9074966440104903,3.216,0.8363593063176649,1.608,2.412,1.699330719579005,0.8998915522514921,1.18959133506717,0.8286232493666451,2.412,1.7994669952251483,0.9041870616007276,1.8619669065800775,0.804,1.129384327815748,0.9267867776972574,1.9482236486173123,0.8727570656714998,0.9192051715707454,1.8853770217779018,0.8569651034060809,3.216,1.9390025707113598,1.0310684975286788,0.9007808993099864,0.8821978510067064,0.9910313119430836,1.7413754987728733,0.963038813728771,1.0301621185711387,0.9964376950051028,1.074406474318205,2.412,1.043756012491508,1.0148859248418365,0.8720667583803504,0.879293238966206,0.9441735784387475,0.9350107293651019,0.9410123403238476,0.9356023652429197,1.005842499862038,2.0075398531242565,1.7990587123659174,0.9264152455762044,0.9835112476701942,1.0287008539406917,2.412,0.804,2.420477826610626,1.0228515494848185,1.034982193070346,2.412,1.1147082594930562,1.7832960084331573,0.804,0.804,0.8173367714952204,1.0276894333509072,1.034115838441263,0.8799319529816212,0.804,2.412,0.962558342561608,0.804,1.6445213061751893,0.9175230887655405,0.8899415905239632,0.804,3.216,0.9923579756734779,0.8427524024923423,0.8342855011613761,0.9574289454599284
9,15,3.401897057526483,1.608,1.0207118893224463,1.1222390632940216,1.0723754976640463,1.0445385388745592,0.804,1.6889201538387044,1.0643749070006834,0.9419274624894924,0.912718262509953,0.9165474560825564,0.9786582471355956,1.0125888817703417,0.957931938889747,2.412,2.412,1.608,0.9397142637883541,1.608,0.804,0.804,1.608,0.8541286912009682,1.6897015930930017,0.8507827474894369,1.9074966440104903,3.216,0.8363593063176649,1.608,2.412,1.699330719579005,0.8998915522514921,1.18959133506717,0.8286232493666451,2.412,1.7994669952251483,0.9041870616007276,1.8619669065800775,0.804,1.129384327815748,0.9267867776972574,1.9482236486173123,0.8727570656714998,0.9192051715707454,1.8853770217779018,0.8569651034060809,3.216,1.9390025707113598,1.0310684975286788,0.9007808993099864,0.8821978510067064,0.9910313119430836,1.7413754987728733,0.963038813728771,1.0301621185711387,0.9964376950051028,1.074406474318205,2.412,1.043756012491508,1.0148859248418365,0.8720667583803504,0.879293238966206,0.9441735784387475,0.9350107293651019,0.9410123403238476,0.9356023652429197,1.005842499862038,2.0075398531242565,1.7990587123659174,0.9264152455762044,0.9835112476701942,1.0287008539406917,2.412,0.804,2.420477826610626,1.0228515494848185,1.034982193070346,2.412,1.1147082594930562,1.7832960084331573,0.804,0.804,0.8173367714952204,1.0276894333509072,1.034115838441263,0.8799319529816212,0.804,2.412,0.962558342561608,0.804,1.6445213061751893,0.9175230887655405,0.8899415905239632,0.804,3.216,0.9923579756734779,0.8427524024923423,0.8342855011613761,0.9574289454599284
9,16,3.401897057526483,1.608,1.0207118893224463,1.1222390632940216,1.0723754976640463,1.0445385388745592,0.804,1.6889201538387044,1.0643749070006834,0.9419274624894924,0.912718262509953,0.9165474560825564,0.9786582471355956,1.0125888817703417,0.957931938889747,2.412,2.412,1.608,0.9397142637883541,1.608,0.804,0.804,1.608,0.8541286912009682,1.6897015930930017,0.8507827474894369,1.9074966440104903,3.216,0.8363593063176649,1.608,2.412,1.699330719579005,0.8998915522514921,1.18959133506717,0.8286232493666451,2.412,1.7994669952251483,0.9041870616007276,1.8619669065800775,0.804,1.129384327815748,0.9267867776972574,1.9482236486173123,0.8727570656714998,0.9192051715707454,1.8853770217779018,0.8569651034060809,3.216,1.9390025707113598,1.0310684975286788,0.9007808993099864,0.8821978510067064,0.9910313119430836,1.7413754987728733,0.963038813728771,1.0301621185711387,0.9964376950051028,1.074406474318205,2.412,1.043756012491508,1.0148859248418365,0.8720667583803504,0.879293238966206,0.9441735784387475,0.9350107293651019,0.9410123403238476,0.9356023652429197,1.005842499862038,2.0075398531242565,1.7990587123659174,0.9264152455762044,0.9835112476701942,1.0287008539406917,2.412,0.804,2.420477826610626,1.0228515494848185,1.034982193070346,2.412,1.1147082594930562,1.7832960084331573,0.804,0.804,0.8173367714952204,1.0276894333509072,1.034115838441263,0.8799319529816212,0.804,2.412,0.962558342561608,0.804,1.6445213061751893,0.9175230887655405,0.8899415905239632,0.804,3.216,0.9923579756734779,0.8427524024923423,0.8342855011613761,0.9574289454599284
9,17,3.401897057526483,1.608,1.0207118893224463,1.1222390632940216,1.0723754976640463,1.0445385388745592,0.804,1.6889201538387044,1.0643749070006834,0.9419274624894924,0.912718262509953,0.9165474560825564,0.9786582471355956,1.0125888817703417,0.957931938889747,2.412,2.412,1.608,0.9397142637883541,1.608,0.804,0.804,1.608,0.8541286912009682,1.6897015930930017,0.8507827474894369,1.9074966440104903,3.216,0.8363593063176649,1.608,2.412,1.699330719579005,0.8998915522514921,1.18959133506717,0.8286232493666451,2.412,1.7994669952251483,0.9041870616007276,1.8619669065800775,0.804,1.129384327815748,0.9267867776972574,1.9482236486173123,0.8727570656714998,0.9192051715707454,1.8853770217779018,0.8569651034060809,3.216,1.9390025707113598,1.0310684975286788,0.9007808993099864,0.8821978510067064,0.9910313119430836,1.7413754987728733,0.963038813728771,1.0301621185711387,0.9964376950051028,1.074406474318205,2.412,1.043756012491508,1.0148859248418365,0.8720667583803504,0.879293238966206,0.9441735784387475,0.9350107293651019,0.9410123403238476,0.9356023652429197,1.005842499862038,2.0075398531242565,1.7990587123659174,0.9264152455762044,0.9835112476701942,1.0287008539406917,2.412,0.804,2.420477826610626,1.0228515494848185,1.034982193070346,2.412,1.1147082594930562,1.7832960084331573,0.804,0.804,0.8173367714952204,1.0276894333509072,1.034115838441263,0.8799319529816212,0.804,2.412,0.962558342561608,0.804,1.6445213061751893,0.9175230887655405,0.8899415905239632,0.804,3.216,0.9923579756734779,0.8427524024923423,0.8342855011613761,0.9574289454599284
9,18,3.401897057526483,1.608,1.0207118893224463,1.1222390632940216,1.0723754976640463,1.0445385388745592,0.804,1.6889201538387044,1.0643749070006834,0.9419274624894924,0.912718262509953,0.9165474560825564,0.9786582471355956,1.0125888817703417,0.957931938889747,2.412,2.412,1.608,0.9397142637883541,1.608,0.804,0.804,1.608,0.8541286912009682,1.6897015930930017,0.8507827474894369,1.9074966440104903,3.216,0.8363593063176649,1.608,2.412,1.699330719579005,0.8998915522514921,1.18959133506717,0.8286232493666451,2.412,1.7994669952251483,0.9041870616007276,1.8619669065800775,0.804,1.129384327815748,0.9267867776972574,1.9482236486173123,0.8727570656714998,0.9192051715707454,1.8853770217779018,0.8569651034060809,3.216,1.9390025707113598,1.0310684975286788,0.9007808993099864,0.8821978510067064,0.9910313119430836,1.7413754987728733,0.963038813728771,1.0301621185711387,0.9964376950051028,1.074406474318205,2.412,1.043756012491508,1.0148859248418365,0.8720667583803504,0.879293238966206,0.9441735784387475,0.9350107293651019,0.9410123403238476,0.9356023652429197,1.005842499862038,2.0075398531242565,1.7990587123659174,0.9264152455762044,0.9835112476701942,1.0287008539406917,2.412,0.804,2.420477826610626,1.0228515494848185,1.034982193070346,2.412,1.1147082594930562,1.7832960084331573,0.804,0.804,0.8173367714952204,1.0276894333509072,1.034115838441263,0.8799319529816212,0.804,2.412,0.962558342561608,0.804,1.6445213061751893,0.9175230887655405,0.8899415905239632,0.804,3.216,0.9923579756734779,0.8427524024923423,0.8342855011613761,0.9574289454599284
9,19,3.401897057526483,1.608,1.0207118893224463,1.1222390632940216,1.0723754976640463,1.0445385388745592,0.804,1.6889201538387044,1.0643749070006834,0.9419274624894924,0.912718262509953,0.9165474560825564,0.9786582471355956,1.0125888817703417,0.957931938889747,2.412,2.412,1.608,0.9397142637883541,1.608,0.804,0.804,1.608,0.8541286912009682,1.6897015930930017,0.8507827474894369,1.9074966440104903,3.216,0.8363593063176649,1.608,2.412,1.699330719579005,0.8998915522514921,1.18959133506717,0.8286232493666451,2.412,1.7994669952251483,0.9041870616007276,1.8619669065800775,0.804,1.129384327815748,0.9267867776972574,1.9482236486173123,0.8727570656714998,0.9192051715707454,1.8853770217779018,0.8569651034060809,3.216,1.9390025707113598,1.0310684975286788,0.9007808993099864,0.8821978510067064,0.9910313119430836,1.7413754987728733,0.963038813728771,1.0301621185711387,0.9964376950051028,1.074406474318205,2.412,1.043756012491508,1.0148859248418365,0.8720667583803504,0.879293238966206,0.9441735784387475,0.9350107293651019,0.9410123403238476,0.9356023652429197,1.005842499862038,2.0075398531242565,1.7990587123659174,0.9264152455762044,0.9835112476701942,1.0287008539406917,2.412,0.804,2.420477826610626,1.0228515494848185,1.034982193070346,2.412,1.1147082594930562,1.7832960084331573,0.804,0.804,0.8173367714952204,1.0276894333509072,1.034115838441263,0.8799319529816212,0.804,2.412,0.962558342561608,0.804,1.6445213061751893,0.9175230887655405,0.8899415905239632,0.804,3.216,0.9923579756734779,0.8427524024923423,0.8342855011613761,0.9574289454599284
9,20,3.401897057526483,1.608,1.0207118893224463,1.1222390632940216,1.0723754976640463,1.0445385388745592,0.804,1.6889201538387044,1.0643749070006834,0.9419274624894924,0.912718262509953,0.9165474560825564,0.9786582471355956,1.0125888817703417,0.957931938889747,2.412,2.412,1.608,0.9397142637883541,1.608,0.804,0.804,1.608,0.8541286912009682,1.6897015930930017,0.8507827474894369,1.9074966440104903,3.216,0.8363593063176649,1.608,2.412,1.699330719579005,0.8998915522514921,1.18959133506717,0.8286232493666451,2.412,1.7994669952251483,0.9041870616007276,1.8619669065800775,0.804,1.129384327815748,0.9267867776972574,1.9482236486173123,0.8727570656714998,0.9192051715707454,1.8853770217779018,0.8569651034060809,3.216,1.9390025707113598,1.0310684975286788,0.9007808993099864,0.8821978510067064,0.9910313119430836,1.7413754987728733,0.963038813728771,1.0301621185711387,0.9964376950051028,1.074406474318205,2.412,1.043756012491508,1.0148859248418365,0.8720667583803504,0.879293238966206,0.9441735784387475,0.9350107293651019,0.9410123403238476,0.9356023652429197,1.005842499862038,2.0075398531242565,1.7990587123659174,0.9264152455762044,0.9835112476701942,1.0287008539406917,2.412,0.804,2.420477826610626,1.0228515494848185,1.034982193070346,2.412,1.1147082594930562,1.7832960084331573,0.804,0.804,0.8173367714952204,1.0276894333509072,1.034115838441263,0.8799319529816212,0.804,2.412,0.962558342561608,0.804,1.6445213061751893,0.9175230887655405,0.8899415905239632,0.804,3.216,0.9923579756734779,0.8427524024923423,0.8342855011613761,0.9574289454599284
9,21,3.401897057526483,1.608,1.0207118893224463,1.1222390632940216,1.0723754976640463,1.0445385388745592,0.804,1.6889201538387044,1.0643749070006834,0.9419274624894924,0.912718262509953,0.9165474560825564,0.9786582471355956,1.0125888817703417,0.957931938889747,2.412,2.412,1.608,0.9397142637883541,1.608,0.804,0.804,1.608,0.8541286912009682,1.6897015930930017,0.8507827474894369,1.9074966440104903,3.216,0.8363593063176649,1.608,2.412,1.699330719579005,0.8998915522514921,1.18959133506717,0.8286232493666451,2.412,1.7994669952251483,0.9041870616007276,1.8619669065800775,0.804,1.129384327815748,0.9267867776972574,1.9482236486173123,0.8727570656714998,0.9192051715707454,1.8853770217779018,0.8569651034060809,3.216,1.9390025707113598,1.0310684975286788,0.9007808993099864,0.8821978510067064,0.9910313119430836,1.7413754987728733,0.963038813728771,1.0301621185711387,0.9964376950051028,1.074406474318205,2.412,1.043756012491508,1.0148859248418365,0.8720667583803504,0.879293238966206,0.9441735784387475,0.9350107293651019,0.9410123403238476,0.9356023652429197,1.005842499862038,2.0075398531242565,1.7990587123659174,0.9264152455762044,0.9835112476701942,1.0287008539406917,2.412,0.804,2.420477826610626,1.0228515494848185,1.034982193070346,2.412,1.1147082594930562,1.7832960084331573,0.804,0.804,0.8173367714952204,1.0276894333509072,1.034115838441263,0.8799319529816212,0.804,2.412,0.962558342561608,0.804,1.6445213061751893,0.9175230887655405,0.8899415905239632,0.804,3.216,0.9923579756734779,0.8427524024923423,0.8342855011613761,0.9574289454599284
9,22,3.401897057526483,1.608,1.0207118893224463,1.1222390632940216,1.0723754976640463,1.0445385388745592,0.804,1.6889201538387044,1.0643749070006834,0.9419274624894924,0.912718262509953,0.9165474560825564,0.9786582471355956,1.0125888817703417,0.957931938889747,2.412,2.412,1.608,0.9397142637883541,1.608,0.804,0.804,1.608,0.8541286912009682,1.6897015930930017,0.8507827474894369,1.9074966440104903,3.216,0.8363593063176649,1.608,2.412,1.699330719579005,0.8998915522514921,1.18959133506717,0.8286232493666451,2.412,1.7994669952251483,0.9041870616007276,1.8619669065800775,0.804,1.129384327815748,0.9267867776972574,1.9482236486173123,0.8727570656714998,0.9192051715707454,1.8853770217779018,0.8569651034060809,3.216,1.9390025707113598,1.0310684975286788,0.9007808993099864,0.8821978510067064,0.9910313119430836,1.7413754987728733,0.963038813728771,1.0301621185711387,0.9964376950051028,1.074406474318205,2.412,1.043756012491508,1.0148859248418365,0.8720667583803504,0.879293238966206,0.9441735784387475,0.9350107293651019,0.9410123403238476,0.9356023652429197,1.005842499862038,2.0075398531242565,1.7990587123659174,0.9264152455762044,0.9835112476701942,1.0287008539406917,2.412,0.804,2.420477826610626,1.0228515494848185,1.034982193070346,2.412,1.1147082594930562,1.7832960084331573,0.804,0.804,0.8173367714952204,1.0276894333509072,1.034115838441263,0.8799319529816212,0.804,2.412,0.962558342561608,0.804,1.6445213061751893,0.9175230887655405,0.8899415905239632,0.804,3.216,0.9923579756734779,0.8427524024923423,0.8342855011613761,0.9574289454599284
9,23,3.401897057526483,1.608,1.0207118893224463,1.1222390632940216,1.0723754976640463,1.0445385388745592,0.804,1.6889201538387044,1.0643749070006834,0.9419274624894924,0.912718262509953,0.9165474560825564,0.9786582471355956,1.0125888817703417,0.957931938889747,2.412,2.412,1.608,0.9397142637883541,1.608,0.804,0.804,1.608,0.8541286912009682,1.6897015930930017,0.8507827474894369,1.9074966440104903,3.216,0.8363593063176649,1.608,2.412,1.699330719579005,0.8998915522514921,1.18959133506717,0.8286232493666451,2.412,1.7994669952251483,0.9041870616007276,1.8619669065800775,0.804,1.129384327815748,0.9267867776972574,1.9482236486173123,0.8727570656714998,0.9192051715707454,1.8853770217779018,0.8569651034060809,3.216,1.9390025707113598,1.0310684975286788,0.9007808993099864,0.8821978510067064,0.9910313119430836,1.7413754987728733,0.963038813728771,1.0301621185711387,0.9964376950051028,1.074406474318205,2.412,1.043756012491508,1.0148859248418365,0.8720667583803504,0.879293238966206,0.9441735784387475,0.9350107293651019,0.9410123403238476,0.9356023652429197,1.005842499862038,2.0075398531242565,1.7990587123659174,0.9264152455762044,0.9835112476701942,1.0287008539406917,2.412,0.804,2.420477826610626,1.0228515494848185,1.034982193070346,2.412,1.1147082594930562,1.7832960084331573,0.804,0.804,0.8173367714952204,1.0276894333509072,1.034115838441263,0.8799319529816212,0.804,2.412,0.962558342561608,0.804,1.6445213061751893,0.9175230887655405,0.8899415905239632,0.804,3.216,0.9923579756734779,0.8427524024923423,0.8342855011613761,0.9574289454599284
9,24,3.401897057526483,1.608,1.0207118893224463,1.1222390632940216,1.0723754976640463,1.0445385388745592,0.804,1.6889201538387044,1.0643749070006834,0.9419274624894924,0.912718262509953,0.9165474560825564,0.9786582471355956,1.0125888817703417,0.957931938889747,2.412,2.412,1.608,0.9397142637883541,1.608,0.804,0.804,1.608,0.8541286912009682,1.6897015930930017,0.8507827474894369,1.9074966440104903,3.216,0.8363593063176649,1.608,2.412,1.699330719579005,0.8998915522514921,1.18959133506717,0.8286232493666451,2.412,1.7994669952251483,0.9041870616007276,1.8619669065800775,0.804,1.129384327815748,0.9267867776972574,1.9482236486173123,0.8727570656714998,0.9192051715707454,1.8853770217779018,0.8569651034060809,3.216,1.9390025707113598,1.0310684975286788,0.9007808993099864,0.8821978510067064,0.9910313119430836,1.7413754987728733,0.963038813728771,1.0301621185711387,0.9964376950051028,1.074406474318205,2.412,1.043756012491508,1.0148859248418365,0.8720667583803504,0.879293238966206,0.9441735784387475,0.9350107293651019,0.9410123403238476,0.9356023652429197,1.005842499862038,2.0075398531242565,1.7990587123659174,0.9264152455762044,0.9835112476701942,1.0287008539406917,2.412,0.804,2.420477826610626,1.0228515494848185,1.034982193070346,2.412,1.1147082594930562,1.7832960084331573,0.804,0.804,0.8173367714952204,1.0276894333509072,1.034115838441263,0.8799319529816212,0.804,2.412,0.962558342561608,0.804,1.6445213061751893,0.9175230887655405,0.8899415905239632,0.804,3.216,0.9923579756734779,0.8427524024923423,0.8342855011613761,0.9574289454599284
9,25,3.401897057526483,1.608,1.0207118893224463,1.1222390632940216,1.0723754976640463,1.0445385388745592,0.804,1.6889201538387044,1.0643749070006834,0.9419274624894924,0.912718262509953,0.9165474560825564,0.9786582471355956,1.0125888817703417,0.957931938889747,2.412,2.412,1.608,0.9397142637883541,1.608,0.804,0.804,1.608,0.8541286912009682,1.6897015930930017,0.8507827474894369,1.9074966440104903,3.216,0.8363593063176649,1.608,2.412,1.699330719579005,0.8998915522514921,1.18959133506717,0.8286232493666451,2.412,1.7994669952251483,0.9041870616007276,1.8619669065800775,0.804,1.129384327815748,0.9267867776972574,1.9482236486173123,0.8727570656714998,0.9192051715707454,1.8853770217779018,0.8569651034060809,3.216,1.9390025707113598,1.0310684975286788,0.9007808993099864,0.8821978510067064,0.9910313119430836,1.7413754987728733,0.963038813728771,1.0301621185711387,0.9964376950051028,1.074406474318205,2.412,1.043756012491508,1.0148859248418365,0.8720667583803504,0.879293238966206,0.9441735784387475,0.9350107293651019,0.9410123403238476,0.9356023652429197,1.005842499862038,2.0075398531242565,1.7990587123659174,0.9264152455762044,0.9835112476701942,1.0287008539406917,2.412,0.804,2.420477826610626,1.0228515494848185,1.034982193070346,2.412,1.1147082594930562,1.7832960084331573,0.804,0.804,0.8173367714952204,1.0276894333509072,1.034115838441263,0.8799319529816212,0.804,2.412,0.962558342561608,0.804,1.6445213061751893,0.9175230887655405,0.8899415905239632,0.804,3.216,0.9923579756734779,0.8427524024923423,0.8342855011613761,0.9574289454599284
9,26,3.401897057526483,1.608,1.0207118893224463,1.1222390632940216,1.0723754976640463,1.0445385388745592,0.804,1.6889201538387044,1.0643749070006834,0.9419274624894924,0.912718262509953,0.9165474560825564,0.9786582471355956,1.0125888817703417,0.957931938889747,2.412,2.412,1.608,0.9397142637883541,1.608,0.804,0.804,1.608,0.8541286912009682,1.6897015930930017,0.8507827474894369,1.9074966440104903,3.216,0.8363593063176649,1.608,2.412,1.699330719579005,0.8998915522514921,1.18959133506717,0.8286232493666451,2.412,1.7994669952251483,0.9041870616007276,1.8619669065800775,0.804,1.129384327815748,0.9267867776972574,1.9482236486173123,0.8727570656714998,0.9192051715707454,1.8853770217779018,0.8569651034060809,3.216,1.9390025707113598,1.0310684975286788,0.9007808993099864,0.8821978510067064,0.9910313119430836,1.7413754987728733,0.963038813728771,1.0301621185711387,0.9964376950051028,1.074406474318205,2.412,1.043756012491508,1.0148859248418365,0.8720667583803504,0.879293238966206,0.9441735784387475,0.9350107293651019,0.9410123403238476,0.9356023652429197,1.005842499862038,2.0075398531242565,1.7990587123659174,0.9264152455762044,0.9835112476701942,1.0287008539406917,2.412,0.804,2.420477826610626,1.0228515494848185,1.034982193070346,2.412,1.1147082594930562,1.7832960084331573,0.804,0.804,0.8173367714952204,1.0276894333509072,1.034115838441263,0.8799319529816212,0.804,2.412,0.962558342561608,0.804,1.6445213061751893,0.9175230887655405,0.8899415905239632,0.804,3.216,0.9923579756734779,0.8427524024923423,0.8342855011613761,0.9574289454599284
9,27,3.401897057526483,1.608,1.0207118893224463,1.1222390632940216,1.0723754976640463,1.0445385388745592,0.804,1.6889201538387044,1.0643749070006834,0.9419274624894924,0.912718262509953,0.9165474560825564,0.9786582471355956,1.0125888817703417,0.957931938889747,2.412,2.412,1.608,0.9397142637883541,1.608,0.804,0.804,1.608,0.8541286912009682,1.6897015930930017,0.8507827474894369,1.9074966440104903,3.216,0.8363593063176649,1.608,2.412,1.699330719579005,0.8998915522514921,1.18959133506717,0.8286232493666451,2.412,1.7994669952251483,0.9041870616007276,1.8619669065800775,0.804,1.129384327815748,0.9267867776972574,1.9482236486173123,0.8727570656714998,0.9192051715707454,1.8853770217779018,0.8569651034060809,3.216,1.9390025707113598,1.0310684975286788,0.9007808993099864,0.8821978510067064,0.9910313119430836,1.7413754987728733,0.963038813728771,1.0301621185711387,0.9964376950051028,1.074406474318205,2.412,1.043756012491508,1.0148859248418365,0.8720667583803504,0.879293238966206,0.9441735784387475,0.9350107293651019,0.9410123403238476,0.9356023652429197,1.005842499862038,2.0075398531242565,1.7990587123659174,0.9264152455762044,0.9835112476701942,1.0287008539406917,2.412,0.804,2.420477826610626,1.0228515494848185,1.034982193070346,2.412,1.1147082594930562,1.7832960084331573,0.804,0.804,0.8173367714952204,1.0276894333509072,1.034115838441263,0.8799319529816212,0.804,2.412,0.962558342561608,0.804,1.6445213061751893,0.9175230887655405,0.8899415905239632,0.804,3.216,0.9923579756734779,0.8427524024923423,0.8342855011613761,0.9574289454599284
9,28,3.401897057526483,1.608,1.0207118893224463,1.1222390632940216,1.0723754976640463,1.0445385388745592,0.804,1.6889201538387044,1.0643749070006834,0.9419274624894924,0.912718262509953,0.9165474560825564,0.9786582471355956,1.0125888817703417,0.957931938889747,2.412,2.412,1.608,0.9397142637883541,1.608,0.804,0.804,1.608,0.8541286912009682,1.6897015930930017,0.8507827474894369,1.9074966440104903,3.216,0.8363593063176649,1.608,2.412,1.699330719579005,0.8998915522514921,1.18959133506717,0.8286232493666451,2.412,1.7994669952251483,0.9041870616007276,1.8619669065800775,0.804,1.129384327815748,0.9267867776972574,1.9482236486173123,0.8727570656714998,0.9192051715707454,1.8853770217779018,0.8569651034060809,3.216,1.9390025707113598,1.0310684975286788,0.9007808993099864,0.8821978510067064,0.9910313119430836,1.7413754987728733,0.963038813728771,1.0301621185711387,0.9964376950051028,1.074406474318205,2.412,1.043756012491508,1.0148859248418365,0.8720667583803504,0.879293238966206,0.9441735784387475,0.9350107293651019,0.9410123403238476,0.9356023652429197,1.005842499862038,2.0075398531242565,1.7990587123659174,0.9264152455762044,0.9835112476701942,1.0287008539406917,2.412,0.804,2.420477826610626,1.0228515494848185,1.034982193070346,2.412,1.1147082594930562,1.7832960084331573,0.804,0.804,0.8173367714952204,1.0276894333509072,1.034115838441263,0.8799319529816212,0.804,2.412,0.962558342561608,0.804,1.6445213061751893,0.9175230887655405,0.8899415905239632,0.804,3.216,0.9923579756734779,0.8427524024923423,0.8342855011613761,0.9574289454599284
9,29,3.401897057526483,1.608,1.0207118893224463,1.1222390632940216,1.0723754976640463,1.0445385388745592,0.804,1.6889201538387044,1.0643749070006834,0.9419274624894924,0.912718262509953,0.9165474560825564,0.9786582471355956,1.0125888817703417,0.957931938889747,2.412,2.412,1.608,0.9397142637883541,1.608,0.804,0.804,1.608,0.8541286912009682,1.6897015930930017,0.8507827474894369,1.9074966440104903,3.216,0.8363593063176649,1.608,2.412,1.699330719579005,0.8998915522514921,1.18959133506717,0.8286232493666451,2.412,1.7994669952251483,0.9041870616007276,1.8619669065800775,0.804,1.129384327815748,0.9267867776972574,1.9482236486173123,0.8727570656714998,0.9192051715707454,1.8853770217779018,0.8569651034060809,3.216,1.9390025707113598,1.0310684975286788,0.9007808993099864,0.8821978510067064,0.9910313119430836,1.7413754987728733,0.963038813728771,1.0301621185711387,0.9964376950051028,1.074406474318205,2.412,1.043756012491508,1.0148859248418365,0.8720667583803504,0.879293238966206,0.9441735784387475,0.9350107293651019,0.9410123403238476,0.9356023652429197,1.005842499862038,2.0075398531242565,1.7990587123659174,0.9264152455762044,0.9835112476701942,1.0287008539406917,2.412,0.804,2.420477826610626,1.0228515494848185,1.034982193070346,2.412,1.1147082594930562,1.7832960084331573,0.804,0.804,0.8173367714952204,1.0276894333509072,1.034115838441263,0.8799319529816212,0.804,2.412,0.962558342561608,0.804,1.6445213061751893,0.9175230887655405,0.8899415905239632,0.804,3.216,0.9923579756734779,0.8427524024923423,0.8342855011613761,0.9574289454599284
9,30,3.401897057526483,1.608,1.0207118893224463,1.1222390632940216,1.0723754976640463,1.0445385388745592,0.804,1.6889201538387044,1.0643749070006834,0.9419274624894924,0.912718262509953,0.9165474560825564,0.9786582471355956,1.0125888817703417,0.957931938889747,2.412,2.412,1.608,0.9397142637883541,1.608,0.804,0.804,1.608,0.8541286912009682,1.6897015930930017,0.8507827474894369,1.9074966440104903,3.216,0.8363593063176649,1.608,2.412,1.699330719579005,0.8998915522514921,1.18959133506717,0.8286232493666451,2.412,1.7994669952251483,0.9041870616007276,1.8619669065800775,0.804,1.129384327815748,0.9267867776972574,1.9482236486173123,0.8727570656714998,0.9192051715707454,1.8853770217779018,0.8569651034060809,3.216,1.9390025707113598,1.0310684975286788,0.9007808993099864,0.8821978510067064,0.9910313119430836,1.7413754987728733,0.963038813728771,1.0301621185711387,0.9964376950051028,1.074406474318205,2.412,1.043756012491508,1.0148859248418365,0.8720667583803504,0.879293238966206,0.9441735784387475,0.9350107293651019,0.9410123403238476,0.9356023652429197,1.005842499862038,2.0075398531242565,1.7990587123659174,0.9264152455762044,0.9835112476701942,1.0287008539406917,2.412,0.804,2.420477826610626,1.0228515494848185,1.034982193070346,2.412,1.1147082594930562,1.7832960084331573,0.804,0.804,0.8173367714952204,1.0276894333509072,1.034115838441263,0.8799319529816212,0.804,2.412,0.962558342561608,0.804,1.6445213061751893,0.9175230887655405,0.8899415905239632,0.804,3.216,0.9923579756734779,0.8427524024923423,0.8342855011613761,0.9574289454599284
9,31,3.401897057526483,1.608,1.0207118893224463,1.1222390632940216,1.0723754976640463,1.0445385388745592,0.804,1.6889201538387044,1.0643749070006834,0.9419274624894924,0.912718262509953,0.9165474560825564,0.9786582471355956,1.0125888817703417,0.957931938889747,2.412,2.412,1.608,0.9397142637883541,1.608,0.804,0.804,1.608,0.8541286912009682,1.6897015930930017,0.8507827474894369,1.9074966440104903,3.216,0.8363593063176649,1.608,2.412,1.699330719579005,0.8998915522514921,1.18959133506717,0.8286232493666451,2.412,1.7994669952251483,0.9041870616007276,1.8619669065800775,0.804,1.129384327815748,0.9267867776972574,1.9482236486173123,0.8727570656714998,0.9192051715707454,1.8853770217779018,0.8569651034060809,3.216,1.9390025707113598,1.0310684975286788,0.9007808993099864,0.8821978510067064,0.9910313119430836,1.7413754987728733,0.963038813728771,1.0301621185711387,0.9964376950051028,1.074406474318205,2.412,1.043756012491508,1.0148859248418365,0.8720667583803504,0.879293238966206,0.9441735784387475,0.9350107293651019,0.9410123403238476,0.9356023652429197,1.005842499862038,2.0075398531242565,1.7990587123659174,0.9264152455762044,0.9835112476701942,1.0287008539406917,2.412,0.804,2.420477826610626,1.0228515494848185,1.034982193070346,2.412,1.1147082594930562,1.7832960084331573,0.804,0.804,0.8173367714952204,1.0276894333509072,1.034115838441263,0.8799319529816212,0.804,2.412,0.962558342561608,0.804,1.6445213061751893,0.9175230887655405,0.8899415905239632,0.804,3.216,0.9923579756734779,0.8427524024923423,0.8342855011613761,0.9574289454599284
9,32,3.401897057526483,1.608,1.0207118893224463,1.1222390632940216,1.0723754976640463,1.0445385388745592,0.804,1.6889201538387044,1.0643749070006834,0.9419274624894924,0.912718262509953,0.9165474560825564,0.9786582471355956,1.0125888817703417,0.957931938889747,2.412,2.412,1.608,0.9397142637883541,1.608,0.804,0.804,1.608,0.8541286912009682,1.6897015930930017,0.8507827474894369,1.9074966440104903,3.216,0.8363593063176649,1.608,2.412,1.699330719579005,0.8998915522514921,1.18959133506717,0.8286232493666451,2.412,1.7994669952251483,0.9041870616007276,1.8619669065800775,0.804,1.129384327815748,0.9267867776972574,1.9482236486173123,0.8727570656714998,0.9192051715707454,1.8853770217779018,0.8569651034060809,3.216,1.9390025707113598,1.0310684975286788,0.9007808993099864,0.8821978510067064,0.9910313119430836,1.7413754987728733,0.963038813728771,1.0301621185711387,0.9964376950051028,1.074406474318205,2.412,1.043756012491508,1.0148859248418365,0.8720667583803504,0.879293238966206,0.9441735784387475,0.9350107293651019,0.9410123403238476,0.9356023652429197,1.005842499862038,2.0075398531242565,1.7990587123659174,0.9264152455762044,0.9835112476701942,1.0287008539406917,2.412,0.804,2.420477826610626,1.0228515494848185,1.034982193070346,2.412,1.1147082594930562,1.7832960084331573,0.804,0.804,0.8173367714952204,1.0276894333509072,1.034115838441263,0.8799319529816212,0.804,2.412,0.962558342561608,0.804,1.6445213061751893,0.9175230887655405,0.8899415905239632,0.804,3.216,0.9923579756734779,0.8427524024923423,0.8342855011613761,0.9574289454599284
9,33,3.401897057526483,1.608,1.0207118893224463,1.1222390632940216,1.0723754976640463,1.0445385388745592,0.804,1.6889201538387044,1.0643749070006834,0.9419274624894924,0.912718262509953,0.9165474560825564,0.9786582471355956,1.0125888817703417,0.957931938889747,2.412,2.412,1.608,0.9397142637883541,1.608,0.804,0.804,1.608,0.8541286912009682,1.6897015930930017,0.8507827474894369,1.9074966440104903,3.216,0.8363593063176649,1.608,2.412,1.699330719579005,0.8998915522514921,1.18959133506717,0.8286232493666451,2.412,1.7994669952251483,0.9041870616007276,1.8619669065800775,0.804,1.129384327815748,0.9267867776972574,1.9482236486173123,0.8727570656714998,0.9192051715707454,1.8853770217779018,0.8569651034060809,3.216,1.9390025707113598,1.0310684975286788,0.9007808993099864,0.8821978510067064,0.9910313119430836,1.7413754987728733,0.963038813728771,1.0301621185711387,0.9964376950051028,1.074406474318205,2.412,1.043756012491508,1.0148859248418365,0.8720667583803504,0.879293238966206,0.9441735784387475,0.9350107293651019,0.9410123403238476,0.9356023652429197,1.005842499862038,2.0075398531242565,1.7990587123659174,0.9264152455762044,0.9835112476701942,1.0287008539406917,2.412,0.804,2.420477826610626,1.0228515494848185,1.034982193070346,2.412,1.1147082594930562,1.7832960084331573,0.804,0.804,0.8173367714952204,1.0276894333509072,1.034115838441263,0.8799319529816212,0.804,2.412,0.962558342561608,0.804,1.6445213061751893,0.9175230887655405,0.8899415905239632,0.804,3.216,0.9923579756734779,0.8427524024923423,0.8342855011613761,0.9574289454599284
9,34,3.401897057526483,1.608,1.0207118893224463,1.1222390632940216,1.0723754976640463,1.0445385388745592,0.804,1.6889201538387044,1.0643749070006834,0.9419274624894924,0.912718262509953,0.9165474560825564,0.9786582471355956,1.0125888817703417,0.957931938889747,2.412,2.412,1.608,0.9397142637883541,1.608,0.804,0.804,1.608,0.8541286912009682,1.6897015930930017,0.8507827474894369,1.9074966440104903,3.216,0.8363593063176649,1.608,2.412,1.699330719579005,0.8998915522514921,1.18959133506717,0.8286232493666451,2.412,1.7994669952251483,0.9041870616007276,1.8619669065800775,0.804,1.129384327815748,0.9267867776972574,1.9482236486173123,0.8727570656714998,0.9192051715707454,1.8853770217779018,0.8569651034060809,3.216,1.9390025707113598,1.0310684975286788,0.9007808993099864,0.8821978510067064,0.9910313119430836,1.7413754987728733,0.963038813728771,1.0301621185711387,0.9964376950051028,1.074406474318205,2.412,1.043756012491508,1.0148859248418365,0.8720667583803504,0.879293238966206,0.9441735784387475,0.9350107293651019,0.9410123403238476,0.9356023652429197,1.005842499862038,2.0075398531242565,1.7990587123659174,0.9264152455762044,0.9835112476701942,1.0287008539406917,2.412,0.804,2.420477826610626,1.0228515494848185,1.034982193070346,2.412,1.1147082594930562,1.7832960084331573,0.804,0.804,0.8173367714952204,1.0276894333509072,1.034115838441263,0.8799319529816212,0.804,2.412,0.962558342561608,0.804,1.6445213061751893,0.9175230887655405,0.8899415905239632,0.804,3.216,0.9923579756734779,0.8427524024923423,0.8342855011613761,0.9574289454599284
9,35,3.401897057526483,1.608,1.0207118893224463,1.1222390632940216,1.0723754976640463,1.0445385388745592,0.804,1.6889201538387044,1.0643749070006834,0.9419274624894924,0.912718262509953,0.9165474560825564,0.9786582471355956,1.0125888817703417,0.957931938889747,2.412,2.412,1.608,0.9397142637883541,1.608,0.804,0.804,1.608,0.8541286912009682,1.6897015930930017,0.8507827474894369,1.9074966440104903,3.216,0.8363593063176649,1.608,2.412,1.699330719579005,0.8998915522514921,1.18959133506717,0.8286232493666451,2.412,1.7994669952251483,0.9041870616007276,1.8619669065800775,0.804,1.129384327815748,0.9267867776972574,1.9482236486173123,0.8727570656714998,0.9192051715707454,1.8853770217779018,0.8569651034060809,3.216,1.9390025707113598,1.0310684975286788,0.9007808993099864,0.8821978510067064,0.9910313119430836,1.7413754987728733,0.963038813728771,1.0301621185711387,0.9964376950051028,1.074406474318205,2.412,1.043756012491508,1.0148859248418365,0.8720667583803504,0.879293238966206,0.9441735784387475,0.9350107293651019,0.9410123403238476,0.9356023652429197,1.005842499862038,2.0075398531242565,1.7990587123659174,0.9264152455762044,0.9835112476701942,1.0287008539406917,2.412,0.804,2.420477826610626,1.0228515494848185,1.034982193070346,2.412,1.1147082594930562,1.7832960084331573,0.804,0.804,0.8173367714952204,1.0276894333509072,1.034115838441263,0.8799319529816212,0.804,2.412,0.962558342561608,0.804,1.6445213061751893,0.9175230887655405,0.8899415905239632,0.804,3.216,0.9923579756734779,0.8427524024923423,0.8342855011613761,0.9574289454599284
9,36,3.401897057526483,1.608,1.0207118893224463,1.1222390632940216,1.0723754976640463,1.0445385388745592,0.804,1.6889201538387044,1.0643749070006834,0.9419274624894924,0.912718262509953,0.9165474560825564,0.9786582471355956,1.0125888817703417,0.957931938889747,2.412,2.412,1.608,0.9397142637883541,1.608,0.804,0.804,1.608,0.8541286912009682,1.6897015930930017,0.8507827474894369,1.9074966440104903,3.216,0.8363593063176649,1.608,2.412,1.699330719579005,0.8998915522514921,1.18959133506717,0.8286232493666451,2.412,1.7994669952251483,0.9041870616007276,1.8619669065800775,0.804,1.129384327815748,0.9267867776972574,1.9482236486173123,0.8727570656714998,0.9192051715707454,1.8853770217779018,0.8569651034060809,3.216,1.9390025707113598,1.0310684975286788,0.9007808993099864,0.8821978510067064,0.9910313119430836,1.7413754987728733,0.963038813728771,1.0301621185711387,0.9964376950051028,1.074406474318205,2.412,1.043756012491508,1.0148859248418365,0.8720667583803504,0.879293238966206,0.9441735784387475,0.9350107293651019,0.9410123403238476,0.9356023652429197,1.005842499862038,2.0075398531242565,1.7990587123659174,0.9264152455762044,0.9835112476701942,1.0287008539406917,2.412,0.804,2.420477826610626,1.0228515494848185,1.034982193070346,2.412,1.1147082594930562,1.7832960084331573,0.804,0.804,0.8173367714952204,1.0276894333509072,1.034115838441263,0.8799319529816212,0.804,2.412,0.962558342561608,0.804,1.6445213061751893,0.9175230887655405,0.8899415905239632,0.804,3.216,0.9923579756734779,0.8427524024923423,0.8342855011613761,0.9574289454599284
9,37,3.401897057526483,1.608,1.0207118893224463,1.1222390632940216,1.0723754976640463,1.0445385388745592,0.804,1.6889201538387044,1.0643749070006834,0.9419274624894924,0.912718262509953,0.9165474560825564,0.9786582471355956,1.0125888817703417,0.957931938889747,2.412,2.412,1.608,0.9397142637883541,1.608,0.804,0.804,1.608,0.8541286912009682,1.6897015930930017,0.8507827474894369,1.9074966440104903,3.216,0.8363593063176649,1.608,2.412,1.699330719579005,0.8998915522514921,1.18959133506717,0.8286232493666451,2.412,1.7994669952251483,0.9041870616007276,1.8619669065800775,0.804,1.129384327815748,0.9267867776972574,1.9482236486173123,0.8727570656714998,0.9192051715707454,1.8853770217779018,0.8569651034060809,3.216,1.9390025707113598,1.0310684975286788,0.9007808993099864,0.8821978510067064,0.9910313119430836,1.7413754987728733,0.963038813728771,1.0301621185711387,0.9964376950051028,1.074406474318205,2.412,1.043756012491508,1.0148859248418365,0.8720667583803504,0.879293238966206,0.9441735784387475,0.9350107293651019,0.9410123403238476,0.9356023652429197,1.005842499862038,2.0075398531242565,1.7990587123659174,0.9264152455762044,0.9835112476701942,1.0287008539406917,2.412,0.804,2.420477826610626,1.0228515494848185,1.034982193070346,2.412,1.1147082594930562,1.7832960084331573,0.804,0.804,0.8173367714952204,1.0276894333509072,1.034115838441263,0.8799319529816212,0.804,2.412,0.962558342561608,0.804,1.6445213061751893,0.9175230887655405,0.8899415905239632,0.804,3.216,0.9923579756734779,0.8427524024923423,0.8342855011613761,0.9574289454599284
9,38,3.401897057526483,1.608,1.0207118893224463,1.1222390632940216,1.0723754976640463,1.0445385388745592,0.804,1.6889201538387044,1.0643749070006834,0.9419274624894924,0.912718262509953,0.9165474560825564,0.9786582471355956,1.0125888817703417,0.957931938889747,2.412,2.412,1.608,0.9397142637883541,1.608,0.804,0.804,1.608,0.8541286912009682,1.6897015930930017,0.8507827474894369,1.9074966440104903,3.216,0.8363593063176649,1.608,2.412,1.699330719579005,0.8998915522514921,1.18959133506717,0.8286232493666451,2.412,1.7994669952251483,0.9041870616007276,1.8619669065800775,0.804,1.129384327815748,0.9267867776972574,1.9482236486173123,0.8727570656714998,0.9192051715707454,1.8853770217779018,0.8569651034060809,3.216,1.9390025707113598,1.0310684975286788,0.9007808993099864,0.8821978510067064,0.9910313119430836,1.7413754987728733,0.963038813728771,1.0301621185711387,0.9964376950051028,1.074406474318205,2.412,1.043756012491508,1.0148859248418365,0.8720667583803504,0.879293238966206,0.9441735784387475,0.9350107293651019,0.9410123403238476,0.9356023652429197,1.005842499862038,2.0075398531242565,1.7990587123659174,0.9264152455762044,0.9835112476701942,1.0287008539406917,2.412,0.804,2.420477826610626,1.0228515494848185,1.034982193070346,2.412,1.1147082594930562,1.7832960084331573,0.804,0.804,0.8173367714952204,1.0276894333509072,1.034115838441263,0.8799319529816212,0.804,2.412,0.962558342561608,0.804,1.6445213061751893,0.9175230887655405,0.8899415905239632,0.804,3.216,0.9923579756734779,0.8427524024923423,0.8342855011613761,0.9574289454599284
9,39,3.401897057526483,1.608,1.0207118893224463,1.1222390632940216,1.0723754976640463,1.0445385388745592,0.804,1.6889201538387044,1.0643749070006834,0.9419274624894924,0.912718262509953,0.9165474560825564,0.9786582471355956,1.0125888817703417,0.957931938889747,2.412,2.412,1.608,0.9397142637883541,1.608,0.804,0.804,1.608,0.8541286912009682,1.6897015930930017,0.8507827474894369,1.9074966440104903,3.216,0.8363593063176649,1.608,2.412,1.699330719579005,0.8998915522514921,1.18959133506717,0.8286232493666451,2.412,1.7994669952251483,0.9041870616007276,1.8619669065800775,0.804,1.129384327815748,0.9267867776972574,1.9482236486173123,0.8727570656714998,0.9192051715707454,1.8853770217779018,0.8569651034060809,3.216,1.9390025707113598,1.0310684975286788,0.9007808993099864,0.8821978510067064,0.9910313119430836,1.7413754987728733,0.963038813728771,1.0301621185711387,0.9964376950051028,1.074406474318205,2.412,1.043756012491508,1.0148859248418365,0.8720667583803504,0.879293238966206,0.9441735784387475,0.9350107293651019,0.9410123403238476,0.9356023652429197,1.005842499862038,2.0075398531242565,1.7990587123659174,0.9264152455762044,0.9835112476701942,1.0287008539406917,2.412,0.804,2.420477826610626,1.0228515494848185,1.034982193070346,2.412,1.1147082594930562,1.7832960084331573,0.804,0.804,0.8173367714952204,1.0276894333509072,1.034115838441263,0.8799319529816212,0.804,2.412,0.962558342561608,0.804,1.6445213061751893,0.9175230887655405,0.8899415905239632,0.804,3.216,0.9923579756734779,0.8427524024923423,0.8342855011613761,0.9574289454599284
