1.0266204669401655,2.0266174321982304,3.0769569341421827,4.089438483165752,5.189574673110295,6.1433134099433975,7.334337266661245,8.236161591865676,9.236446833825411,10.345576607570676,11.121223765074108,11.972185395043363,13.626786525816078,14.313159684828168,15.652410785782386,16.51425139698817
1.002508700544661,2.0616586266793675,3.035755093344268,3.896970386394037,4.953286979129864,5.851704255633815,7.2043950032226505,7.918570124211215,8.912790358946744,10.300678695844754,11.34184692141474,11.832274964543098,12.783761458536123,14.135884994566828,14.934849603792316,15.963120722456186
1.0205327271083897,2.0488316874312407,2.9677089509841,3.9055028916961265,4.9324666492845815,5.899587033526412,7.1126339837480375,7.982257481400598,8.982513958142373,10.083941573199876,11.210437689440603,11.778192082992154,13.005629724582466,14.004745301604245,15.08263302180862,16.272738005040292
1.0108685264624775,1.986892109952092,2.994876048671068,4.074064539064944,5.107930122822701,5.947998190703721,7.144968704310546,8.18571410079172,9.270538462799784,10.073271537494461,11.16011311394847,12.13448669870353,13.208275136897441,14.34851836827075,15.588496814939132,16.81538352903415
1.028942226701394,2.0626345516464557,3.079711291318074,4.16662066703636,5.182769759418795,6.228164650321273,7.2940767390569246,8.384636433997512,9.568166458147578,10.386539575206076,11.419787696958256,12.557604940018212,13.318415093187214,14.108017066440894,15.978970801482491,16.953773531854655
1.0317998710647764,2.028981197027993,3.040452037109813,4.171229622201119,5.204801999457988,6.199000173570418,7.408552691804955,8.390469350251673,9.546170073186323,10.664979856504338,11.376504085852773,12.714455388603412,13.826223563689418,14.378319304471162,15.749833123094291,16.936008602197088
1.0420282401299865,2.0588201455646673,3.062243582450459,4.198984733858267,5.31792985912865,6.1121391332895705,7.413651676770768,8.502666292068078,9.696070213307987,10.672349181109473,11.382397855292666,12.855250694259304,13.705490496600476,14.63163171647366,15.894352852462962,17.22420205249024
1.0475275741380978,2.0935016582479853,3.134842216228998,4.214079151208463,5.38224235555256,6.161634303360784,7.52557730938479,8.580840711412598,9.772916840419017,10.734715509620653,11.509832413269487,12.877710449325768,13.533491174868923,14.877692550931702,15.973730594752325,17.461640072538028
1.0538570260579636,2.112659865672463,3.1607942233740016,4.255646184704975,5.386159373468192,6.263117849016404,7.527757668763823,8.634964638260415,9.763725654713449,10.843326705472446,11.658453134301386,12.917691371271344,13.578589644326179,15.003551898487329,16.004159773564243,17.39822017206795
1.0583930728738664,2.1341289976270055,3.1623035539787723,4.258853631907002,5.467688576959075,6.283285140641631,7.5843785659614715,8.700195680905455,9.81273708431571,10.787678686777301,11.721799207104237,13.022939962472766,13.737407363170016,15.07394640131811,16.13396880809774,17.59235939615204
1.059378224463319,2.122449918375897,3.1902918011341233,4.272484895974705,5.511707375178284,6.3237043309792424,7.543146062447124,8.702780463531825,9.882692306789085,10.792446975126806,11.800096786511402,13.145899943508606,13.900869841161622,15.149794854654967,16.291543037878252,17.72254254390011
1.0739546307290537,2.1770503303209328,3.197398047912373,4.290448252194481,5.546601418675468,6.357051126773744,7.589289386214411,8.767597507020346,9.897941666672798,10.896081801666648,11.994536240031746,13.261084235751053,13.991447434930366,15.243716906284961,16.299277130614268,17.843275810490184
1.0739546307290537,2.1770503303209328,3.197398047912373,4.290448252194481,5.546601418675468,6.357051126773744,7.589289386214411,8.767597507020346,9.897941666672798,10.896081801666648,11.994536240031746,13.261084235751053,13.991447434930366,15.243716906284961,16.299277130614268,17.843275810490184
1.0739546307290537,2.1770503303209328,3.197398047912373,4.290448252194481,5.546601418675468,6.357051126773744,7.589289386214411,8.767597507020346,9.897941666672798,10.896081801666648,11.994536240031746,13.261084235751053,13.991447434930366,15.243716906284961,16.299277130614268,17.843275810490184
1.0739546307290537,2.1770503303209328,3.197398047912373,4.290448252194481,5.546601418675468,6.357051126773744,7.589289386214411,8.767597507020346,9.897941666672798,10.896081801666648,11.994536240031746,13.261084235751053,13.991447434930366,15.243716906284961,16.299277130614268,17.843275810490184
1.0739546307290537,2.1770503303209328,3.197398047912373,4.290448252194481,5.546601418675468,6.357051126773744,7.589289386214411,8.767597507020346,9.897941666672798,10.896081801666648,11.994536240031746,13.261084235751053,13.991447434930366,15.243716906284961,16.299277130614268,17.843275810490184
1.0739546307290537,2.1770503303209328,3.197398047912373,4.290448252194481,5.546601418675468,6.357051126773744,7.589289386214411,8.767597507020346,9.897941666672798,10.896081801666648,11.994536240031746,13.261084235751053,13.991447434930366,15.243716906284961,16.299277130614268,17.843275810490184
1.0739546307290537,2.1770503303209328,3.197398047912373,4.290448252194481,5.546601418675468,6.357051126773744,7.589289386214411,8.767597507020346,9.897941666672798,10.896081801666648,11.994536240031746,13.261084235751053,13.991447434930366,15.243716906284961,16.299277130614268,17.843275810490184
1.0739546307290537,2.1770503303209328,3.197398047912373,4.290448252194481,5.546601418675468,6.357051126773744,7.589289386214411,8.767597507020346,9.897941666672798,10.896081801666648,11.994536240031746,13.261084235751053,13.991447434930366,15.243716906284961,16.299277130614268,17.843275810490184
1.0739546307290537,2.1770503303209328,3.197398047912373,4.290448252194481,5.546601418675468,6.357051126773744,7.589289386214411,8.767597507020346,9.897941666672798,10.896081801666648,11.994536240031746,13.261084235751053,13.991447434930366,15.243716906284961,16.299277130614268,17.843275810490184
1.0739546307290537,2.1770503303209328,3.197398047912373,4.290448252194481,5.546601418675468,6.357051126773744,7.589289386214411,8.767597507020346,9.897941666672798,10.896081801666648,11.994536240031746,13.261084235751053,13.991447434930366,15.243716906284961,16.299277130614268,17.843275810490184
1.0739546307290537,2.1770503303209328,3.197398047912373,4.290448252194481,5.546601418675468,6.357051126773744,7.589289386214411,8.767597507020346,9.897941666672798,10.896081801666648,11.994536240031746,13.261084235751053,13.991447434930366,15.243716906284961,16.299277130614268,17.843275810490184
1.0739546307290537,2.1770503303209328,3.197398047912373,4.290448252194481,5.546601418675468,6.357051126773744,7.589289386214411,8.767597507020346,9.897941666672798,10.896081801666648,11.994536240031746,13.261084235751053,13.991447434930366,15.243716906284961,16.299277130614268,17.843275810490184
1.0739546307290537,2.1770503303209328,3.197398047912373,4.290448252194481,5.546601418675468,6.357051126773744,7.589289386214411,8.767597507020346,9.897941666672798,10.896081801666648,11.994536240031746,13.261084235751053,13.991447434930366,15.243716906284961,16.299277130614268,17.843275810490184
1.0739546307290537,2.1770503303209328,3.197398047912373,4.290448252194481,5.546601418675468,6.357051126773744,7.589289386214411,8.767597507020346,9.897941666672798,10.896081801666648,11.994536240031746,13.261084235751053,13.991447434930366,15.243716906284961,16.299277130614268,17.843275810490184
1.0739546307290537,2.1770503303209328,3.197398047912373,4.290448252194481,5.546601418675468,6.357051126773744,7.589289386214411,8.767597507020346,9.897941666672798,10.896081801666648,11.994536240031746,13.261084235751053,13.991447434930366,15.243716906284961,16.299277130614268,17.843275810490184
1.0739546307290537,2.1770503303209328,3.197398047912373,4.290448252194481,5.546601418675468,6.357051126773744,7.589289386214411,8.767597507020346,9.897941666672798,10.896081801666648,11.994536240031746,13.261084235751053,13.991447434930366,15.243716906284961,16.299277130614268,17.843275810490184
1.0739546307290537,2.1770503303209328,3.197398047912373,4.290448252194481,5.546601418675468,6.357051126773744,7.589289386214411,8.767597507020346,9.897941666672798,10.896081801666648,11.994536240031746,13.261084235751053,13.991447434930366,15.243716906284961,16.299277130614268,17.843275810490184
1.0739546307290537,2.1770503303209328,3.197398047912373,4.290448252194481,5.546601418675468,6.357051126773744,7.589289386214411,8.767597507020346,9.897941666672798,10.896081801666648,11.994536240031746,13.261084235751053,13.991447434930366,15.243716906284961,16.299277130614268,17.843275810490184
1.0739546307290537,2.1770503303209328,3.197398047912373,4.290448252194481,5.546601418675468,6.357051126773744,7.589289386214411,8.767597507020346,9.897941666672798,10.896081801666648,11.994536240031746,13.261084235751053,13.991447434930366,15.243716906284961,16.299277130614268,17.843275810490184
1.0739546307290537,2.1770503303209328,3.197398047912373,4.290448252194481,5.546601418675468,6.357051126773744,7.589289386214411,8.767597507020346,9.897941666672798,10.896081801666648,11.994536240031746,13.261084235751053,13.991447434930366,15.243716906284961,16.299277130614268,17.843275810490184
1.0739546307290537,2.1770503303209328,3.197398047912373,4.290448252194481,5.546601418675468,6.357051126773744,7.589289386214411,8.767597507020346,9.897941666672798,10.896081801666648,11.994536240031746,13.261084235751053,13.991447434930366,15.243716906284961,16.299277130614268,17.843275810490184
1.0739546307290537,2.1770503303209328,3.197398047912373,4.290448252194481,5.546601418675468,6.357051126773744,7.589289386214411,8.767597507020346,9.897941666672798,10.896081801666648,11.994536240031746,13.261084235751053,13.991447434930366,15.243716906284961,16.299277130614268,17.843275810490184
1.0739546307290537,2.1770503303209328,3.197398047912373,4.290448252194481,5.546601418675468,6.357051126773744,7.589289386214411,8.767597507020346,9.897941666672798,10.896081801666648,11.994536240031746,13.261084235751053,13.991447434930366,15.243716906284961,16.299277130614268,17.843275810490184
1.0739546307290537,2.1770503303209328,3.197398047912373,4.290448252194481,5.546601418675468,6.357051126773744,7.589289386214411,8.767597507020346,9.897941666672798,10.896081801666648,11.994536240031746,13.261084235751053,13.991447434930366,15.243716906284961,16.299277130614268,17.843275810490184
1.0739546307290537,2.1770503303209328,3.197398047912373,4.290448252194481,5.546601418675468,6.357051126773744,7.589289386214411,8.767597507020346,9.897941666672798,10.896081801666648,11.994536240031746,13.261084235751053,13.991447434930366,15.243716906284961,16.299277130614268,17.843275810490184
1.0739546307290537,2.1770503303209328,3.197398047912373,4.290448252194481,5.546601418675468,6.357051126773744,7.589289386214411,8.767597507020346,9.897941666672798,10.896081801666648,11.994536240031746,13.261084235751053,13.991447434930366,15.243716906284961,16.299277130614268,17.843275810490184
1.0739546307290537,2.1770503303209328,3.197398047912373,4.290448252194481,5.546601418675468,6.357051126773744,7.589289386214411,8.767597507020346,9.897941666672798,10.896081801666648,11.994536240031746,13.261084235751053,13.991447434930366,15.243716906284961,16.299277130614268,17.843275810490184
1.0739546307290537,2.1770503303209328,3.197398047912373,4.290448252194481,5.546601418675468,6.357051126773744,7.589289386214411,8.767597507020346,9.897941666672798,10.896081801666648,11.994536240031746,13.261084235751053,13.991447434930366,15.243716906284961,16.299277130614268,17.843275810490184
1.0739546307290537,2.1770503303209328,3.197398047912373,4.290448252194481,5.546601418675468,6.357051126773744,7.589289386214411,8.767597507020346,9.897941666672798,10.896081801666648,11.994536240031746,13.261084235751053,13.991447434930366,15.243716906284961,16.299277130614268,17.843275810490184
-1600.0,-1600.0,-1600.0,-1600.0,-1600.0,-1600.0,-1600.0,-1600.0,-1600.0,-1600.0,-1600.0,-1600.0,-1600.0,-1600.0,-1600.0,-1600.0
1.0306989309546106,2.035740806483588,3.083675368411782,4.124015203608772,5.229389852701785,6.0987201811318785,7.3319457788867215,8.314298308050104,9.275034059271887,10.29233140905088,11.099671362134185,11.971812850645959,13.388492078778253,14.311344591989576,15.64117546514646,16.655370073764058
0.9948698343359946,2.0201564570365638,3.0320561779604374,3.9542726684996587,4.9140968960015465,5.898777977652654,7.229424837807527,7.889392789802701,8.890296187400835,10.191965329969246,11.086296220125286,11.790769593700258,12.77078489913079,14.213904165521624,15.00023618983636,15.981665118094043
1.0098799979116315,2.0130763519450054,2.9771594378700934,3.9391295934551818,4.9416808155090735,5.969596773332357,7.058279699652596,8.103341194915659,8.981482997760471,9.921522484284333,11.23672059577497,11.930326227174174,13.018281055995761,13.891467892735227,15.121661542176373,16.441784319309676
1.0162264655422943,2.008350249292738,3.0042418561243722,4.066460961084299,5.100555167179545,5.9684421695863055,7.174587273212092,8.256020222127162,9.192671340668792,10.209316863142584,11.282217675743336,12.280367828775352,13.304363454722509,14.346305234371252,15.540114807619782,16.653221594990548
1.0337846937125432,2.048487113567673,3.0588237155664064,4.12586114240271,5.183873856786737,6.152342463218433,7.271356673582221,8.3053097117027,9.39404408349429,10.388511790362235,11.449548320695865,12.51084802932536,13.323216497539892,14.116942197316778,15.841746139878143,16.91251060592122
1.0396912035015635,2.0417904666562343,3.0562310693084327,4.138474111805573,5.197604892992729,6.201035947462175,7.417728749975612,8.413193357072837,9.525838259533792,10.595810508014464,11.512420333128738,12.7190597041845,13.667189959549127,14.479899492169306,15.830991129361038,17.036444900457678
1.0537529708502895,2.074534633376318,3.0937226581522794,4.219891830365097,5.268690238479596,6.16202318125199,7.524335437693253,8.51189701716788,9.576550605199902,10.589644526778946,11.617337572299821,12.736373302516974,13.677232888164909,14.699970403551804,16.02815629988154,17.19092035165321
1.0564074024322647,2.09092637569225,3.1604103336552485,4.260695807396949,5.323530203157385,6.239856833839325,7.616527189632998,8.586516996460615,9.662780563234717,10.684614963079499,11.668837182833343,12.810982534332837,13.665068376242234,14.772345786622973,16.14686301181066,17.248452169464336
1.0531420556859679,2.0998425422697378,3.1823854504412115,4.274845591358997,5.358278998289859,6.315230272028623,7.5977162471537625,8.603362389444598,9.689056950306227,10.740649416267352,11.832108905342327,12.879738244697347,13.758948099457577,14.85403782523694,16.16819060705308,17.325721133628686
1.0622383461189893,2.1183721959965007,3.1732138968456964,4.258321442171486,5.392783065170675,6.326681854515694,7.603075838430206,8.6950944684,9.769977267119833,10.764137952571025,11.953940134992635,12.952711389643717,13.818635059548548,14.93097429827237,16.30146234596703,17.447966145868584
1.063192765030681,2.104360891742418,3.192741467207731,4.240742769326318,5.430146473424214,6.329233320816469,7.605184127606679,8.695810168528443,9.835042063666867,10.784502677856114,11.915425121409612,12.999249403031003,13.87549584738431,15.026367145703835,16.364119152428987,17.464198669962876
1.0695880995641844,2.1430287350412778,3.232627036115294,4.305608326506945,5.499780299114004,6.391102089860093,7.718229838128099,8.833990076758253,9.920317280152439,10.872977962494684,12.069052574952691,13.151566594481316,13.994145488311696,15.244112537679795,16.509500387866655,17.680726260649827
1.0723285218243326,2.1481700651478217,3.232169096653011,4.31235234304613,5.498731155132484,6.4117699384832045,7.723628663673829,8.844481998367918,9.954326426145323,10.897375012470293,12.04851742819395,13.188177217293573,14.019476522440655,15.230374792870895,16.554643303085385,17.708140856614065
1.069066243183037,2.1387008594702883,3.219982078942906,4.316635398324763,5.477981400392046,6.394910271579591,7.746252292748809,8.806037597766446,9.939958208967443,10.909472330220632,11.940706823450324,13.185011971624988,14.002430056580083,15.205297351121033,16.44912751071596,17.666633838984772
1.0688320411537504,2.1387927949675607,3.2183118761074225,4.327515564260602,5.4915319279596675,6.403787278786819,7.752213949159607,8.825381236446786,9.951607449026314,10.929867638727458,11.99362629751086,13.210118012641999,14.02764546572019,15.185446149278484,16.470326468378676,17.68770849691435
1.0688320411537504,2.1387927949675607,3.2183118761074225,4.327515564260602,5.4915319279596675,6.403787278786819,7.752213949159607,8.825381236446786,9.951607449026314,10.929867638727458,11.99362629751086,13.210118012641999,14.02764546572019,15.185446149278484,16.470326468378676,17.68770849691435
1.0688320411537504,2.1387927949675607,3.2183118761074225,4.327515564260602,5.4915319279596675,6.403787278786819,7.752213949159607,8.825381236446786,9.951607449026314,10.929867638727458,11.99362629751086,13.210118012641999,14.02764546572019,15.185446149278484,16.470326468378676,17.68770849691435
1.0688320411537504,2.1387927949675607,3.2183118761074225,4.327515564260602,5.4915319279596675,6.403787278786819,7.752213949159607,8.825381236446786,9.951607449026314,10.929867638727458,11.99362629751086,13.210118012641999,14.02764546572019,15.185446149278484,16.470326468378676,17.68770849691435
1.0688320411537504,2.1387927949675607,3.2183118761074225,4.327515564260602,5.4915319279596675,6.403787278786819,7.752213949159607,8.825381236446786,9.951607449026314,10.929867638727458,11.99362629751086,13.210118012641999,14.02764546572019,15.185446149278484,16.470326468378676,17.68770849691435
1.0688320411537504,2.1387927949675607,3.2183118761074225,4.327515564260602,5.4915319279596675,6.403787278786819,7.752213949159607,8.825381236446786,9.951607449026314,10.929867638727458,11.99362629751086,13.210118012641999,14.02764546572019,15.185446149278484,16.470326468378676,17.68770849691435
1.0688320411537504,2.1387927949675607,3.2183118761074225,4.327515564260602,5.4915319279596675,6.403787278786819,7.752213949159607,8.825381236446786,9.951607449026314,10.929867638727458,11.99362629751086,13.210118012641999,14.02764546572019,15.185446149278484,16.470326468378676,17.68770849691435
1.0688320411537504,2.1387927949675607,3.2183118761074225,4.327515564260602,5.4915319279596675,6.403787278786819,7.752213949159607,8.825381236446786,9.951607449026314,10.929867638727458,11.99362629751086,13.210118012641999,14.02764546572019,15.185446149278484,16.470326468378676,17.68770849691435
1.0688320411537504,2.1387927949675607,3.2183118761074225,4.327515564260602,5.4915319279596675,6.403787278786819,7.752213949159607,8.825381236446786,9.951607449026314,10.929867638727458,11.99362629751086,13.210118012641999,14.02764546572019,15.185446149278484,16.470326468378676,17.68770849691435
1.0688320411537504,2.1387927949675607,3.2183118761074225,4.327515564260602,5.4915319279596675,6.403787278786819,7.752213949159607,8.825381236446786,9.951607449026314,10.929867638727458,11.99362629751086,13.210118012641999,14.02764546572019,15.185446149278484,16.470326468378676,17.68770849691435
1.0688320411537504,2.1387927949675607,3.2183118761074225,4.327515564260602,5.4915319279596675,6.403787278786819,7.752213949159607,8.825381236446786,9.951607449026314,10.929867638727458,11.99362629751086,13.210118012641999,14.02764546572019,15.185446149278484,16.470326468378676,17.68770849691435
1.0688320411537504,2.1387927949675607,3.2183118761074225,4.327515564260602,5.4915319279596675,6.403787278786819,7.752213949159607,8.825381236446786,9.951607449026314,10.929867638727458,11.99362629751086,13.210118012641999,14.02764546572019,15.185446149278484,16.470326468378676,17.68770849691435
1.0688320411537504,2.1387927949675607,3.2183118761074225,4.327515564260602,5.4915319279596675,6.403787278786819,7.752213949159607,8.825381236446786,9.951607449026314,10.929867638727458,11.99362629751086,13.210118012641999,14.02764546572019,15.185446149278484,16.470326468378676,17.68770849691435
1.0688320411537504,2.1387927949675607,3.2183118761074225,4.327515564260602,5.4915319279596675,6.403787278786819,7.752213949159607,8.825381236446786,9.951607449026314,10.929867638727458,11.99362629751086,13.210118012641999,14.02764546572019,15.185446149278484,16.470326468378676,17.68770849691435
1.0688320411537504,2.1387927949675607,3.2183118761074225,4.327515564260602,5.4915319279596675,6.403787278786819,7.752213949159607,8.825381236446786,9.951607449026314,10.929867638727458,11.99362629751086,13.210118012641999,14.02764546572019,15.185446149278484,16.470326468378676,17.68770849691435
1.0688320411537504,2.1387927949675607,3.2183118761074225,4.327515564260602,5.4915319279596675,6.403787278786819,7.752213949159607,8.825381236446786,9.951607449026314,10.929867638727458,11.99362629751086,13.210118012641999,14.02764546572019,15.185446149278484,16.470326468378676,17.68770849691435
1.0688320411537504,2.1387927949675607,3.2183118761074225,4.327515564260602,5.4915319279596675,6.403787278786819,7.752213949159607,8.825381236446786,9.951607449026314,10.929867638727458,11.99362629751086,13.210118012641999,14.02764546572019,15.185446149278484,16.470326468378676,17.68770849691435
1.0688320411537504,2.1387927949675607,3.2183118761074225,4.327515564260602,5.4915319279596675,6.403787278786819,7.752213949159607,8.825381236446786,9.951607449026314,10.929867638727458,11.99362629751086,13.210118012641999,14.02764546572019,15.185446149278484,16.470326468378676,17.68770849691435
1.0688320411537504,2.1387927949675607,3.2183118761074225,4.327515564260602,5.4915319279596675,6.403787278786819,7.752213949159607,8.825381236446786,9.951607449026314,10.929867638727458,11.99362629751086,13.210118012641999,14.02764546572019,15.185446149278484,16.470326468378676,17.68770849691435
1.0688320411537504,2.1387927949675607,3.2183118761074225,4.327515564260602,5.4915319279596675,6.403787278786819,7.752213949159607,8.825381236446786,9.951607449026314,10.929867638727458,11.99362629751086,13.210118012641999,14.02764546572019,15.185446149278484,16.470326468378676,17.68770849691435
1.0688320411537504,2.1387927949675607,3.2183118761074225,4.327515564260602,5.4915319279596675,6.403787278786819,7.752213949159607,8.825381236446786,9.951607449026314,10.929867638727458,11.99362629751086,13.210118012641999,14.02764546572019,15.185446149278484,16.470326468378676,17.68770849691435
1.0688320411537504,2.1387927949675607,3.2183118761074225,4.327515564260602,5.4915319279596675,6.403787278786819,7.752213949159607,8.825381236446786,9.951607449026314,10.929867638727458,11.99362629751086,13.210118012641999,14.02764546572019,15.185446149278484,16.470326468378676,17.68770849691435
1.0688320411537504,2.1387927949675607,3.2183118761074225,4.327515564260602,5.4915319279596675,6.403787278786819,7.752213949159607,8.825381236446786,9.951607449026314,10.929867638727458,11.99362629751086,13.210118012641999,14.02764546572019,15.185446149278484,16.470326468378676,17.68770849691435
1.0688320411537504,2.1387927949675607,3.2183118761074225,4.327515564260602,5.4915319279596675,6.403787278786819,7.752213949159607,8.825381236446786,9.951607449026314,10.929867638727458,11.99362629751086,13.210118012641999,14.02764546572019,15.185446149278484,16.470326468378676,17.68770849691435
1.0688320411537504,2.1387927949675607,3.2183118761074225,4.327515564260602,5.4915319279596675,6.403787278786819,7.752213949159607,8.825381236446786,9.951607449026314,10.929867638727458,11.99362629751086,13.210118012641999,14.02764546572019,15.185446149278484,16.470326468378676,17.68770849691435
1.0688320411537504,2.1387927949675607,3.2183118761074225,4.327515564260602,5.4915319279596675,6.403787278786819,7.752213949159607,8.825381236446786,9.951607449026314,10.929867638727458,11.99362629751086,13.210118012641999,14.02764546572019,15.185446149278484,16.470326468378676,17.68770849691435
-1600.0,-1600.0,-1600.0,-1600.0,-1600.0,-1600.0,-1600.0,-1600.0,-1600.0,-1600.0,-1600.0,-1600.0,-1600.0,-1600.0,-1600.0,-1600.0
1.0325937564473173,2.042461966020936,3.0862803773693135,4.117114045783901,5.213495871902161,6.152631918145115,7.311474929317204,8.328548814295091,9.296142007397995,10.354824310568103,11.129828322457973,12.000518273402172,13.396861363752746,14.316705132962126,15.558687638979421,16.78935847993922
0.989262617474765,2.0071764320439316,2.9966700438086606,3.9825677624540603,5.0012161525555445,5.943316158833594,7.189927619026291,7.998991123430509,8.937504524178356,10.183152015318612,11.048009264450444,11.864216721494628,12.889136117816172,14.201875710998587,14.982784973285046,16.083743699581035
1.009694046315942,2.018425764805405,2.964321466845573,3.928184032302291,5.011174871972978,5.953530893703189,7.04166122162169,8.10800493544936,8.901801790757673,9.966459549180055,11.223528087494541,11.914929020614693,12.990302913021928,13.973917123872083,15.215459282511032,16.440412998624144
1.0087073456926932,2.001790358549239,2.997637812897134,4.043280371690168,5.080980823325324,6.04080378502796,7.1158822326565705,8.206222005553862,9.151704752875043,10.160279005650855,11.268134172359689,12.085599992022557,13.231295673236751,14.351530036742291,15.626905251591518,16.629664721034413
1.02546652751747,2.065635622193072,3.032245750630125,4.085669276225947,5.1009911257144065,6.1557558735708575,7.258016620258427,8.283720720357866,9.30233140286307,10.300336980807634,11.476471102960144,12.336305783650731,13.36680054791654,14.219367951988737,15.7696380445059,16.852433959738928
1.036519023873582,2.067746820207048,3.048415028676461,4.130716680098858,5.187602433573259,6.253284041389399,7.405055423733883,8.40042688966099,9.489370671394036,10.591563701039908,11.506953462236483,12.674900128590675,13.650661139760691,14.493362268393296,15.848271138810208,16.984990575227616
1.0438557355698246,2.0950075829791928,3.123609817249356,4.2117786868949665,5.304244078915038,6.253047576040225,7.482351947958061,8.535056387621163,9.543337849234858,10.585539931461234,11.630152602093151,12.729932574850364,13.7579931036471,14.781386698451852,16.15855885327043,17.32295376977108
1.053916875781983,2.1026217986786397,3.1567245910617716,4.234368167780964,5.343730844697929,6.268949659386121,7.575979009828701,8.587522963217285,9.658525484183729,10.741976035979116,11.7486323058149,12.831942333420175,13.882327418002076,14.902961839141339,16.136954847187504,17.2972439917472
1.0555649295360012,2.103438991745309,3.1860295076312934,4.255662196989297,5.369814980692757,6.353494845182456,7.6052182315350745,8.586310700965242,9.692531186252499,10.778036618734275,11.831227820046726,12.860727374698548,13.923249937931798,15.005896806070808,16.163857383186755,17.337213645895527
1.0602794849023922,2.1210251497265986,3.1892113268031617,4.244716042238537,5.384401040084128,6.376119759390007,7.595115019251918,8.641710635192853,9.751418343153478,10.808708347089924,11.946868428171697,12.933437010613739,13.95021487724019,15.06889090056938,16.26839924070928,17.45798402308516
1.0625968506965013,2.115212496947576,3.20910977983499,4.242575836665981,5.420121792651745,6.400830747039728,7.595790635756773,8.68180969160633,9.81194697922438,10.81977461522133,11.894191734563323,12.993274845835614,14.02240303738526,15.137260812814247,16.378183644218396,17.457130889862235
1.069291255976679,2.1435563517844205,3.237602668930958,4.298342737509462,5.466014501592608,6.45026840272634,7.672813562701543,8.758330466601182,9.88623808912086,10.906165499745386,12.032924605241837,13.100550204759092,14.139819160584938,15.2772922892582,16.479235882717905,17.618485659227243
1.071118204150111,2.146983905188785,3.2372973759561026,4.302838748535589,5.465315072271595,6.464046968475086,7.67641277973203,8.765325081007626,9.908910853116124,10.922430199729117,12.019234507402668,13.12495728663393,14.15670651667092,15.268133792718942,16.509331159530387,17.63676205653672
1.0689433517225801,2.140671101403762,3.2291726974826984,4.305694118721339,5.4514819024446375,6.452807190539343,7.691495199115348,8.739695480606642,9.899332041664197,10.930495078229347,11.947360770906919,13.122847122854875,14.145342206097208,15.251415498219027,16.43898729795077,17.60909071145054
1.0687872170363901,2.1407323917352765,3.2280592289257104,4.3129475626785645,5.46051558748972,6.458725195344162,7.695469636722544,8.752591239726872,9.90709820170345,10.944091950567234,11.982640420280616,13.13958448353288,14.162152478857267,15.238181363657326,16.45311993639258,17.62314048340359
1.0687872170363901,2.1407323917352765,3.2280592289257104,4.3129475626785645,5.46051558748972,6.458725195344162,7.695469636722544,8.752591239726872,9.90709820170345,10.944091950567234,11.982640420280616,13.13958448353288,14.162152478857267,15.238181363657326,16.45311993639258,17.62314048340359
1.0687872170363901,2.1407323917352765,3.2280592289257104,4.3129475626785645,5.46051558748972,6.458725195344162,7.695469636722544,8.752591239726872,9.90709820170345,10.944091950567234,11.982640420280616,13.13958448353288,14.162152478857267,15.238181363657326,16.45311993639258,17.62314048340359
1.0687872170363901,2.1407323917352765,3.2280592289257104,4.3129475626785645,5.46051558748972,6.458725195344162,7.695469636722544,8.752591239726872,9.90709820170345,10.944091950567234,11.982640420280616,13.13958448353288,14.162152478857267,15.238181363657326,16.45311993639258,17.62314048340359
1.0687872170363901,2.1407323917352765,3.2280592289257104,4.3129475626785645,5.46051558748972,6.458725195344162,7.695469636722544,8.752591239726872,9.90709820170345,10.944091950567234,11.982640420280616,13.13958448353288,14.162152478857267,15.238181363657326,16.45311993639258,17.62314048340359
1.0687872170363901,2.1407323917352765,3.2280592289257104,4.3129475626785645,5.46051558748972,6.458725195344162,7.695469636722544,8.752591239726872,9.90709820170345,10.944091950567234,11.982640420280616,13.13958448353288,14.162152478857267,15.238181363657326,16.45311993639258,17.62314048340359
1.0687872170363901,2.1407323917352765,3.2280592289257104,4.3129475626785645,5.46051558748972,6.458725195344162,7.695469636722544,8.752591239726872,9.90709820170345,10.944091950567234,11.982640420280616,13.13958448353288,14.162152478857267,15.238181363657326,16.45311993639258,17.62314048340359
1.0687872170363901,2.1407323917352765,3.2280592289257104,4.3129475626785645,5.46051558748972,6.458725195344162,7.695469636722544,8.752591239726872,9.90709820170345,10.944091950567234,11.982640420280616,13.13958448353288,14.162152478857267,15.238181363657326,16.45311993639258,17.62314048340359
1.0687872170363901,2.1407323917352765,3.2280592289257104,4.3129475626785645,5.46051558748972,6.458725195344162,7.695469636722544,8.752591239726872,9.90709820170345,10.944091950567234,11.982640420280616,13.13958448353288,14.162152478857267,15.238181363657326,16.45311993639258,17.62314048340359
1.0687872170363901,2.1407323917352765,3.2280592289257104,4.3129475626785645,5.46051558748972,6.458725195344162,7.695469636722544,8.752591239726872,9.90709820170345,10.944091950567234,11.982640420280616,13.13958448353288,14.162152478857267,15.238181363657326,16.45311993639258,17.62314048340359
1.0687872170363901,2.1407323917352765,3.2280592289257104,4.3129475626785645,5.46051558748972,6.458725195344162,7.695469636722544,8.752591239726872,9.90709820170345,10.944091950567234,11.982640420280616,13.13958448353288,14.162152478857267,15.238181363657326,16.45311993639258,17.62314048340359
1.0687872170363901,2.1407323917352765,3.2280592289257104,4.3129475626785645,5.46051558748972,6.458725195344162,7.695469636722544,8.752591239726872,9.90709820170345,10.944091950567234,11.982640420280616,13.13958448353288,14.162152478857267,15.238181363657326,16.45311993639258,17.62314048340359
1.0687872170363901,2.1407323917352765,3.2280592289257104,4.3129475626785645,5.46051558748972,6.458725195344162,7.695469636722544,8.752591239726872,9.90709820170345,10.944091950567234,11.982640420280616,13.13958448353288,14.162152478857267,15.238181363657326,16.45311993639258,17.62314048340359
1.0687872170363901,2.1407323917352765,3.2280592289257104,4.3129475626785645,5.46051558748972,6.458725195344162,7.695469636722544,8.752591239726872,9.90709820170345,10.944091950567234,11.982640420280616,13.13958448353288,14.162152478857267,15.238181363657326,16.45311993639258,17.62314048340359
1.0687872170363901,2.1407323917352765,3.2280592289257104,4.3129475626785645,5.46051558748972,6.458725195344162,7.695469636722544,8.752591239726872,9.90709820170345,10.944091950567234,11.982640420280616,13.13958448353288,14.162152478857267,15.238181363657326,16.45311993639258,17.62314048340359
1.0687872170363901,2.1407323917352765,3.2280592289257104,4.3129475626785645,5.46051558748972,6.458725195344162,7.695469636722544,8.752591239726872,9.90709820170345,10.944091950567234,11.982640420280616,13.13958448353288,14.162152478857267,15.238181363657326,16.45311993639258,17.62314048340359
1.0687872170363901,2.1407323917352765,3.2280592289257104,4.3129475626785645,5.46051558748972,6.458725195344162,7.695469636722544,8.752591239726872,9.90709820170345,10.944091950567234,11.982640420280616,13.13958448353288,14.162152478857267,15.238181363657326,16.45311993639258,17.62314048340359
1.0687872170363901,2.1407323917352765,3.2280592289257104,4.3129475626785645,5.46051558748972,6.458725195344162,7.695469636722544,8.752591239726872,9.90709820170345,10.944091950567234,11.982640420280616,13.13958448353288,14.162152478857267,15.238181363657326,16.45311993639258,17.62314048340359
1.0687872170363901,2.1407323917352765,3.2280592289257104,4.3129475626785645,5.46051558748972,6.458725195344162,7.695469636722544,8.752591239726872,9.90709820170345,10.944091950567234,11.982640420280616,13.13958448353288,14.162152478857267,15.238181363657326,16.45311993639258,17.62314048340359
1.0687872170363901,2.1407323917352765,3.2280592289257104,4.3129475626785645,5.46051558748972,6.458725195344162,7.695469636722544,8.752591239726872,9.90709820170345,10.944091950567234,11.982640420280616,13.13958448353288,14.162152478857267,15.238181363657326,16.45311993639258,17.62314048340359
1.0687872170363901,2.1407323917352765,3.2280592289257104,4.3129475626785645,5.46051558748972,6.458725195344162,7.695469636722544,8.752591239726872,9.90709820170345,10.944091950567234,11.982640420280616,13.13958448353288,14.162152478857267,15.238181363657326,16.45311993639258,17.62314048340359
1.0687872170363901,2.1407323917352765,3.2280592289257104,4.3129475626785645,5.46051558748972,6.458725195344162,7.695469636722544,8.752591239726872,9.90709820170345,10.944091950567234,11.982640420280616,13.13958448353288,14.162152478857267,15.238181363657326,16.45311993639258,17.62314048340359
1.0687872170363901,2.1407323917352765,3.2280592289257104,4.3129475626785645,5.46051558748972,6.458725195344162,7.695469636722544,8.752591239726872,9.90709820170345,10.944091950567234,11.982640420280616,13.13958448353288,14.162152478857267,15.238181363657326,16.45311993639258,17.62314048340359
1.0687872170363901,2.1407323917352765,3.2280592289257104,4.3129475626785645,5.46051558748972,6.458725195344162,7.695469636722544,8.752591239726872,9.90709820170345,10.944091950567234,11.982640420280616,13.13958448353288,14.162152478857267,15.238181363657326,16.45311993639258,17.62314048340359
1.0687872170363901,2.1407323917352765,3.2280592289257104,4.3129475626785645,5.46051558748972,6.458725195344162,7.695469636722544,8.752591239726872,9.90709820170345,10.944091950567234,11.982640420280616,13.13958448353288,14.162152478857267,15.238181363657326,16.45311993639258,17.62314048340359
1.0687872170363901,2.1407323917352765,3.2280592289257104,4.3129475626785645,5.46051558748972,6.458725195344162,7.695469636722544,8.752591239726872,9.90709820170345,10.944091950567234,11.982640420280616,13.13958448353288,14.162152478857267,15.238181363657326,16.45311993639258,17.62314048340359
-1600.0,-1600.0,-1600.0,-1600.0,-1600.0,-1600.0,-1600.0,-1600.0,-1600.0,-1600.0,-1600.0,-1600.0,-1600.0,-1600.0,-1600.0,-1600.0
1.0296412936426063,2.0427228080902102,3.0866240512342884,4.072405102265765,5.205919764007866,6.181874941928556,7.305201296310018,8.318997232543992,9.33600819341874,10.340276444331343,11.137248392318481,11.959175696774809,13.3465016487485,14.25427438515767,15.555502327243738,16.834350670058335
0.9920065107193581,2.0283068497056913,3.009493182740824,3.9993054152395535,5.025665025427728,5.986520671686755,7.148180772753213,8.00110247135938,8.908099250888982,10.15046010359517,11.10257340160764,11.91653677323378,12.920853343634763,14.252270196896722,14.973982604348588,16.083892212731318
1.001644195137481,2.0062418154208794,2.9717453589909812,3.953344098854463,5.06841771790137,6.006875294059535,7.060184762011314,8.128099366317532,8.911339028717697,9.988020683968635,11.143070623244352,11.899648413129242,13.00787339761926,14.002983824166668,15.210350538408706,16.467892814956954
1.001371054561318,1.9963833297166675,3.0026306851890947,4.047714345587378,5.151152267186152,6.072416037043857,7.135314223066772,8.228668158746208,9.206547793672414,10.201863804487836,11.261559179697915,12.083026557582214,13.301337289508131,14.385677717775847,15.638727496468617,16.679118182789324
1.0196745031131431,2.0571523671340612,3.0328175461574216,4.08750399226557,5.181797901988067,6.1992975143728435,7.263233328257855,8.303468942547058,9.334360749836696,10.329850590704083,11.439196717910981,12.361331760278281,13.444981546554526,14.321204976848582,15.809249178666782,16.922886392966713
1.0328394254336108,2.06519926654745,3.052513771332191,4.138061666848915,5.257052515298211,6.2919993308713416,7.373727300449462,8.451903813226437,9.481750075050964,10.529987900650104,11.502924520030733,12.660477465885759,13.611181684724784,14.554687381696187,15.93077981589474,17.03115992464055
1.0432080176351757,2.0875127485554534,3.116978049342615,4.203573164801992,5.346639249302886,6.291667719048316,7.477759674858063,8.557053377286826,9.546304806954966,10.563251824725347,11.595680018377097,12.738414116845595,13.776517626800668,14.82848645344603,16.100923839550656,17.305653240638144
1.0507852566601863,2.0982205291221394,3.148272274360154,4.220384027631478,5.40038995552579,6.317171942403736,7.562202965786504,8.61467588903846,9.650489665205384,10.692572932764309,11.73474365606156,12.845264494492824,13.878820315884271,14.945639910271376,16.14703543569593,17.297705332768704
1.0562139098139505,2.109460260023754,3.179958157658109,4.256280364458863,5.411689360533817,6.3833571851841375,7.587548234420421,8.6265019071579,9.711039354494964,10.752033821017488,11.823704440808473,12.874917424996722,13.987143797207791,15.084670654630795,16.237949297285798,17.408226311663086
1.0579166435414948,2.126165180776834,3.1883742574174803,4.245203720650964,5.439668503606793,6.403718257407289,7.596602308099598,8.676318625418837,9.736615530650498,10.767732053749977,11.910758391967782,12.925930262979406,13.931056559119458,15.088567881142392,16.314648123828093,17.420319979719377
1.060823837361648,2.119051463371251,3.2090839292937936,4.248640564729288,5.469950059295838,6.4226113237300835,7.613057225860627,8.710714032710147,9.800609934253561,10.799635749801341,11.878919466649107,12.979784093075489,13.967831618977558,15.164486613997978,16.372811607577656,17.441467488903502
1.0658446413217821,2.140309354498882,3.230453596115775,4.2904657403618955,5.504369591001478,6.459689565495045,7.670824421069204,8.768104613956282,9.856328266675918,10.86442891319438,11.982969119657975,13.060240612268101,14.055893711377323,15.269510221330929,16.448600786452275,17.562483565927288
1.067214852451856,2.1428800195521553,3.230224626384634,4.293837748631489,5.503845019010718,6.4700234898066045,7.673523833842074,8.773350574761107,9.873332839672358,10.876627438182176,11.972701546278596,13.07854592367422,14.068559228441808,15.262641348926486,16.47117224406164,17.576190863909396
1.0655837131312078,2.1381454167133884,3.224131117529582,4.295979276270806,5.493470141640497,6.4615936563547995,7.684835648379558,8.754128374460372,9.866148731083415,10.88267609705735,11.918796243906783,13.076963300839925,14.060035995511528,15.250102628051552,16.41841434787693,17.555437355094746
1.065466612116565,2.138191384462026,3.2232960161118402,4.301419359238728,5.50024540542431,6.466032159958412,7.687816476584959,8.763800193800543,9.871973351112857,10.892873751310763,11.94525598093706,13.089516321348437,14.07264370008157,15.24017702713028,16.429013826708296,17.56597468405953
1.065466612116565,2.138191384462026,3.2232960161118402,4.301419359238728,5.50024540542431,6.466032159958412,7.687816476584959,8.763800193800543,9.871973351112857,10.892873751310763,11.94525598093706,13.089516321348437,14.07264370008157,15.24017702713028,16.429013826708296,17.56597468405953
1.065466612116565,2.138191384462026,3.2232960161118402,4.301419359238728,5.50024540542431,6.466032159958412,7.687816476584959,8.763800193800543,9.871973351112857,10.892873751310763,11.94525598093706,13.089516321348437,14.07264370008157,15.24017702713028,16.429013826708296,17.56597468405953
1.065466612116565,2.138191384462026,3.2232960161118402,4.301419359238728,5.50024540542431,6.466032159958412,7.687816476584959,8.763800193800543,9.871973351112857,10.892873751310763,11.94525598093706,13.089516321348437,14.07264370008157,15.24017702713028,16.429013826708296,17.56597468405953
1.065466612116565,2.138191384462026,3.2232960161118402,4.301419359238728,5.50024540542431,6.466032159958412,7.687816476584959,8.763800193800543,9.871973351112857,10.892873751310763,11.94525598093706,13.089516321348437,14.07264370008157,15.24017702713028,16.429013826708296,17.56597468405953
1.065466612116565,2.138191384462026,3.2232960161118402,4.301419359238728,5.50024540542431,6.466032159958412,7.687816476584959,8.763800193800543,9.871973351112857,10.892873751310763,11.94525598093706,13.089516321348437,14.07264370008157,15.24017702713028,16.429013826708296,17.56597468405953
1.065466612116565,2.138191384462026,3.2232960161118402,4.301419359238728,5.50024540542431,6.466032159958412,7.687816476584959,8.763800193800543,9.871973351112857,10.892873751310763,11.94525598093706,13.089516321348437,14.07264370008157,15.24017702713028,16.429013826708296,17.56597468405953
1.065466612116565,2.138191384462026,3.2232960161118402,4.301419359238728,5.50024540542431,6.466032159958412,7.687816476584959,8.763800193800543,9.871973351112857,10.892873751310763,11.94525598093706,13.089516321348437,14.07264370008157,15.24017702713028,16.429013826708296,17.56597468405953
1.065466612116565,2.138191384462026,3.2232960161118402,4.301419359238728,5.50024540542431,6.466032159958412,7.687816476584959,8.763800193800543,9.871973351112857,10.892873751310763,11.94525598093706,13.089516321348437,14.07264370008157,15.24017702713028,16.429013826708296,17.56597468405953
1.065466612116565,2.138191384462026,3.2232960161118402,4.301419359238728,5.50024540542431,6.466032159958412,7.687816476584959,8.763800193800543,9.871973351112857,10.892873751310763,11.94525598093706,13.089516321348437,14.07264370008157,15.24017702713028,16.429013826708296,17.56597468405953
1.065466612116565,2.138191384462026,3.2232960161118402,4.301419359238728,5.50024540542431,6.466032159958412,7.687816476584959,8.763800193800543,9.871973351112857,10.892873751310763,11.94525598093706,13.089516321348437,14.07264370008157,15.24017702713028,16.429013826708296,17.56597468405953
1.065466612116565,2.138191384462026,3.2232960161118402,4.301419359238728,5.50024540542431,6.466032159958412,7.687816476584959,8.763800193800543,9.871973351112857,10.892873751310763,11.94525598093706,13.089516321348437,14.07264370008157,15.24017702713028,16.429013826708296,17.56597468405953
1.065466612116565,2.138191384462026,3.2232960161118402,4.301419359238728,5.50024540542431,6.466032159958412,7.687816476584959,8.763800193800543,9.871973351112857,10.892873751310763,11.94525598093706,13.089516321348437,14.07264370008157,15.24017702713028,16.429013826708296,17.56597468405953
1.065466612116565,2.138191384462026,3.2232960161118402,4.301419359238728,5.50024540542431,6.466032159958412,7.687816476584959,8.763800193800543,9.871973351112857,10.892873751310763,11.94525598093706,13.089516321348437,14.07264370008157,15.24017702713028,16.429013826708296,17.56597468405953
1.065466612116565,2.138191384462026,3.2232960161118402,4.301419359238728,5.50024540542431,6.466032159958412,7.687816476584959,8.763800193800543,9.871973351112857,10.892873751310763,11.94525598093706,13.089516321348437,14.07264370008157,15.24017702713028,16.429013826708296,17.56597468405953
1.065466612116565,2.138191384462026,3.2232960161118402,4.301419359238728,5.50024540542431,6.466032159958412,7.687816476584959,8.763800193800543,9.871973351112857,10.892873751310763,11.94525598093706,13.089516321348437,14.07264370008157,15.24017702713028,16.429013826708296,17.56597468405953
1.065466612116565,2.138191384462026,3.2232960161118402,4.301419359238728,5.50024540542431,6.466032159958412,7.687816476584959,8.763800193800543,9.871973351112857,10.892873751310763,11.94525598093706,13.089516321348437,14.07264370008157,15.24017702713028,16.429013826708296,17.56597468405953
1.065466612116565,2.138191384462026,3.2232960161118402,4.301419359238728,5.50024540542431,6.466032159958412,7.687816476584959,8.763800193800543,9.871973351112857,10.892873751310763,11.94525598093706,13.089516321348437,14.07264370008157,15.24017702713028,16.429013826708296,17.56597468405953
1.065466612116565,2.138191384462026,3.2232960161118402,4.301419359238728,5.50024540542431,6.466032159958412,7.687816476584959,8.763800193800543,9.871973351112857,10.892873751310763,11.94525598093706,13.089516321348437,14.07264370008157,15.24017702713028,16.429013826708296,17.56597468405953
1.065466612116565,2.138191384462026,3.2232960161118402,4.301419359238728,5.50024540542431,6.466032159958412,7.687816476584959,8.763800193800543,9.871973351112857,10.892873751310763,11.94525598093706,13.089516321348437,14.07264370008157,15.24017702713028,16.429013826708296,17.56597468405953
1.065466612116565,2.138191384462026,3.2232960161118402,4.301419359238728,5.50024540542431,6.466032159958412,7.687816476584959,8.763800193800543,9.871973351112857,10.892873751310763,11.94525598093706,13.089516321348437,14.07264370008157,15.24017702713028,16.429013826708296,17.56597468405953
1.065466612116565,2.138191384462026,3.2232960161118402,4.301419359238728,5.50024540542431,6.466032159958412,7.687816476584959,8.763800193800543,9.871973351112857,10.892873751310763,11.94525598093706,13.089516321348437,14.07264370008157,15.24017702713028,16.429013826708296,17.56597468405953
1.065466612116565,2.138191384462026,3.2232960161118402,4.301419359238728,5.50024540542431,6.466032159958412,7.687816476584959,8.763800193800543,9.871973351112857,10.892873751310763,11.94525598093706,13.089516321348437,14.07264370008157,15.24017702713028,16.429013826708296,17.56597468405953
1.065466612116565,2.138191384462026,3.2232960161118402,4.301419359238728,5.50024540542431,6.466032159958412,7.687816476584959,8.763800193800543,9.871973351112857,10.892873751310763,11.94525598093706,13.089516321348437,14.07264370008157,15.24017702713028,16.429013826708296,17.56597468405953
1.065466612116565,2.138191384462026,3.2232960161118402,4.301419359238728,5.50024540542431,6.466032159958412,7.687816476584959,8.763800193800543,9.871973351112857,10.892873751310763,11.94525598093706,13.089516321348437,14.07264370008157,15.24017702713028,16.429013826708296,17.56597468405953
1.065466612116565,2.138191384462026,3.2232960161118402,4.301419359238728,5.50024540542431,6.466032159958412,7.687816476584959,8.763800193800543,9.871973351112857,10.892873751310763,11.94525598093706,13.089516321348437,14.07264370008157,15.24017702713028,16.429013826708296,17.56597468405953
-1600.0,-1600.0,-1600.0,-1600.0,-1600.0,-1600.0,-1600.0,-1600.0,-1600.0,-1600.0,-1600.0,-1600.0,-1600.0,-1600.0,-1600.0,-1600.0
1.0296339107323238,2.0516102427067113,3.0904892171260228,4.074640239129981,5.215101352370074,6.19167139931625,7.333437226982248,8.275259566305005,9.311588490854248,10.384029868968279,11.097927676607313,11.997862555307174,13.316475389574698,14.244068646854526,15.571759990094547,16.806285419331335
0.990829748710145,2.02278778053867,3.0126017312102227,4.015939008785589,5.0345640152071205,6.0097816361187295,7.134082627402391,8.000929126721672,8.956019534244348,10.076600045858042,11.037352112287108,11.91809865759484,12.898834525817866,14.193511438317916,14.958779679772896,16.148280885770244
0.9985309495275214,2.017333752289874,2.991037141080564,3.9663060942890658,5.08064756475499,6.008730574964514,7.097591914311351,8.15471826104332,8.95443756805778,9.95656734413758,11.086989295052238,11.934673964464999,13.018865120409512,14.098380993702834,15.170528686243864,16.46455737014342
1.0026235029510038,2.0064597047891994,3.0259891272113264,4.0422692156975675,5.157818094480907,6.0708599993285794,7.167259053007467,8.246728173407737,9.244536755764774,10.183849618961094,11.200198000033096,12.085973343755224,13.294743819326408,14.439917032571623,15.571409568150798,16.63904174303307
1.0174079335406434,2.0625993251962145,3.0576434657744924,4.096467967687891,5.1999154629905995,6.190921417122009,7.300402315714103,8.372198981429168,9.353585755111798,10.326557216915642,11.37177850359542,12.30885617216873,13.47798667123632,14.445434276050278,15.758692956898685,16.850769621607657
1.0332282138212858,2.0691101024943173,3.0818124467136894,4.138703673686142,5.274472413331212,6.270698558757192,7.404070731156125,8.4957868742403,9.485906707818847,10.505529691683963,11.419218149583939,12.567562089484664,13.580052807325359,14.63155333482161,15.873347741662664,16.97884850685924
1.0434108727435096,2.0856713439589316,3.1334416471910345,4.199437873900977,5.3446501110605285,6.283466478324356,7.472495654126297,8.578988705732868,9.568917446207795,10.530951406804608,11.524138191113426,12.649537883830435,13.738262241423108,14.850721323643798,16.02541274802134,17.206440188645708
1.0489315535474075,2.0944116132160326,3.16584359120984,4.214218778690009,5.394690967558065,6.311894671963615,7.5553114733990805,8.637117832413105,9.641212941232629,10.6612729910422,11.638782792415654,12.756440913028587,13.82688003787249,14.94880154302975,16.05915130319988,17.192104362840332
1.0538999304751762,2.102731003017313,3.195881906965813,4.254025128139539,5.421332477390037,6.384027363695902,7.609393645334402,8.669607638364962,9.689508754783553,10.720362926866573,11.708870627662245,12.832887148636452,13.930884374614477,15.09633666838465,16.215178283349516,17.352892455147206
1.0542024304814643,2.121277719928871,3.198372093261993,4.251409804659237,5.443266574833501,6.402715686390998,7.613398084278216,8.702363114403422,9.73380567274348,10.721664414957573,11.808945075121848,12.906948452873445,13.907921138821871,15.113760612860267,16.28864812234423,17.379484306925136
1.05882921199623,2.1190966199683605,3.2180223476835237,4.2548015018439855,5.472664403747244,6.431727371202927,7.635808650499058,8.741492559827387,9.803954937815089,10.767033451254305,11.809079580766776,12.951351062656617,13.947794861040935,15.19363273085472,16.360583385142007,17.420425777978803
1.064438420711844,2.1346151987214297,3.23388057063528,4.285485037543685,5.501986779465743,6.449801934137059,7.678354456422348,8.78862329053141,9.846454508908872,10.835487708198718,11.89351906608592,13.016391571574607,14.044741332233285,15.264147394651811,16.461829190653376,17.51693298641051
1.0669855208403658,2.1393193302336075,3.2355107984474722,4.300980337767567,5.512681314266349,6.492094900083189,7.696288902697704,8.79681219486684,9.883060980644405,10.875645557856037,11.950194890583866,13.013117298157024,14.08366615287364,15.302526014539438,16.50724304174894,17.54600876827058
1.0661023583699016,2.135001991221913,3.2385677712977587,4.305317730328119,5.508373716040655,6.463797341649612,7.711424321026628,8.773622712523274,9.877923930158529,10.889024716476653,11.895197649192276,13.012391759607533,14.06732722214057,15.288064808718484,16.442485592770737,17.54548809114581
1.068165316449475,2.1406145539003085,3.240758071547125,4.311870861976215,5.524445958521159,6.480198797310143,7.715598637182449,8.806021811216361,9.889414141593937,10.937325840790312,11.920644322456432,13.036476282046216,14.105125010838224,15.292259023309196,16.4762650696851,17.60327998982179
1.0685438916950942,2.1404988199190242,3.240713790433463,4.309731625968423,5.513048101783845,6.478443711248334,7.7240036320244965,8.790928443198158,9.89751861305296,10.936128253272754,11.920095422536123,13.033018678506185,14.109121240565035,15.29110115447451,16.475579521510685,17.572741663447065
1.0685438916950942,2.1404988199190242,3.240713790433463,4.309731625968423,5.513048101783845,6.478443711248334,7.7240036320244965,8.790928443198158,9.89751861305296,10.936128253272754,11.920095422536123,13.033018678506185,14.109121240565035,15.29110115447451,16.475579521510685,17.572741663447065
1.0685438916950942,2.1404988199190242,3.240713790433463,4.309731625968423,5.513048101783845,6.478443711248334,7.7240036320244965,8.790928443198158,9.89751861305296,10.936128253272754,11.920095422536123,13.033018678506185,14.109121240565035,15.29110115447451,16.475579521510685,17.572741663447065
1.0685438916950942,2.1404988199190242,3.240713790433463,4.309731625968423,5.513048101783845,6.478443711248334,7.7240036320244965,8.790928443198158,9.89751861305296,10.936128253272754,11.920095422536123,13.033018678506185,14.109121240565035,15.29110115447451,16.475579521510685,17.572741663447065
1.0685438916950942,2.1404988199190242,3.240713790433463,4.309731625968423,5.513048101783845,6.478443711248334,7.7240036320244965,8.790928443198158,9.89751861305296,10.936128253272754,11.920095422536123,13.033018678506185,14.109121240565035,15.29110115447451,16.475579521510685,17.572741663447065
1.0685438916950942,2.1404988199190242,3.240713790433463,4.309731625968423,5.513048101783845,6.478443711248334,7.7240036320244965,8.790928443198158,9.89751861305296,10.936128253272754,11.920095422536123,13.033018678506185,14.109121240565035,15.29110115447451,16.475579521510685,17.572741663447065
1.0685438916950942,2.1404988199190242,3.240713790433463,4.309731625968423,5.513048101783845,6.478443711248334,7.7240036320244965,8.790928443198158,9.89751861305296,10.936128253272754,11.920095422536123,13.033018678506185,14.109121240565035,15.29110115447451,16.475579521510685,17.572741663447065
1.0685438916950942,2.1404988199190242,3.240713790433463,4.309731625968423,5.513048101783845,6.478443711248334,7.7240036320244965,8.790928443198158,9.89751861305296,10.936128253272754,11.920095422536123,13.033018678506185,14.109121240565035,15.29110115447451,16.475579521510685,17.572741663447065
1.0685438916950942,2.1404988199190242,3.240713790433463,4.309731625968423,5.513048101783845,6.478443711248334,7.7240036320244965,8.790928443198158,9.89751861305296,10.936128253272754,11.920095422536123,13.033018678506185,14.109121240565035,15.29110115447451,16.475579521510685,17.572741663447065
1.0685438916950942,2.1404988199190242,3.240713790433463,4.309731625968423,5.513048101783845,6.478443711248334,7.7240036320244965,8.790928443198158,9.89751861305296,10.936128253272754,11.920095422536123,13.033018678506185,14.109121240565035,15.29110115447451,16.475579521510685,17.572741663447065
1.0685438916950942,2.1404988199190242,3.240713790433463,4.309731625968423,5.513048101783845,6.478443711248334,7.7240036320244965,8.790928443198158,9.89751861305296,10.936128253272754,11.920095422536123,13.033018678506185,14.109121240565035,15.29110115447451,16.475579521510685,17.572741663447065
1.0685438916950942,2.1404988199190242,3.240713790433463,4.309731625968423,5.513048101783845,6.478443711248334,7.7240036320244965,8.790928443198158,9.89751861305296,10.936128253272754,11.920095422536123,13.033018678506185,14.109121240565035,15.29110115447451,16.475579521510685,17.572741663447065
1.0685438916950942,2.1404988199190242,3.240713790433463,4.309731625968423,5.513048101783845,6.478443711248334,7.7240036320244965,8.790928443198158,9.89751861305296,10.936128253272754,11.920095422536123,13.033018678506185,14.109121240565035,15.29110115447451,16.475579521510685,17.572741663447065
1.0685438916950942,2.1404988199190242,3.240713790433463,4.309731625968423,5.513048101783845,6.478443711248334,7.7240036320244965,8.790928443198158,9.89751861305296,10.936128253272754,11.920095422536123,13.033018678506185,14.109121240565035,15.29110115447451,16.475579521510685,17.572741663447065
1.0685438916950942,2.1404988199190242,3.240713790433463,4.309731625968423,5.513048101783845,6.478443711248334,7.7240036320244965,8.790928443198158,9.89751861305296,10.936128253272754,11.920095422536123,13.033018678506185,14.109121240565035,15.29110115447451,16.475579521510685,17.572741663447065
1.0685438916950942,2.1404988199190242,3.240713790433463,4.309731625968423,5.513048101783845,6.478443711248334,7.7240036320244965,8.790928443198158,9.89751861305296,10.936128253272754,11.920095422536123,13.033018678506185,14.109121240565035,15.29110115447451,16.475579521510685,17.572741663447065
1.0685438916950942,2.1404988199190242,3.240713790433463,4.309731625968423,5.513048101783845,6.478443711248334,7.7240036320244965,8.790928443198158,9.89751861305296,10.936128253272754,11.920095422536123,13.033018678506185,14.109121240565035,15.29110115447451,16.475579521510685,17.572741663447065
1.0685438916950942,2.1404988199190242,3.240713790433463,4.309731625968423,5.513048101783845,6.478443711248334,7.7240036320244965,8.790928443198158,9.89751861305296,10.936128253272754,11.920095422536123,13.033018678506185,14.109121240565035,15.29110115447451,16.475579521510685,17.572741663447065
1.0685438916950942,2.1404988199190242,3.240713790433463,4.309731625968423,5.513048101783845,6.478443711248334,7.7240036320244965,8.790928443198158,9.89751861305296,10.936128253272754,11.920095422536123,13.033018678506185,14.109121240565035,15.29110115447451,16.475579521510685,17.572741663447065
1.0685438916950942,2.1404988199190242,3.240713790433463,4.309731625968423,5.513048101783845,6.478443711248334,7.7240036320244965,8.790928443198158,9.89751861305296,10.936128253272754,11.920095422536123,13.033018678506185,14.109121240565035,15.29110115447451,16.475579521510685,17.572741663447065
1.0685438916950942,2.1404988199190242,3.240713790433463,4.309731625968423,5.513048101783845,6.478443711248334,7.7240036320244965,8.790928443198158,9.89751861305296,10.936128253272754,11.920095422536123,13.033018678506185,14.109121240565035,15.29110115447451,16.475579521510685,17.572741663447065
1.0685438916950942,2.1404988199190242,3.240713790433463,4.309731625968423,5.513048101783845,6.478443711248334,7.7240036320244965,8.790928443198158,9.89751861305296,10.936128253272754,11.920095422536123,13.033018678506185,14.109121240565035,15.29110115447451,16.475579521510685,17.572741663447065
1.0685438916950942,2.1404988199190242,3.240713790433463,4.309731625968423,5.513048101783845,6.478443711248334,7.7240036320244965,8.790928443198158,9.89751861305296,10.936128253272754,11.920095422536123,13.033018678506185,14.109121240565035,15.29110115447451,16.475579521510685,17.572741663447065
1.0685438916950942,2.1404988199190242,3.240713790433463,4.309731625968423,5.513048101783845,6.478443711248334,7.7240036320244965,8.790928443198158,9.89751861305296,10.936128253272754,11.920095422536123,13.033018678506185,14.109121240565035,15.29110115447451,16.475579521510685,17.572741663447065
1.0685438916950942,2.1404988199190242,3.240713790433463,4.309731625968423,5.513048101783845,6.478443711248334,7.7240036320244965,8.790928443198158,9.89751861305296,10.936128253272754,11.920095422536123,13.033018678506185,14.109121240565035,15.29110115447451,16.475579521510685,17.572741663447065
-1600.0,-1600.0,-1600.0,-1600.0,-1600.0,-1600.0,-1600.0,-1600.0,-1600.0,-1600.0,-1600.0,-1600.0,-1600.0,-1600.0,-1600.0,-1600.0
1.0283361403741595,2.0506459605083927,3.095633177037721,4.065178835398674,5.191043652167822,6.193035017950822,7.330811204411303,8.26579512011185,9.325522420568833,10.373516317264333,11.065916364191054,11.971366107289843,13.304641607536514,14.220351208107713,15.585125803098991,16.81965330878854
0.9941403375385847,2.022913923011162,3.0018475228150634,4.010676011477153,5.023130909033394,6.001048249911762,7.142945173695608,8.00699374609247,8.957902844301605,10.057688044853228,11.04922195512222,11.931837397000741,12.856671334404519,14.152273866307308,14.910935956664664,16.199519524669487
1.0001662474620927,2.0144186547393823,2.9873364731656227,3.975085899650595,5.066709931741229,6.017377894437749,7.128997207904383,8.138604314535081,8.992449917954975,9.988189351604724,11.103939508169196,11.951239039200226,12.99459590198051,14.10067174122802,15.107748944162886,16.44302609568646
1.0069087577617852,2.0120714187576616,3.032755330835933,4.067737050516448,5.168413544486639,6.100227380828188,7.229287831281049,8.2597816266579,9.241395251710777,10.211738948917272,11.227754932952614,12.118313550177064,13.294872565816881,14.435855281659855,15.555527010606237,16.707660183582043
1.0248082005082766,2.0623183435150594,3.0553093083998295,4.105381399120082,5.206594749360349,6.1975898335045905,7.338491766507732,8.331862780792102,9.367006191936074,10.353138631299075,11.388371788166227,12.323942232115407,13.476257719815147,14.470711846930516,15.765996743989126,16.928019864276305
1.0426977951769367,2.0760008901208575,3.0813856937919355,4.150453965047706,5.27201924117458,6.271954673149222,7.424618485152011,8.472142395092114,9.484660682303868,10.532400005816843,11.472091141098705,12.587809656376725,13.568502313884647,14.671106965989953,15.892770940547782,17.044008573663437
1.0492335216737343,2.0935669153677785,3.13047082411366,4.200658322212034,5.337017375157657,6.282980230965583,7.495038961104527,8.55601452132919,9.560606625098021,10.582097846669901,11.564778754974093,12.662062193127714,13.720157320161846,14.869375838740474,16.01877995993204,17.252081967486813
1.0508890960026294,2.097741779478316,3.155941457671019,4.224349753777164,5.393551945730718,6.3234766818913055,7.562963844522301,8.593183370031241,9.642185486458004,10.687363453745894,11.659096571370277,12.77911672801806,13.83506117310012,14.9492786763062,16.063942485601327,17.248051174004317
1.0577488500436873,2.110349877884067,3.189883766993461,4.2649475908164645,5.4215986864376955,6.396184028757596,7.622501701326038,8.64920042695674,9.703442721136243,10.76565935943654,11.73521488121934,12.869779434147615,13.946063386403193,15.101406279482665,16.204684419544233,17.389305004634036
1.0591329332462553,2.1301001252006357,3.1999784174311343,4.266826065307723,5.446662376363108,6.415202057576934,7.638100510039412,8.70172394893915,9.763936956519059,10.788010773328775,11.8356198045395,12.949820397178165,13.946494547243807,15.167122344831848,16.302002684658817,17.436962955839164
1.062988584508562,2.1282825419002114,3.216353629449076,4.26965247962835,5.471160567124554,6.439378461586869,7.656775981890109,8.7343318201258,9.822394677412063,10.825818303576042,11.83573189257694,12.98682257199748,13.979722649093027,15.233682443160548,16.361948736990296,17.471080848383902
1.067662925104907,2.141214690861103,3.2295688152422075,4.295222092711434,5.495595880223316,6.454440597365319,7.6922308201595095,8.773607429045816,9.85781098665688,10.882863517696396,11.906098130342894,13.041022996095801,14.060511375086646,15.292444662991475,16.44632024158311,17.551503522076963
1.0697855085453414,2.145134800454585,3.2309273384190353,4.308134842897999,5.504507992557148,6.48968473565376,7.70717619205564,8.780431515992007,9.888316379769828,10.916328392410838,11.95332798409118,13.038294434914487,14.092948725620275,15.32442684623116,16.484165117496083,17.57573334029369
1.0690495398199555,2.1415370179448385,3.2334748157942745,4.311749336698461,5.500918327369076,6.466103436959115,7.719789040663077,8.761106947372367,9.884035504364935,10.92747769126134,11.907496949598183,13.037689819456581,14.07933295000938,15.312375841380362,16.43020057668091,17.575299442689722
1.0707686715529328,2.1462141535101678,3.2353000660020794,4.317210279738538,5.514311862769491,6.479771316676221,7.723267637459595,8.788106196283268,9.89361068056111,10.967728628189398,11.928702510651652,13.05776025482215,14.110831107257424,15.315871020205956,16.45835014077622,17.623459358253037
1.0710841509242828,2.1461177085257646,3.2352631650740293,4.31542758306538,5.504813648821727,6.478308744958045,7.730271799827969,8.77552838960143,9.900364406776962,10.96673063859143,11.92824509405139,13.054878918538792,14.114161298696436,15.314906129510385,16.457778850630874,17.59801075294077
1.0710841509242828,2.1461177085257646,3.2352631650740293,4.31542758306538,5.504813648821727,6.478308744958045,7.730271799827969,8.77552838960143,9.900364406776962,10.96673063859143,11.92824509405139,13.054878918538792,14.114161298696436,15.314906129510385,16.457778850630874,17.59801075294077
1.0710841509242828,2.1461177085257646,3.2352631650740293,4.31542758306538,5.504813648821727,6.478308744958045,7.730271799827969,8.77552838960143,9.900364406776962,10.96673063859143,11.92824509405139,13.054878918538792,14.114161298696436,15.314906129510385,16.457778850630874,17.59801075294077
1.0710841509242828,2.1461177085257646,3.2352631650740293,4.31542758306538,5.504813648821727,6.478308744958045,7.730271799827969,8.77552838960143,9.900364406776962,10.96673063859143,11.92824509405139,13.054878918538792,14.114161298696436,15.314906129510385,16.457778850630874,17.59801075294077
1.0710841509242828,2.1461177085257646,3.2352631650740293,4.31542758306538,5.504813648821727,6.478308744958045,7.730271799827969,8.77552838960143,9.900364406776962,10.96673063859143,11.92824509405139,13.054878918538792,14.114161298696436,15.314906129510385,16.457778850630874,17.59801075294077
1.0710841509242828,2.1461177085257646,3.2352631650740293,4.31542758306538,5.504813648821727,6.478308744958045,7.730271799827969,8.77552838960143,9.900364406776962,10.96673063859143,11.92824509405139,13.054878918538792,14.114161298696436,15.314906129510385,16.457778850630874,17.59801075294077
1.0710841509242828,2.1461177085257646,3.2352631650740293,4.31542758306538,5.504813648821727,6.478308744958045,7.730271799827969,8.77552838960143,9.900364406776962,10.96673063859143,11.92824509405139,13.054878918538792,14.114161298696436,15.314906129510385,16.457778850630874,17.59801075294077
1.0710841509242828,2.1461177085257646,3.2352631650740293,4.31542758306538,5.504813648821727,6.478308744958045,7.730271799827969,8.77552838960143,9.900364406776962,10.96673063859143,11.92824509405139,13.054878918538792,14.114161298696436,15.314906129510385,16.457778850630874,17.59801075294077
1.0710841509242828,2.1461177085257646,3.2352631650740293,4.31542758306538,5.504813648821727,6.478308744958045,7.730271799827969,8.77552838960143,9.900364406776962,10.96673063859143,11.92824509405139,13.054878918538792,14.114161298696436,15.314906129510385,16.457778850630874,17.59801075294077
1.0710841509242828,2.1461177085257646,3.2352631650740293,4.31542758306538,5.504813648821727,6.478308744958045,7.730271799827969,8.77552838960143,9.900364406776962,10.96673063859143,11.92824509405139,13.054878918538792,14.114161298696436,15.314906129510385,16.457778850630874,17.59801075294077
1.0710841509242828,2.1461177085257646,3.2352631650740293,4.31542758306538,5.504813648821727,6.478308744958045,7.730271799827969,8.77552838960143,9.900364406776962,10.96673063859143,11.92824509405139,13.054878918538792,14.114161298696436,15.314906129510385,16.457778850630874,17.59801075294077
1.0710841509242828,2.1461177085257646,3.2352631650740293,4.31542758306538,5.504813648821727,6.478308744958045,7.730271799827969,8.77552838960143,9.900364406776962,10.96673063859143,11.92824509405139,13.054878918538792,14.114161298696436,15.314906129510385,16.457778850630874,17.59801075294077
1.0710841509242828,2.1461177085257646,3.2352631650740293,4.31542758306538,5.504813648821727,6.478308744958045,7.730271799827969,8.77552838960143,9.900364406776962,10.96673063859143,11.92824509405139,13.054878918538792,14.114161298696436,15.314906129510385,16.457778850630874,17.59801075294077
1.0710841509242828,2.1461177085257646,3.2352631650740293,4.31542758306538,5.504813648821727,6.478308744958045,7.730271799827969,8.77552838960143,9.900364406776962,10.96673063859143,11.92824509405139,13.054878918538792,14.114161298696436,15.314906129510385,16.457778850630874,17.59801075294077
1.0710841509242828,2.1461177085257646,3.2352631650740293,4.31542758306538,5.504813648821727,6.478308744958045,7.730271799827969,8.77552838960143,9.900364406776962,10.96673063859143,11.92824509405139,13.054878918538792,14.114161298696436,15.314906129510385,16.457778850630874,17.59801075294077
1.0710841509242828,2.1461177085257646,3.2352631650740293,4.31542758306538,5.504813648821727,6.478308744958045,7.730271799827969,8.77552838960143,9.900364406776962,10.96673063859143,11.92824509405139,13.054878918538792,14.114161298696436,15.314906129510385,16.457778850630874,17.59801075294077
1.0710841509242828,2.1461177085257646,3.2352631650740293,4.31542758306538,5.504813648821727,6.478308744958045,7.730271799827969,8.77552838960143,9.900364406776962,10.96673063859143,11.92824509405139,13.054878918538792,14.114161298696436,15.314906129510385,16.457778850630874,17.59801075294077
1.0710841509242828,2.1461177085257646,3.2352631650740293,4.31542758306538,5.504813648821727,6.478308744958045,7.730271799827969,8.77552838960143,9.900364406776962,10.96673063859143,11.92824509405139,13.054878918538792,14.114161298696436,15.314906129510385,16.457778850630874,17.59801075294077
1.0710841509242828,2.1461177085257646,3.2352631650740293,4.31542758306538,5.504813648821727,6.478308744958045,7.730271799827969,8.77552838960143,9.900364406776962,10.96673063859143,11.92824509405139,13.054878918538792,14.114161298696436,15.314906129510385,16.457778850630874,17.59801075294077
1.0710841509242828,2.1461177085257646,3.2352631650740293,4.31542758306538,5.504813648821727,6.478308744958045,7.730271799827969,8.77552838960143,9.900364406776962,10.96673063859143,11.92824509405139,13.054878918538792,14.114161298696436,15.314906129510385,16.457778850630874,17.59801075294077
1.0710841509242828,2.1461177085257646,3.2352631650740293,4.31542758306538,5.504813648821727,6.478308744958045,7.730271799827969,8.77552838960143,9.900364406776962,10.96673063859143,11.92824509405139,13.054878918538792,14.114161298696436,15.314906129510385,16.457778850630874,17.59801075294077
1.0710841509242828,2.1461177085257646,3.2352631650740293,4.31542758306538,5.504813648821727,6.478308744958045,7.730271799827969,8.77552838960143,9.900364406776962,10.96673063859143,11.92824509405139,13.054878918538792,14.114161298696436,15.314906129510385,16.457778850630874,17.59801075294077
1.0710841509242828,2.1461177085257646,3.2352631650740293,4.31542758306538,5.504813648821727,6.478308744958045,7.730271799827969,8.77552838960143,9.900364406776962,10.96673063859143,11.92824509405139,13.054878918538792,14.114161298696436,15.314906129510385,16.457778850630874,17.59801075294077
1.0710841509242828,2.1461177085257646,3.2352631650740293,4.31542758306538,5.504813648821727,6.478308744958045,7.730271799827969,8.77552838960143,9.900364406776962,10.96673063859143,11.92824509405139,13.054878918538792,14.114161298696436,15.314906129510385,16.457778850630874,17.59801075294077
1.0710841509242828,2.1461177085257646,3.2352631650740293,4.31542758306538,5.504813648821727,6.478308744958045,7.730271799827969,8.77552838960143,9.900364406776962,10.96673063859143,11.92824509405139,13.054878918538792,14.114161298696436,15.314906129510385,16.457778850630874,17.59801075294077
-1600.0,-1600.0,-1600.0,-1600.0,-1600.0,-1600.0,-1600.0,-1600.0,-1600.0,-1600.0,-1600.0,-1600.0,-1600.0,-1600.0,-1600.0,-1600.0
1.0281529684742734,2.048275421720291,3.105657923484389,4.062424503201604,5.190989749543153,6.204450596263169,7.32921658469762,8.239992188619631,9.327317524301309,10.360787655671626,11.093488091733914,11.994500420138591,13.320208833743013,14.221683752435975,15.613005959194158,16.791601784375526
0.9937891990395955,2.025680154212848,3.004975156485742,3.9945757434119904,5.028530998027885,5.969906792440068,7.165766732342811,7.988749362398379,8.97440140839887,10.070134869892962,11.003221741740967,11.94636276592636,12.87381875733846,14.152562185435501,14.913228433499574,16.21516268494763
0.9929998538321961,2.0065883443503303,2.976247099105566,3.986643284029368,5.082556426567966,6.0022624056730205,7.132620027827771,8.106751865879094,9.006680983319734,9.995759949669546,11.082881146110319,11.970565957174697,13.01121909187378,14.120663335221723,15.135472763803373,16.393515341376247
1.0008222388652688,2.0105496123156055,3.02569792309422,4.066024455552398,5.18405571138587,6.11881075161037,7.206315132223999,8.27141773958824,9.22634329941827,10.234254194495739,11.215524696039418,12.135487126461992,13.30814980933426,14.437129172545678,15.510999000537447,16.673466497644213
1.020634072624492,2.063519202973539,3.044950777641416,4.105546155531434,5.214881785583909,6.214647603338351,7.325484827699995,8.33241528367233,9.346517726877579,10.355843032720115,11.392253875631308,12.317698314840555,13.491613285216093,14.505280411704984,15.76334463351388,16.885195817415784
1.0371080266893118,2.0787612752491134,3.080884875180727,4.151351211277149,5.275875564683041,6.268451572632252,7.408860911917114,8.457503922082525,9.479561832676936,10.552624247420622,11.461555989541898,12.586302263802095,13.574565640187723,14.70348267840103,15.875040327710014,17.001734973357927
1.0451634783930948,2.1009818636031876,3.137537347255728,4.196439946329943,5.343242884782878,6.2933637226998105,7.489686736983174,8.5744243469359,9.572560357264084,10.600392374660768,11.574465106285214,12.671015930691608,13.73207382054257,14.893379063988304,16.014281033953065,17.239416509429876
1.0502562505382402,2.1046190869788313,3.1653076129284683,4.23036871016437,5.398783052160549,6.344755025785855,7.564748030928327,8.60549839209792,9.650959345122128,10.708682269886577,11.68043526928554,12.7880010572529,13.844211634544678,14.973845135258248,16.08488439515181,17.272530980104396
1.0567084437853658,2.1166306091645533,3.1970326383693255,4.265038939477366,5.420419856106519,6.412909434072577,7.619036945673873,8.652637698814061,9.706443328648291,10.777347936834543,11.732320335083248,12.872134794968213,13.95555199296097,15.087458003012665,16.225107017627145,17.37791522232862
1.0579573187570555,2.1358902708531007,3.2064305162438647,4.273594998580905,5.44702596699131,6.434185944844788,7.632418442640328,8.699242878753518,9.756632757576172,10.795726594031946,11.82628383856848,12.957803698886458,13.974362139448697,15.175665437312345,16.31912518710349,17.441299338446132
1.0616122794318885,2.133046741654069,3.2155538031440387,4.275210430004572,5.464111617397993,6.465668454246792,7.646554894729894,8.720046707717213,9.821518725098032,10.838460885150377,11.84669897383766,12.992689326286596,13.994309235656544,15.23975188326526,16.387565747658112,17.481419716765863
1.0685164391995396,2.1446556165604416,3.232234270140442,4.302391997897485,5.494129403767905,6.485144927729349,7.692936208373258,8.767005771690886,9.857744060414976,10.893773166547843,11.92226883094831,13.059535877518798,14.079853563631437,15.305122080053714,16.464182314663685,17.563107803755535
1.0692216440369542,2.144957615680749,3.232317524420219,4.310424603031821,5.497087790834447,6.515782375431519,7.693789352543168,8.765368623726147,9.879736573617842,10.916273273362254,11.949994360641613,13.034181971689213,14.110363278608274,15.318165583598297,16.483749781819352,17.571637944954553
1.0685908137009086,2.1418738021009656,3.234501076456137,4.313522740575072,5.494010934958958,6.495569833693253,7.704600365635262,8.748804707766462,9.876067251842219,10.925829815234112,11.910710616790473,13.033663729868152,14.098692613798937,15.307836150869043,16.437494461120632,17.571266032722566
1.070064355186317,2.145882775442674,3.236065576634255,4.318203548895134,5.505491108159314,6.507285159165057,7.707582020032271,8.771946921118658,9.88427454572466,10.960330618315304,11.928886811979153,13.050866960181489,14.125691034297267,15.31083201843383,16.461622658916582,17.612545960348264
1.070334766076045,2.1458001083131855,3.2360339472673565,4.316675523175282,5.497349781918374,6.506031526263766,7.713585587776592,8.761165943962798,9.890063453909676,10.959475198659906,11.928494740607507,13.04839724336719,14.128545484102128,15.310004969266197,16.46113298164914,17.590732870080593
1.070334766076045,2.1458001083131855,3.2360339472673565,4.316675523175282,5.497349781918374,6.506031526263766,7.713585587776592,8.761165943962798,9.890063453909676,10.959475198659906,11.928494740607507,13.04839724336719,14.128545484102128,15.310004969266197,16.46113298164914,17.590732870080593
1.070334766076045,2.1458001083131855,3.2360339472673565,4.316675523175282,5.497349781918374,6.506031526263766,7.713585587776592,8.761165943962798,9.890063453909676,10.959475198659906,11.928494740607507,13.04839724336719,14.128545484102128,15.310004969266197,16.46113298164914,17.590732870080593
1.070334766076045,2.1458001083131855,3.2360339472673565,4.316675523175282,5.497349781918374,6.506031526263766,7.713585587776592,8.761165943962798,9.890063453909676,10.959475198659906,11.928494740607507,13.04839724336719,14.128545484102128,15.310004969266197,16.46113298164914,17.590732870080593
1.070334766076045,2.1458001083131855,3.2360339472673565,4.316675523175282,5.497349781918374,6.506031526263766,7.713585587776592,8.761165943962798,9.890063453909676,10.959475198659906,11.928494740607507,13.04839724336719,14.128545484102128,15.310004969266197,16.46113298164914,17.590732870080593
1.070334766076045,2.1458001083131855,3.2360339472673565,4.316675523175282,5.497349781918374,6.506031526263766,7.713585587776592,8.761165943962798,9.890063453909676,10.959475198659906,11.928494740607507,13.04839724336719,14.128545484102128,15.310004969266197,16.46113298164914,17.590732870080593
1.070334766076045,2.1458001083131855,3.2360339472673565,4.316675523175282,5.497349781918374,6.506031526263766,7.713585587776592,8.761165943962798,9.890063453909676,10.959475198659906,11.928494740607507,13.04839724336719,14.128545484102128,15.310004969266197,16.46113298164914,17.590732870080593
1.070334766076045,2.1458001083131855,3.2360339472673565,4.316675523175282,5.497349781918374,6.506031526263766,7.713585587776592,8.761165943962798,9.890063453909676,10.959475198659906,11.928494740607507,13.04839724336719,14.128545484102128,15.310004969266197,16.46113298164914,17.590732870080593
1.070334766076045,2.1458001083131855,3.2360339472673565,4.316675523175282,5.497349781918374,6.506031526263766,7.713585587776592,8.761165943962798,9.890063453909676,10.959475198659906,11.928494740607507,13.04839724336719,14.128545484102128,15.310004969266197,16.46113298164914,17.590732870080593
1.070334766076045,2.1458001083131855,3.2360339472673565,4.316675523175282,5.497349781918374,6.506031526263766,7.713585587776592,8.761165943962798,9.890063453909676,10.959475198659906,11.928494740607507,13.04839724336719,14.128545484102128,15.310004969266197,16.46113298164914,17.590732870080593
1.070334766076045,2.1458001083131855,3.2360339472673565,4.316675523175282,5.497349781918374,6.506031526263766,7.713585587776592,8.761165943962798,9.890063453909676,10.959475198659906,11.928494740607507,13.04839724336719,14.128545484102128,15.310004969266197,16.46113298164914,17.590732870080593
1.070334766076045,2.1458001083131855,3.2360339472673565,4.316675523175282,5.497349781918374,6.506031526263766,7.713585587776592,8.761165943962798,9.890063453909676,10.959475198659906,11.928494740607507,13.04839724336719,14.128545484102128,15.310004969266197,16.46113298164914,17.590732870080593
1.070334766076045,2.1458001083131855,3.2360339472673565,4.316675523175282,5.497349781918374,6.506031526263766,7.713585587776592,8.761165943962798,9.890063453909676,10.959475198659906,11.928494740607507,13.04839724336719,14.128545484102128,15.310004969266197,16.46113298164914,17.590732870080593
1.070334766076045,2.1458001083131855,3.2360339472673565,4.316675523175282,5.497349781918374,6.506031526263766,7.713585587776592,8.761165943962798,9.890063453909676,10.959475198659906,11.928494740607507,13.04839724336719,14.128545484102128,15.310004969266197,16.46113298164914,17.590732870080593
1.070334766076045,2.1458001083131855,3.2360339472673565,4.316675523175282,5.497349781918374,6.506031526263766,7.713585587776592,8.761165943962798,9.890063453909676,10.959475198659906,11.928494740607507,13.04839724336719,14.128545484102128,15.310004969266197,16.46113298164914,17.590732870080593
1.070334766076045,2.1458001083131855,3.2360339472673565,4.316675523175282,5.497349781918374,6.506031526263766,7.713585587776592,8.761165943962798,9.890063453909676,10.959475198659906,11.928494740607507,13.04839724336719,14.128545484102128,15.310004969266197,16.46113298164914,17.590732870080593
1.070334766076045,2.1458001083131855,3.2360339472673565,4.316675523175282,5.497349781918374,6.506031526263766,7.713585587776592,8.761165943962798,9.890063453909676,10.959475198659906,11.928494740607507,13.04839724336719,14.128545484102128,15.310004969266197,16.46113298164914,17.590732870080593
1.070334766076045,2.1458001083131855,3.2360339472673565,4.316675523175282,5.497349781918374,6.506031526263766,7.713585587776592,8.761165943962798,9.890063453909676,10.959475198659906,11.928494740607507,13.04839724336719,14.128545484102128,15.310004969266197,16.46113298164914,17.590732870080593
1.070334766076045,2.1458001083131855,3.2360339472673565,4.316675523175282,5.497349781918374,6.506031526263766,7.713585587776592,8.761165943962798,9.890063453909676,10.959475198659906,11.928494740607507,13.04839724336719,14.128545484102128,15.310004969266197,16.46113298164914,17.590732870080593
1.070334766076045,2.1458001083131855,3.2360339472673565,4.316675523175282,5.497349781918374,6.506031526263766,7.713585587776592,8.761165943962798,9.890063453909676,10.959475198659906,11.928494740607507,13.04839724336719,14.128545484102128,15.310004969266197,16.46113298164914,17.590732870080593
1.070334766076045,2.1458001083131855,3.2360339472673565,4.316675523175282,5.497349781918374,6.506031526263766,7.713585587776592,8.761165943962798,9.890063453909676,10.959475198659906,11.928494740607507,13.04839724336719,14.128545484102128,15.310004969266197,16.46113298164914,17.590732870080593
1.070334766076045,2.1458001083131855,3.2360339472673565,4.316675523175282,5.497349781918374,6.506031526263766,7.713585587776592,8.761165943962798,9.890063453909676,10.959475198659906,11.928494740607507,13.04839724336719,14.128545484102128,15.310004969266197,16.46113298164914,17.590732870080593
1.070334766076045,2.1458001083131855,3.2360339472673565,4.316675523175282,5.497349781918374,6.506031526263766,7.713585587776592,8.761165943962798,9.890063453909676,10.959475198659906,11.928494740607507,13.04839724336719,14.128545484102128,15.310004969266197,16.46113298164914,17.590732870080593
1.070334766076045,2.1458001083131855,3.2360339472673565,4.316675523175282,5.497349781918374,6.506031526263766,7.713585587776592,8.761165943962798,9.890063453909676,10.959475198659906,11.928494740607507,13.04839724336719,14.128545484102128,15.310004969266197,16.46113298164914,17.590732870080593
1.070334766076045,2.1458001083131855,3.2360339472673565,4.316675523175282,5.497349781918374,6.506031526263766,7.713585587776592,8.761165943962798,9.890063453909676,10.959475198659906,11.928494740607507,13.04839724336719,14.128545484102128,15.310004969266197,16.46113298164914,17.590732870080593
-1600.0,-1600.0,-1600.0,-1600.0,-1600.0,-1600.0,-1600.0,-1600.0,-1600.0,-1600.0,-1600.0,-1600.0,-1600.0,-1600.0,-1600.0,-1600.0
1.0290540097894265,2.0484558325007987,3.097881725643588,4.053561280907697,5.175446168115554,6.206526290671957,7.319464457387663,8.240993846042308,9.324079559283954,10.358465121497375,11.101115236726738,11.989331201306655,13.296878116979968,14.21782557277533,15.58535096439921,16.800288487601673
0.990489790043811,2.028404948173918,3.013896802894127,3.991853873564206,5.008784805827682,5.986286889657216,7.142811740866346,7.974779814589769,8.975405958966688,10.042625749648142,11.000808747371835,11.916576933382194,12.850511923321896,14.161022846016508,14.981775980341029,16.148820839658285
0.9909589312440004,2.0111053926099487,2.990015418662454,3.99987243945052,5.0786801134706225,5.998088405552643,7.14610666667781,8.073680894800109,9.028890655379683,10.038013706635281,11.094164991643531,11.959841694679557,12.999739601336438,14.193533872930034,15.19312694981494,16.368807782321973
0.9996753190527982,2.0175496928359267,3.034728139414646,4.065021803971324,5.182211075352493,6.1160221315211025,7.233305615817305,8.22205358480554,9.241711289522456,10.276852445235452,11.22331049371657,12.157194572889033,13.30811609035095,14.436841578143367,15.492580554851346,16.63273463599004
1.0195842137082094,2.069447461775918,3.055025093195224,4.105229578309095,5.213263963818023,6.217990704749688,7.330985906815187,8.309084583486515,9.362810068962538,10.393550947935717,11.384455803393548,12.365351028455711,13.497893537188537,14.56043204176675,15.796980928747907,16.91574111883742
1.0350703232154503,2.0850418565780147,3.088508653392213,4.15470045090417,5.273292698057506,6.275720928545365,7.432463786635859,8.430345156166984,9.516932885722774,10.56244915380303,11.448905455472936,12.610686296246797,13.607514880557272,14.742287675927464,15.903905561869003,16.996495219552898
1.0435473629209844,2.1055377764191454,3.1385861281244387,4.198763923243759,5.336521474697285,6.2983444006537965,7.499885449255747,8.548552018970256,9.573701006033573,10.610897892584987,11.583859257862,12.686174615155315,13.768500737301459,14.92838907792292,16.0126317251999,17.23765373314504
1.0463232772764157,2.1054621186825506,3.1659487631110848,4.22930030132979,5.383862385838412,6.342300433516978,7.56538038658216,8.567795478227104,9.656714166711131,10.70849860698579,11.681971681420908,12.788650973809318,13.855705368981901,14.995487098029626,16.09818352582357,17.29643156261029
1.0545158381487996,2.1201932214857777,3.2041895942140677,4.255506341650501,5.409569819821753,6.4018522262458815,7.630380711748035,8.636846213212138,9.702586351709822,10.79629001075578,11.759836404358445,12.882218413395213,13.977831455717025,15.136924389166666,16.202185500185738,17.393918575377747
1.055780801912299,2.136612445936393,3.2121755286960423,4.2631467941976435,5.430040579962785,6.42479298055909,7.634570156377368,8.680041841981621,9.754236975788618,10.809384361056097,11.837625964699491,12.955666086397784,14.005085717029571,15.210533661540468,16.3077576867133,17.45452352136452
1.0590710723226355,2.132643484666076,3.2224874641255186,4.2650932228722604,5.448892994253581,6.455469461422754,7.646268122341524,8.710048882751833,9.811138463578562,10.846159372848525,11.850253842731739,13.001447925117692,14.017069984722498,15.265628949404785,16.365754532997833,17.49331584534219
1.0672447552029076,2.149157312181716,3.2380953724990684,4.291451462084694,5.479544076424313,6.479147753251485,7.687288463438368,8.746367030622084,9.848030883789486,10.895753754898529,11.940913327429762,13.064867479757755,14.088732437615512,15.315140193292232,16.459753899505994,17.573863994943398
1.0678618094356453,2.1494215614119847,3.2381682199938733,4.298479991577239,5.482132665107537,6.505955519990878,7.688034964587043,8.744934526152935,9.867274332841994,10.915441348361133,11.965173165911411,13.042682812156873,14.115428438220233,15.326553258893748,16.476875433267196,17.58132786849254
1.0673098328916049,2.1467232245296746,3.240078828025298,4.301190861927584,5.479440416216482,6.488269545969889,7.697494601042628,8.73044109968821,9.864063676288323,10.923803322499014,11.930799890041664,13.042229350563435,14.105216606512077,15.317515005255645,16.436402027655816,17.581002445289545
1.068599181691338,2.1502310762036694,3.241447765681153,4.30528656920764,5.489485567766792,6.4985204557577205,7.700103548640011,8.750690536371383,9.871245058435457,10.953991525195052,11.946704060831765,13.057282177087604,14.1288402244481,15.320136389374834,16.45751420072727,17.61712238196204
1.0688357912198498,2.1501587424653668,3.241420089985114,4.303949546702767,5.482361907305972,6.49742352696909,7.705356670416287,8.741257181360004,9.876310353097347,10.953243032996577,11.946360998381573,13.05512117487509,14.131337868027368,15.319412721353158,16.45708573311826,17.59803592797783
1.0688357912198498,2.1501587424653668,3.241420089985114,4.303949546702767,5.482361907305972,6.49742352696909,7.705356670416287,8.741257181360004,9.876310353097347,10.953243032996577,11.946360998381573,13.05512117487509,14.131337868027368,15.319412721353158,16.45708573311826,17.59803592797783
1.0688357912198498,2.1501587424653668,3.241420089985114,4.303949546702767,5.482361907305972,6.49742352696909,7.705356670416287,8.741257181360004,9.876310353097347,10.953243032996577,11.946360998381573,13.05512117487509,14.131337868027368,15.319412721353158,16.45708573311826,17.59803592797783
1.0688357912198498,2.1501587424653668,3.241420089985114,4.303949546702767,5.482361907305972,6.49742352696909,7.705356670416287,8.741257181360004,9.876310353097347,10.953243032996577,11.946360998381573,13.05512117487509,14.131337868027368,15.319412721353158,16.45708573311826,17.59803592797783
1.0688357912198498,2.1501587424653668,3.241420089985114,4.303949546702767,5.482361907305972,6.49742352696909,7.705356670416287,8.741257181360004,9.876310353097347,10.953243032996577,11.946360998381573,13.05512117487509,14.131337868027368,15.319412721353158,16.45708573311826,17.59803592797783
1.0688357912198498,2.1501587424653668,3.241420089985114,4.303949546702767,5.482361907305972,6.49742352696909,7.705356670416287,8.741257181360004,9.876310353097347,10.953243032996577,11.946360998381573,13.05512117487509,14.131337868027368,15.319412721353158,16.45708573311826,17.59803592797783
1.0688357912198498,2.1501587424653668,3.241420089985114,4.303949546702767,5.482361907305972,6.49742352696909,7.705356670416287,8.741257181360004,9.876310353097347,10.953243032996577,11.946360998381573,13.05512117487509,14.131337868027368,15.319412721353158,16.45708573311826,17.59803592797783
1.0688357912198498,2.1501587424653668,3.241420089985114,4.303949546702767,5.482361907305972,6.49742352696909,7.705356670416287,8.741257181360004,9.876310353097347,10.953243032996577,11.946360998381573,13.05512117487509,14.131337868027368,15.319412721353158,16.45708573311826,17.59803592797783
1.0688357912198498,2.1501587424653668,3.241420089985114,4.303949546702767,5.482361907305972,6.49742352696909,7.705356670416287,8.741257181360004,9.876310353097347,10.953243032996577,11.946360998381573,13.05512117487509,14.131337868027368,15.319412721353158,16.45708573311826,17.59803592797783
1.0688357912198498,2.1501587424653668,3.241420089985114,4.303949546702767,5.482361907305972,6.49742352696909,7.705356670416287,8.741257181360004,9.876310353097347,10.953243032996577,11.946360998381573,13.05512117487509,14.131337868027368,15.319412721353158,16.45708573311826,17.59803592797783
1.0688357912198498,2.1501587424653668,3.241420089985114,4.303949546702767,5.482361907305972,6.49742352696909,7.705356670416287,8.741257181360004,9.876310353097347,10.953243032996577,11.946360998381573,13.05512117487509,14.131337868027368,15.319412721353158,16.45708573311826,17.59803592797783
1.0688357912198498,2.1501587424653668,3.241420089985114,4.303949546702767,5.482361907305972,6.49742352696909,7.705356670416287,8.741257181360004,9.876310353097347,10.953243032996577,11.946360998381573,13.05512117487509,14.131337868027368,15.319412721353158,16.45708573311826,17.59803592797783
1.0688357912198498,2.1501587424653668,3.241420089985114,4.303949546702767,5.482361907305972,6.49742352696909,7.705356670416287,8.741257181360004,9.876310353097347,10.953243032996577,11.946360998381573,13.05512117487509,14.131337868027368,15.319412721353158,16.45708573311826,17.59803592797783
1.0688357912198498,2.1501587424653668,3.241420089985114,4.303949546702767,5.482361907305972,6.49742352696909,7.705356670416287,8.741257181360004,9.876310353097347,10.953243032996577,11.946360998381573,13.05512117487509,14.131337868027368,15.319412721353158,16.45708573311826,17.59803592797783
1.0688357912198498,2.1501587424653668,3.241420089985114,4.303949546702767,5.482361907305972,6.49742352696909,7.705356670416287,8.741257181360004,9.876310353097347,10.953243032996577,11.946360998381573,13.05512117487509,14.131337868027368,15.319412721353158,16.45708573311826,17.59803592797783
1.0688357912198498,2.1501587424653668,3.241420089985114,4.303949546702767,5.482361907305972,6.49742352696909,7.705356670416287,8.741257181360004,9.876310353097347,10.953243032996577,11.946360998381573,13.05512117487509,14.131337868027368,15.319412721353158,16.45708573311826,17.59803592797783
1.0688357912198498,2.1501587424653668,3.241420089985114,4.303949546702767,5.482361907305972,6.49742352696909,7.705356670416287,8.741257181360004,9.876310353097347,10.953243032996577,11.946360998381573,13.05512117487509,14.131337868027368,15.319412721353158,16.45708573311826,17.59803592797783
1.0688357912198498,2.1501587424653668,3.241420089985114,4.303949546702767,5.482361907305972,6.49742352696909,7.705356670416287,8.741257181360004,9.876310353097347,10.953243032996577,11.946360998381573,13.05512117487509,14.131337868027368,15.319412721353158,16.45708573311826,17.59803592797783
1.0688357912198498,2.1501587424653668,3.241420089985114,4.303949546702767,5.482361907305972,6.49742352696909,7.705356670416287,8.741257181360004,9.876310353097347,10.953243032996577,11.946360998381573,13.05512117487509,14.131337868027368,15.319412721353158,16.45708573311826,17.59803592797783
1.0688357912198498,2.1501587424653668,3.241420089985114,4.303949546702767,5.482361907305972,6.49742352696909,7.705356670416287,8.741257181360004,9.876310353097347,10.953243032996577,11.946360998381573,13.05512117487509,14.131337868027368,15.319412721353158,16.45708573311826,17.59803592797783
1.0688357912198498,2.1501587424653668,3.241420089985114,4.303949546702767,5.482361907305972,6.49742352696909,7.705356670416287,8.741257181360004,9.876310353097347,10.953243032996577,11.946360998381573,13.05512117487509,14.131337868027368,15.319412721353158,16.45708573311826,17.59803592797783
1.0688357912198498,2.1501587424653668,3.241420089985114,4.303949546702767,5.482361907305972,6.49742352696909,7.705356670416287,8.741257181360004,9.876310353097347,10.953243032996577,11.946360998381573,13.05512117487509,14.131337868027368,15.319412721353158,16.45708573311826,17.59803592797783
1.0688357912198498,2.1501587424653668,3.241420089985114,4.303949546702767,5.482361907305972,6.49742352696909,7.705356670416287,8.741257181360004,9.876310353097347,10.953243032996577,11.946360998381573,13.05512117487509,14.131337868027368,15.319412721353158,16.45708573311826,17.59803592797783
1.0688357912198498,2.1501587424653668,3.241420089985114,4.303949546702767,5.482361907305972,6.49742352696909,7.705356670416287,8.741257181360004,9.876310353097347,10.953243032996577,11.946360998381573,13.05512117487509,14.131337868027368,15.319412721353158,16.45708573311826,17.59803592797783
1.0688357912198498,2.1501587424653668,3.241420089985114,4.303949546702767,5.482361907305972,6.49742352696909,7.705356670416287,8.741257181360004,9.876310353097347,10.953243032996577,11.946360998381573,13.05512117487509,14.131337868027368,15.319412721353158,16.45708573311826,17.59803592797783
-1600.0,-1600.0,-1600.0,-1600.0,-1600.0,-1600.0,-1600.0,-1600.0,-1600.0,-1600.0,-1600.0,-1600.0,-1600.0,-1600.0,-1600.0,-1600.0
1.029131618294965,2.0489767627173165,3.0983392327326107,4.056629096441667,5.184789471507399,6.207930750078567,7.312308064499712,8.260582767440706,9.326404857412362,10.348689471596916,11.095067030845154,11.988896685816561,13.320413557191037,14.245869686213307,15.574449296647536,16.822689674117274
0.9923116563796411,2.0371102904710963,3.0058815942848844,3.9836647961213245,4.996310919619714,5.956180645009569,7.134369005969662,7.973709266352951,8.9557534146083,10.04423595519486,11.009978073290588,11.907780846193653,12.836594420517594,14.12345100576509,14.998647983202385,16.1222877505931
0.9929273472859936,2.0241954502360566,2.990205504778868,3.996576984542388,5.072050205050742,5.987565979892226,7.151511935597367,8.071268435017943,9.039507944845203,10.053642206364426,11.085068726358855,11.967226881290516,13.02967335202511,14.220800628130375,15.195706610301148,16.358634620451568
1.0001836733854503,2.022159905254494,3.0388907577391686,4.060838863236803,5.193671565926661,6.113556242270767,7.249699324624901,8.238413982756622,9.246879203550519,10.262312027359464,11.214199803654939,12.187559153682686,13.32835296074882,14.423381010816124,15.493015752259142,16.664165233997853
1.0187971253664776,2.071388764419057,3.0574237289143897,4.09989674667126,5.213696076441591,6.218645579524234,7.334015440502792,8.311849514122482,9.340002203825033,10.360481799858187,11.350944662085407,12.382241526807091,13.487784399108238,14.533116066496744,15.800313940116649,16.88751509954289
1.0323850494050326,2.0830367876665106,3.087747617669717,4.148595260147001,5.262349008798156,6.286310309126533,7.430097101449679,8.420940543436279,9.488063848942446,10.510076391133186,11.41905422915727,12.602552331534307,13.6002631637619,14.69632342739805,15.917485775908156,16.993313863463836
1.0418316978093767,2.1070664202443217,3.1368040450185486,4.192642168900192,5.334684233615734,6.30861977693061,7.496760010027319,8.540707708478605,9.56307162923842,10.585606491690488,11.571175239381258,12.68951466319164,13.77773519615258,14.896058892280333,16.048346897752502,17.233924694524397
1.0454326503704272,2.1121106553927915,3.1678779551013876,4.226919131109628,5.381192772827073,6.350726785050186,7.55719552437175,8.56064771433991,9.667305922972128,10.673197152312598,11.67360271717676,12.797215374323667,13.87302940063142,14.982593001370718,16.155746186179016,17.318737430088927
1.0530104309720256,2.123706653238794,3.2025360766061186,4.252739247768379,5.408557750612543,6.400201097672196,7.617954299691927,8.631973894119561,9.706969307225046,10.766391324914148,11.746938814801183,12.888326314226843,13.986738637702608,15.121585161421653,16.23712464617261,17.4245490888342
1.054134843206248,2.1383015194171215,3.2096346850345414,4.25953076114362,5.426753981849015,6.420592879283939,7.621678250473545,8.670370008581319,9.752880973072866,10.778030747403315,11.816085090659884,12.953613134673565,14.010964647758192,15.187015625753922,16.330966589752656,17.47842015193353
1.0570595280154362,2.134773553843505,3.21880084986074,4.261260919965501,5.44351168344085,6.447860862273862,7.632076442441684,8.697042933710392,9.8034600733306,10.81071964677437,11.827309871132988,12.994308102424604,14.021617330151901,15.235989214966649,16.382519342005587,17.512902217691483
1.0643250239090112,2.149452511635185,3.232674546192783,4.284690465932111,5.470757089814819,6.46890823278829,7.668538967861105,8.72932573181728,9.836253335740297,10.854803541929904,11.907896079753447,13.050681039882434,14.085317288279034,15.27999920953327,16.466074334457286,17.584500572892566
1.0648735165603336,2.1496873998398667,3.232739299521499,4.2909380477032615,5.473058057533244,6.49273735877886,7.669202524437708,8.728052394511373,9.853358623786978,10.872303625007783,11.929460380626018,13.030961335348321,14.109047066594341,15.290144156734613,16.48129347557835,17.591135127158452
1.0643828707434082,2.147288878166703,3.2344376177716536,4.293347710236902,5.47066494740786,6.477016492982423,7.677611090176005,8.715169348764949,9.850504706850383,10.879736490908124,11.898906357630711,13.030558258376368,14.09996988285376,15.282110153500744,16.445317115034904,17.59084586208912
1.0655289585653938,2.150406968543587,3.235654451243525,4.296988338930285,5.47959397100814,6.486128412793835,7.679930154707012,8.733168848038877,9.856888157647829,10.90657044886016,11.91304339833302,13.043938548620071,14.120968654352447,15.2844402727178,16.464083491098425,17.622952472464675
1.0657392781462933,2.1503426718873175,3.2356298506248224,4.295799874481507,5.473261828376297,6.485153364981716,7.684599596285925,8.72478364358432,9.861390641791738,10.905905122461515,11.912738453932855,13.042017657764502,14.123188781978461,15.283797012254087,16.46370263100152,17.60598673558983
1.0657392781462933,2.1503426718873175,3.2356298506248224,4.295799874481507,5.473261828376297,6.485153364981716,7.684599596285925,8.72478364358432,9.861390641791738,10.905905122461515,11.912738453932855,13.042017657764502,14.123188781978461,15.283797012254087,16.46370263100152,17.60598673558983
1.0657392781462933,2.1503426718873175,3.2356298506248224,4.295799874481507,5.473261828376297,6.485153364981716,7.684599596285925,8.72478364358432,9.861390641791738,10.905905122461515,11.912738453932855,13.042017657764502,14.123188781978461,15.283797012254087,16.46370263100152,17.60598673558983
1.0657392781462933,2.1503426718873175,3.2356298506248224,4.295799874481507,5.473261828376297,6.485153364981716,7.684599596285925,8.72478364358432,9.861390641791738,10.905905122461515,11.912738453932855,13.042017657764502,14.123188781978461,15.283797012254087,16.46370263100152,17.60598673558983
1.0657392781462933,2.1503426718873175,3.2356298506248224,4.295799874481507,5.473261828376297,6.485153364981716,7.684599596285925,8.72478364358432,9.861390641791738,10.905905122461515,11.912738453932855,13.042017657764502,14.123188781978461,15.283797012254087,16.46370263100152,17.60598673558983
1.0657392781462933,2.1503426718873175,3.2356298506248224,4.295799874481507,5.473261828376297,6.485153364981716,7.684599596285925,8.72478364358432,9.861390641791738,10.905905122461515,11.912738453932855,13.042017657764502,14.123188781978461,15.283797012254087,16.46370263100152,17.60598673558983
1.0657392781462933,2.1503426718873175,3.2356298506248224,4.295799874481507,5.473261828376297,6.485153364981716,7.684599596285925,8.72478364358432,9.861390641791738,10.905905122461515,11.912738453932855,13.042017657764502,14.123188781978461,15.283797012254087,16.46370263100152,17.60598673558983
1.0657392781462933,2.1503426718873175,3.2356298506248224,4.295799874481507,5.473261828376297,6.485153364981716,7.684599596285925,8.72478364358432,9.861390641791738,10.905905122461515,11.912738453932855,13.042017657764502,14.123188781978461,15.283797012254087,16.46370263100152,17.60598673558983
1.0657392781462933,2.1503426718873175,3.2356298506248224,4.295799874481507,5.473261828376297,6.485153364981716,7.684599596285925,8.72478364358432,9.861390641791738,10.905905122461515,11.912738453932855,13.042017657764502,14.123188781978461,15.283797012254087,16.46370263100152,17.60598673558983
1.0657392781462933,2.1503426718873175,3.2356298506248224,4.295799874481507,5.473261828376297,6.485153364981716,7.684599596285925,8.72478364358432,9.861390641791738,10.905905122461515,11.912738453932855,13.042017657764502,14.123188781978461,15.283797012254087,16.46370263100152,17.60598673558983
1.0657392781462933,2.1503426718873175,3.2356298506248224,4.295799874481507,5.473261828376297,6.485153364981716,7.684599596285925,8.72478364358432,9.861390641791738,10.905905122461515,11.912738453932855,13.042017657764502,14.123188781978461,15.283797012254087,16.46370263100152,17.60598673558983
1.0657392781462933,2.1503426718873175,3.2356298506248224,4.295799874481507,5.473261828376297,6.485153364981716,7.684599596285925,8.72478364358432,9.861390641791738,10.905905122461515,11.912738453932855,13.042017657764502,14.123188781978461,15.283797012254087,16.46370263100152,17.60598673558983
1.0657392781462933,2.1503426718873175,3.2356298506248224,4.295799874481507,5.473261828376297,6.485153364981716,7.684599596285925,8.72478364358432,9.861390641791738,10.905905122461515,11.912738453932855,13.042017657764502,14.123188781978461,15.283797012254087,16.46370263100152,17.60598673558983
1.0657392781462933,2.1503426718873175,3.2356298506248224,4.295799874481507,5.473261828376297,6.485153364981716,7.684599596285925,8.72478364358432,9.861390641791738,10.905905122461515,11.912738453932855,13.042017657764502,14.123188781978461,15.283797012254087,16.46370263100152,17.60598673558983
1.0657392781462933,2.1503426718873175,3.2356298506248224,4.295799874481507,5.473261828376297,6.485153364981716,7.684599596285925,8.72478364358432,9.861390641791738,10.905905122461515,11.912738453932855,13.042017657764502,14.123188781978461,15.283797012254087,16.46370263100152,17.60598673558983
1.0657392781462933,2.1503426718873175,3.2356298506248224,4.295799874481507,5.473261828376297,6.485153364981716,7.684599596285925,8.72478364358432,9.861390641791738,10.905905122461515,11.912738453932855,13.042017657764502,14.123188781978461,15.283797012254087,16.46370263100152,17.60598673558983
1.0657392781462933,2.1503426718873175,3.2356298506248224,4.295799874481507,5.473261828376297,6.485153364981716,7.684599596285925,8.72478364358432,9.861390641791738,10.905905122461515,11.912738453932855,13.042017657764502,14.123188781978461,15.283797012254087,16.46370263100152,17.60598673558983
1.0657392781462933,2.1503426718873175,3.2356298506248224,4.295799874481507,5.473261828376297,6.485153364981716,7.684599596285925,8.72478364358432,9.861390641791738,10.905905122461515,11.912738453932855,13.042017657764502,14.123188781978461,15.283797012254087,16.46370263100152,17.60598673558983
1.0657392781462933,2.1503426718873175,3.2356298506248224,4.295799874481507,5.473261828376297,6.485153364981716,7.684599596285925,8.72478364358432,9.861390641791738,10.905905122461515,11.912738453932855,13.042017657764502,14.123188781978461,15.283797012254087,16.46370263100152,17.60598673558983
1.0657392781462933,2.1503426718873175,3.2356298506248224,4.295799874481507,5.473261828376297,6.485153364981716,7.684599596285925,8.72478364358432,9.861390641791738,10.905905122461515,11.912738453932855,13.042017657764502,14.123188781978461,15.283797012254087,16.46370263100152,17.60598673558983
1.0657392781462933,2.1503426718873175,3.2356298506248224,4.295799874481507,5.473261828376297,6.485153364981716,7.684599596285925,8.72478364358432,9.861390641791738,10.905905122461515,11.912738453932855,13.042017657764502,14.123188781978461,15.283797012254087,16.46370263100152,17.60598673558983
1.0657392781462933,2.1503426718873175,3.2356298506248224,4.295799874481507,5.473261828376297,6.485153364981716,7.684599596285925,8.72478364358432,9.861390641791738,10.905905122461515,11.912738453932855,13.042017657764502,14.123188781978461,15.283797012254087,16.46370263100152,17.60598673558983
1.0657392781462933,2.1503426718873175,3.2356298506248224,4.295799874481507,5.473261828376297,6.485153364981716,7.684599596285925,8.72478364358432,9.861390641791738,10.905905122461515,11.912738453932855,13.042017657764502,14.123188781978461,15.283797012254087,16.46370263100152,17.60598673558983
1.0657392781462933,2.1503426718873175,3.2356298506248224,4.295799874481507,5.473261828376297,6.485153364981716,7.684599596285925,8.72478364358432,9.861390641791738,10.905905122461515,11.912738453932855,13.042017657764502,14.123188781978461,15.283797012254087,16.46370263100152,17.60598673558983
1.0657392781462933,2.1503426718873175,3.2356298506248224,4.295799874481507,5.473261828376297,6.485153364981716,7.684599596285925,8.72478364358432,9.861390641791738,10.905905122461515,11.912738453932855,13.042017657764502,14.123188781978461,15.283797012254087,16.46370263100152,17.60598673558983
-1600.0,-1600.0,-1600.0,-1600.0,-1600.0,-1600.0,-1600.0,-1600.0,-1600.0,-1600.0,-1600.0,-1600.0,-1600.0,-1600.0,-1600.0,-1600.0
1.0307948359312193,2.052863973043043,3.0962434532977507,4.0597578190685555,5.182319596827364,6.215411513504723,7.298320609620379,8.25692579267742,9.329159204258504,10.347438136839157,11.100578066950117,11.989468752031938,13.301322621628946,14.259938782076647,15.565990949379435,16.81077832437446
0.9933209801647885,2.0365266016506145,3.000105979439598,3.9807777727844775,4.992520407993308,5.935414636676214,7.1235929550184105,7.983661063469105,8.949503896078665,10.029259192805428,10.992116850816474,11.936168844111773,12.855252957954383,14.12819658444561,15.018019007299257,16.092310899348675
0.995172874177665,2.030840725256527,2.993927047389337,3.999221590624401,5.059685854679486,5.976941395291414,7.142250683299493,8.079159405028348,9.04501526505488,10.045376668872896,11.108529301724024,11.962784332621508,13.024609810067043,14.23022635674135,15.218901078190537,16.311675428313805
1.0027246159103034,2.02982619931208,3.037492855964469,4.060418750951562,5.173784773080484,6.115119217287185,7.24598217002075,8.2447213271364,9.25132367964928,10.259533125369611,11.247644227019142,12.174682982043025,13.343961779400415,14.430116534756696,15.497268423870912,16.600939674008398
1.0228640901999508,2.0766774943511197,3.059959739970877,4.1027125924598975,5.197123127389344,6.221570690606829,7.324877208451993,8.30692744340472,9.334926104736173,10.367444247987688,11.368202716207994,12.373179840917425,13.492068495806476,14.549265105784256,15.774912843896505,16.82504388396955
1.0367807523524093,2.086737547539006,3.094661734920176,4.158651191648626,5.25234508005154,6.299024944699487,7.4265004059314474,8.415460838746249,9.480485837800599,10.520962640673229,11.449929565014266,12.595076926444095,13.633272697314688,14.691124056330517,15.934445980453011,16.950640935236667
1.045744465237929,2.108008245821738,3.1415296074002548,4.205958485945659,5.323966058826277,6.323721467456893,7.499058401156026,8.534779382355874,9.559621782667012,10.613365578107562,11.601946460248746,12.668070838213975,13.820242427521762,14.907483656493575,16.09896623825824,17.213012385126145
1.0503478683226093,2.116198862215333,3.17196765056312,4.242977718376838,5.3760829774821115,6.3690522147778434,7.565851261288908,8.573000953457536,9.67133190496193,10.705010327990141,11.699878277264904,12.780848342385815,13.91179785792207,14.98353174950012,16.203019004583492,17.30136487949738
1.05641884009963,2.1244681915310806,3.2019489169916655,4.265478539916027,5.403404311304652,6.411113333251149,7.623300770717322,8.642012413803235,9.712024891331746,10.788659703105804,11.764446612675096,12.860379921741123,14.0199395787413,15.10997688383669,16.271438371812845,17.40645277801123
1.0574308111104287,2.137603571091576,3.2083376645772477,4.271590901953738,5.419780919417478,6.429465936701717,7.6266523264207855,8.676568916818821,9.753345390594786,10.799135183346046,11.826678260947919,12.919138060143151,14.041742987791327,15.168864301735733,16.35589612103489,17.45493673480063
1.0600630274386977,2.1344284020753186,3.2165872129208304,4.2731480448934205,5.434862850850134,6.4540071213926415,7.636010699192114,8.700574549434986,9.798866580826749,10.828555192780021,11.836780563373729,12.95576353111909,14.051330401945675,15.212940532027194,16.402293598062514,17.48597059398279
1.0666019737429155,2.1476394640878307,3.2290735396196686,4.294234636263374,5.459383716586692,6.472949754855627,7.66882697206959,8.72962906773119,9.828380516995482,10.868230698419984,11.909308151132127,13.006499174831145,14.108660364260086,15.252549527137152,16.47749309126904,17.550409113663747
1.067095617129106,2.1478508634720432,3.229131817615512,4.299857459857407,5.461454587533285,6.494395968247137,7.669424172988529,8.728483064155872,9.843775276237485,10.883980773190077,11.92871602191744,12.98875144075044,14.130017164743865,15.261679979618354,16.491190318278008,17.556380212503065
1.0666540358938743,2.145692193966197,3.23066030404065,4.302026156137689,5.459300788420437,6.480247189030342,7.6769918821529926,8.716888322984092,9.841206750994553,10.890670352500393,11.901217401221663,12.98838867147568,14.121847699377339,15.254449376707868,16.45881159378891,17.556119873940656
1.0676855149336606,2.148498475305393,3.231755454165335,4.305302721961731,5.467336909660691,6.488447916860613,7.6790790402309,8.733087872330625,9.846951856712248,10.91482091465721,11.913940737853741,13.000430932695012,14.140746593726156,15.256546484003223,16.475701332246075,17.585015823278656
1.0678748025564706,2.1484406083147496,3.231733313608502,4.304233103957831,5.461637981292034,6.487570373829707,7.683281537651926,8.725541188321527,9.851004092441766,10.91422212089843,11.913666287893593,12.998702130925,14.142744708589575,15.255967549585884,16.47535855815886,17.569746660091297
1.0678748025564706,2.1484406083147496,3.231733313608502,4.304233103957831,5.461637981292034,6.487570373829707,7.683281537651926,8.725541188321527,9.851004092441766,10.91422212089843,11.913666287893593,12.998702130925,14.142744708589575,15.255967549585884,16.47535855815886,17.569746660091297
1.0678748025564706,2.1484406083147496,3.231733313608502,4.304233103957831,5.461637981292034,6.487570373829707,7.683281537651926,8.725541188321527,9.851004092441766,10.91422212089843,11.913666287893593,12.998702130925,14.142744708589575,15.255967549585884,16.47535855815886,17.569746660091297
1.0678748025564706,2.1484406083147496,3.231733313608502,4.304233103957831,5.461637981292034,6.487570373829707,7.683281537651926,8.725541188321527,9.851004092441766,10.91422212089843,11.913666287893593,12.998702130925,14.142744708589575,15.255967549585884,16.47535855815886,17.569746660091297
1.0678748025564706,2.1484406083147496,3.231733313608502,4.304233103957831,5.461637981292034,6.487570373829707,7.683281537651926,8.725541188321527,9.851004092441766,10.91422212089843,11.913666287893593,12.998702130925,14.142744708589575,15.255967549585884,16.47535855815886,17.569746660091297
1.0678748025564706,2.1484406083147496,3.231733313608502,4.304233103957831,5.461637981292034,6.487570373829707,7.683281537651926,8.725541188321527,9.851004092441766,10.91422212089843,11.913666287893593,12.998702130925,14.142744708589575,15.255967549585884,16.47535855815886,17.569746660091297
1.0678748025564706,2.1484406083147496,3.231733313608502,4.304233103957831,5.461637981292034,6.487570373829707,7.683281537651926,8.725541188321527,9.851004092441766,10.91422212089843,11.913666287893593,12.998702130925,14.142744708589575,15.255967549585884,16.47535855815886,17.569746660091297
1.0678748025564706,2.1484406083147496,3.231733313608502,4.304233103957831,5.461637981292034,6.487570373829707,7.683281537651926,8.725541188321527,9.851004092441766,10.91422212089843,11.913666287893593,12.998702130925,14.142744708589575,15.255967549585884,16.47535855815886,17.569746660091297
1.0678748025564706,2.1484406083147496,3.231733313608502,4.304233103957831,5.461637981292034,6.487570373829707,7.683281537651926,8.725541188321527,9.851004092441766,10.91422212089843,11.913666287893593,12.998702130925,14.142744708589575,15.255967549585884,16.47535855815886,17.569746660091297
1.0678748025564706,2.1484406083147496,3.231733313608502,4.304233103957831,5.461637981292034,6.487570373829707,7.683281537651926,8.725541188321527,9.851004092441766,10.91422212089843,11.913666287893593,12.998702130925,14.142744708589575,15.255967549585884,16.47535855815886,17.569746660091297
1.0678748025564706,2.1484406083147496,3.231733313608502,4.304233103957831,5.461637981292034,6.487570373829707,7.683281537651926,8.725541188321527,9.851004092441766,10.91422212089843,11.913666287893593,12.998702130925,14.142744708589575,15.255967549585884,16.47535855815886,17.569746660091297
1.0678748025564706,2.1484406083147496,3.231733313608502,4.304233103957831,5.461637981292034,6.487570373829707,7.683281537651926,8.725541188321527,9.851004092441766,10.91422212089843,11.913666287893593,12.998702130925,14.142744708589575,15.255967549585884,16.47535855815886,17.569746660091297
1.0678748025564706,2.1484406083147496,3.231733313608502,4.304233103957831,5.461637981292034,6.487570373829707,7.683281537651926,8.725541188321527,9.851004092441766,10.91422212089843,11.913666287893593,12.998702130925,14.142744708589575,15.255967549585884,16.47535855815886,17.569746660091297
1.0678748025564706,2.1484406083147496,3.231733313608502,4.304233103957831,5.461637981292034,6.487570373829707,7.683281537651926,8.725541188321527,9.851004092441766,10.91422212089843,11.913666287893593,12.998702130925,14.142744708589575,15.255967549585884,16.47535855815886,17.569746660091297
1.0678748025564706,2.1484406083147496,3.231733313608502,4.304233103957831,5.461637981292034,6.487570373829707,7.683281537651926,8.725541188321527,9.851004092441766,10.91422212089843,11.913666287893593,12.998702130925,14.142744708589575,15.255967549585884,16.47535855815886,17.569746660091297
1.0678748025564706,2.1484406083147496,3.231733313608502,4.304233103957831,5.461637981292034,6.487570373829707,7.683281537651926,8.725541188321527,9.851004092441766,10.91422212089843,11.913666287893593,12.998702130925,14.142744708589575,15.255967549585884,16.47535855815886,17.569746660091297
1.0678748025564706,2.1484406083147496,3.231733313608502,4.304233103957831,5.461637981292034,6.487570373829707,7.683281537651926,8.725541188321527,9.851004092441766,10.91422212089843,11.913666287893593,12.998702130925,14.142744708589575,15.255967549585884,16.47535855815886,17.569746660091297
1.0678748025564706,2.1484406083147496,3.231733313608502,4.304233103957831,5.461637981292034,6.487570373829707,7.683281537651926,8.725541188321527,9.851004092441766,10.91422212089843,11.913666287893593,12.998702130925,14.142744708589575,15.255967549585884,16.47535855815886,17.569746660091297
1.0678748025564706,2.1484406083147496,3.231733313608502,4.304233103957831,5.461637981292034,6.487570373829707,7.683281537651926,8.725541188321527,9.851004092441766,10.91422212089843,11.913666287893593,12.998702130925,14.142744708589575,15.255967549585884,16.47535855815886,17.569746660091297
1.0678748025564706,2.1484406083147496,3.231733313608502,4.304233103957831,5.461637981292034,6.487570373829707,7.683281537651926,8.725541188321527,9.851004092441766,10.91422212089843,11.913666287893593,12.998702130925,14.142744708589575,15.255967549585884,16.47535855815886,17.569746660091297
1.0678748025564706,2.1484406083147496,3.231733313608502,4.304233103957831,5.461637981292034,6.487570373829707,7.683281537651926,8.725541188321527,9.851004092441766,10.91422212089843,11.913666287893593,12.998702130925,14.142744708589575,15.255967549585884,16.47535855815886,17.569746660091297
1.0678748025564706,2.1484406083147496,3.231733313608502,4.304233103957831,5.461637981292034,6.487570373829707,7.683281537651926,8.725541188321527,9.851004092441766,10.91422212089843,11.913666287893593,12.998702130925,14.142744708589575,15.255967549585884,16.47535855815886,17.569746660091297
1.0678748025564706,2.1484406083147496,3.231733313608502,4.304233103957831,5.461637981292034,6.487570373829707,7.683281537651926,8.725541188321527,9.851004092441766,10.91422212089843,11.913666287893593,12.998702130925,14.142744708589575,15.255967549585884,16.47535855815886,17.569746660091297
1.0678748025564706,2.1484406083147496,3.231733313608502,4.304233103957831,5.461637981292034,6.487570373829707,7.683281537651926,8.725541188321527,9.851004092441766,10.91422212089843,11.913666287893593,12.998702130925,14.142744708589575,15.255967549585884,16.47535855815886,17.569746660091297
1.0678748025564706,2.1484406083147496,3.231733313608502,4.304233103957831,5.461637981292034,6.487570373829707,7.683281537651926,8.725541188321527,9.851004092441766,10.91422212089843,11.913666287893593,12.998702130925,14.142744708589575,15.255967549585884,16.47535855815886,17.569746660091297
