Run,Iteration,agent-0,agent-1,agent-2,agent-3,agent-4,agent-5,agent-6,agent-7,agent-8,agent-9,agent-10,agent-11,agent-12,agent-13,agent-14,agent-15,agent-16,agent-17,agent-18,agent-19,agent-20,agent-21,agent-22,agent-23,agent-24,agent-25,agent-26,agent-27,agent-28,agent-29,agent-30,agent-31,agent-32,agent-33,agent-34,agent-35,agent-36,agent-37,agent-38,agent-39,agent-40,agent-41,agent-42,agent-43,agent-44,agent-45,agent-46,agent-47,agent-48,agent-49,agent-50,agent-51,agent-52,agent-53,agent-54,agent-55,agent-56,agent-57,agent-58,agent-59,agent-60,agent-61,agent-62,agent-63,agent-64,agent-65,agent-66,agent-67,agent-68,agent-69,agent-70,agent-71,agent-72,agent-73,agent-74,agent-75,agent-76,agent-77,agent-78,agent-79,agent-80,agent-81,agent-82,agent-83,agent-84,agent-85,agent-86,agent-87,agent-88,agent-89,agent-90,agent-91,agent-92,agent-93,agent-94,agent-95,agent-96,agent-97,agent-98,agent-99
0,0,11.0,0.4451339117640043,1.0,0.19251884941186037,2.0,0.1854845370606486,0.15624322518544298,2.0,0.3765728182035103,1.0,1.0,0.13297379201078796,0.1977835618122482,0.2062424637252589,0.23938001835437162,1.0,0.4727758060616625,2.0,0.4162592873633021,1.0,1.0,1.0,0.3304124764294619,3.0,4.0,2.0,2.0,0.204424758360772,3.0,12.0,3.0,1.0,0.13297379201078796,3.0,0.2380933267562514,9.0,0.187793439151141,0.13297379201078796,0.40874581367761453,0.18838405240318423,0.6648668622962692,2.0,0.24541882234062795,3.0,4.0,2.0,0.13297379201078796,1.0,0.13297379201078796,0.609080353744016,0.13297379201078796,2.0,1.0,1.0,0.1418467777927208,0.13297379201078796,0.36438766929279576,0.13297379201078796,0.13297379201078796,0.153381769529628,3.0,2.0,5.0,14.0,7.0,0.1665011626146503,4.0,3.0,0.13297379201078796,1.0,4.0,0.2826723653676326,2.0,0.20251096094951848,0.13297379201078796,5.0,2.0,1.0,2.0,2.0,9.0,0.3568585233533681,2.0,0.13297379201078796,2.0,1.0,3.0,3.0,0.13539458483683364,0.2982845263104289,5.0,3.0,0.1593363230465138,2.0,0.25546656446947225,0.3328437730411107,1.0,0.13297379201078796,2.0,0.13297379201078796
0,1,11.0,0.4451339117640043,1.0,6.0,1.0,0.1854845370606486,0.15624322518544298,2.0,0.3765728182035103,1.0,1.0,0.13297379201078796,0.1977835618122482,0.2062424637252589,0.23938001835437162,1.0,0.4727758060616625,2.0,0.4162592873633021,1.0,1.0,1.0,0.3304124764294619,3.0,4.0,2.0,2.0,0.204424758360772,3.0,12.0,3.0,1.0,0.13297379201078796,3.0,0.2380933267562514,9.0,0.187793439151141,0.13297379201078796,0.40874581367761453,0.18838405240318423,3.0,2.0,1.6398108078124372,5.0,11.0,3.0,2.0,2.0,0.13297379201078796,0.609080353744016,0.13297379201078796,4.0,5.0,1.0,0.1418467777927208,0.13297379201078796,0.36438766929279576,0.13297379201078796,0.13297379201078796,0.153381769529628,3.0,2.0,5.0,14.0,7.0,0.1665011626146503,4.0,3.0,0.13297379201078796,1.0,2.0,3.0,4.0,2.0,0.17274427497495815,5.0,0.13297379201078796,1.0,2.0,2.0,9.0,0.3568585233533681,2.0,0.13297379201078796,2.0,1.0,1.0,3.0,1.0,0.2982845263104289,5.0,3.0,0.1593363230465138,1.0,3.0,0.3328437730411107,1.0,0.14882762062171373,2.0,0.15433337343717524
0,2,11.0,0.4451339117640043,1.0,6.0,1.0,2.0,0.15624322518544298,2.0,0.3765728182035103,5.0,1.0,2.0,0.1977835618122482,2.0,0.23938001835437162,1.0,0.4727758060616625,5.0,6.0,1.0,1.0,1.0,0.3304124764294619,3.0,4.0,2.0,2.0,0.204424758360772,3.0,12.0,3.0,1.0,0.13297379201078796,3.0,0.2380933267562514,9.0,0.187793439151141,0.13297379201078796,0.40874581367761453,0.18838405240318423,3.0,2.0,1.6398108078124372,5.0,11.0,3.0,2.0,2.0,0.13297379201078796,0.609080353744016,0.13297379201078796,4.0,5.0,0.13947557348832806,3.0,0.13297379201078796,0.13297379201078796,0.22152747682602447,0.13297379201078796,1.0,3.0,2.0,5.0,14.0,7.0,0.1665011626146503,4.0,3.0,0.13297379201078796,1.0,2.0,3.0,4.0,2.0,0.17274427497495815,5.0,0.13297379201078796,0.17815874646749907,2.0,2.0,1.0,0.3568585233533681,2.0,0.13297379201078796,2.0,1.0,1.0,3.0,1.0,1.0,10.0,3.0,0.1593363230465138,1.0,3.0,0.13297379201078796,1.0,0.14882762062171373,2.0,0.13297379201078796
0,3,11.0,0.4451339117640043,1.0,7.0,1.0,2.0,0.15624322518544298,2.0,0.3765728182035103,5.0,1.0,2.0,0.1977835618122482,2.0,0.23938001835437162,1.0,0.4727758060616625,5.0,6.0,1.0,1.0,1.0,0.3304124764294619,3.0,4.0,2.0,2.0,0.204424758360772,3.0,12.0,3.0,1.0,0.13297379201078796,3.0,0.2380933267562514,9.0,0.187793439151141,0.13297379201078796,0.40874581367761453,0.22243993867683698,7.0,2.0,1.6398108078124372,5.0,11.0,3.0,1.0,3.0,0.13297379201078796,0.609080353744016,0.13297379201078796,0.17515709593146656,5.0,0.13947557348832806,3.0,0.13297379201078796,0.13297379201078796,0.22152747682602447,0.13297379201078796,1.0,3.0,2.0,5.0,14.0,7.0,0.1665011626146503,4.0,3.0,0.13297379201078796,1.0,4.0,3.0,4.0,2.0,0.1744632683840166,5.0,0.13297379201078796,0.17815874646749907,2.0,2.0,1.0,0.3568585233533681,2.0,0.13297379201078796,2.0,1.0,1.0,3.0,1.0,1.0,10.0,3.0,0.1593363230465138,1.0,3.0,0.13297379201078796,1.0,0.13745493422316812,2.0,0.15892945641721956
0,4,11.0,0.4451339117640043,1.0,6.0,1.0,2.0,0.15624322518544298,2.0,0.3765728182035103,5.0,1.0,4.0,0.16080177353941916,2.0,0.23938001835437162,1.0,0.4727758060616625,5.0,6.0,1.0,1.0,1.0,0.3304124764294619,3.0,4.0,2.0,2.0,0.204424758360772,3.0,12.0,3.0,1.0,0.13297379201078796,3.0,0.2380933267562514,9.0,0.187793439151141,0.13297379201078796,0.40874581367761453,0.22243993867683698,7.0,2.0,1.6398108078124372,5.0,11.0,3.0,0.13297379201078796,3.0,0.13297379201078796,5.0,0.14357822556014466,0.17515709593146656,5.0,0.18712814590036142,3.0,0.13297379201078796,0.13297379201078796,0.22152747682602447,2.0,1.0,3.0,2.0,5.0,14.0,7.0,0.1665011626146503,4.0,3.0,0.13297379201078796,1.0,4.0,3.0,4.0,2.0,0.13297379201078796,5.0,0.13297379201078796,0.14509723373191385,2.0,0.20217873937696973,5.0,0.3568585233533681,2.0,0.13297379201078796,2.0,1.0,1.0,3.0,1.0,0.20633672396888503,0.13297379201078796,3.0,0.1593363230465138,1.0,0.20417953641615227,0.15954428155516376,1.0,0.13297379201078796,2.0,0.13297379201078796
0,5,11.0,0.4451339117640043,1.0,6.0,1.0,2.0,0.15624322518544298,2.0,0.3765728182035103,5.0,1.0,4.0,0.16080177353941916,2.0,0.23938001835437162,1.0,0.4727758060616625,5.0,6.0,1.0,1.0,1.0,0.3304124764294619,3.0,4.0,2.0,2.0,0.204424758360772,3.0,12.0,3.0,1.0,0.13297379201078796,3.0,0.2380933267562514,9.0,0.187793439151141,0.13297379201078796,0.40874581367761453,0.22243993867683698,7.0,3.0,0.13297379201078796,6.0,11.0,3.0,0.13297379201078796,3.0,0.13297379201078796,5.0,0.14357822556014466,0.17515709593146656,5.0,0.18712814590036142,3.0,0.13297379201078796,0.13297379201078796,0.22152747682602447,2.0,1.0,3.0,2.0,5.0,14.0,7.0,0.1665011626146503,4.0,3.0,0.13297379201078796,1.0,4.0,3.0,4.0,2.0,0.13297379201078796,5.0,0.13297379201078796,0.14509723373191385,2.0,0.20217873937696973,5.0,0.3568585233533681,2.0,0.13297379201078796,2.0,1.0,1.0,3.0,1.0,0.20633672396888503,0.13297379201078796,3.0,0.1593363230465138,1.0,0.20417953641615227,0.15954428155516376,1.0,0.13297379201078796,2.0,0.13297379201078796
0,6,11.0,0.4451339117640043,1.0,2.0,1.0,2.0,0.15624322518544298,2.0,0.3765728182035103,5.0,1.0,4.0,0.16080177353941916,2.0,0.23938001835437162,1.0,0.4727758060616625,5.0,6.0,1.0,1.0,1.0,0.3304124764294619,0.13297379201078796,4.0,2.0,2.0,0.204424758360772,3.0,12.0,3.0,1.0,0.13297379201078796,3.0,0.2380933267562514,9.0,0.187793439151141,0.13297379201078796,0.40874581367761453,0.22243993867683698,7.0,3.0,0.13297379201078796,6.0,11.0,3.0,0.13297379201078796,3.0,0.13297379201078796,5.0,0.14357822556014466,0.13297379201078796,7.0,0.18712814590036142,3.0,0.13297379201078796,0.13297379201078796,0.22152747682602447,2.0,1.0,3.0,2.0,0.22127602937101576,14.0,7.0,0.1665011626146503,4.0,3.0,3.0,1.0,4.0,3.0,4.0,2.0,0.13297379201078796,5.0,0.13297379201078796,0.14509723373191385,2.0,0.20217873937696973,5.0,0.13297379201078796,1.0,0.13297379201078796,2.0,1.0,1.0,3.0,1.0,0.20633672396888503,0.13297379201078796,0.3096034680244364,0.1749965284595676,1.0,0.13297379201078796,0.15954428155516376,1.0,0.13297379201078796,0.13297379201078796,0.13297379201078796
0,7,11.0,0.4451339117640043,1.0,2.0,1.0,2.0,0.15624322518544298,2.0,0.3765728182035103,5.0,1.0,4.0,0.16080177353941916,2.0,0.23938001835437162,1.0,0.4727758060616625,5.0,6.0,1.0,1.0,1.0,0.3304124764294619,0.13297379201078796,5.0,2.0,2.0,0.204424758360772,3.0,12.0,3.0,1.0,0.13297379201078796,3.0,0.2380933267562514,9.0,0.187793439151141,0.13297379201078796,0.40874581367761453,0.22243993867683698,7.0,3.0,0.13297379201078796,6.0,11.0,3.0,0.13297379201078796,3.0,0.13297379201078796,5.0,0.14357822556014466,0.13297379201078796,7.0,2.0,3.0,0.13297379201078796,0.13297379201078796,0.22152747682602447,2.0,1.0,3.0,2.0,0.13297379201078796,14.0,7.0,0.1665011626146503,4.0,3.0,3.0,1.0,4.0,3.0,4.0,2.0,0.13297379201078796,5.0,0.13297379201078796,0.13297379201078796,2.0,0.20217873937696973,5.0,0.13297379201078796,2.0,0.13297379201078796,2.0,1.0,1.0,3.0,1.0,0.13297379201078796,0.13297379201078796,0.16571592202770502,0.1749965284595676,1.0,0.13297379201078796,0.14682783749821982,1.0,0.13297379201078796,0.13297379201078796,0.13297379201078796
0,8,11.0,0.4451339117640043,1.0,2.0,1.0,2.0,0.15624322518544298,2.0,0.3765728182035103,5.0,1.0,4.0,0.16080177353941916,2.0,0.23938001835437162,1.0,0.4727758060616625,5.0,6.0,1.0,1.0,1.0,0.3304124764294619,0.13297379201078796,5.0,2.0,2.0,0.204424758360772,3.0,12.0,3.0,1.0,0.13297379201078796,3.0,0.2380933267562514,9.0,0.187793439151141,0.13297379201078796,0.40874581367761453,0.22243993867683698,7.0,3.0,0.13297379201078796,6.0,11.0,3.0,0.13297379201078796,3.0,0.13297379201078796,5.0,0.14357822556014466,0.13297379201078796,7.0,2.0,3.0,0.13297379201078796,0.13297379201078796,0.22152747682602447,2.0,1.0,3.0,2.0,0.13297379201078796,14.0,7.0,0.1665011626146503,4.0,3.0,3.0,1.0,4.0,3.0,4.0,1.0,0.13297379201078796,5.0,0.13297379201078796,0.13297379201078796,2.0,0.20217873937696973,5.0,0.13297379201078796,1.0,0.13297379201078796,2.0,1.0,1.0,3.0,1.0,0.13297379201078796,0.13297379201078796,0.19091581149012615,0.1749965284595676,1.0,0.13297379201078796,0.14682783749821982,1.0,0.13297379201078796,0.13297379201078796,0.13297379201078796
0,9,11.0,0.4451339117640043,1.0,2.0,1.0,2.0,0.15624322518544298,2.0,0.3765728182035103,5.0,1.0,4.0,0.16080177353941916,2.0,0.23938001835437162,1.0,0.4727758060616625,5.0,6.0,1.0,1.0,1.0,0.3304124764294619,0.13297379201078796,5.0,2.0,2.0,0.204424758360772,3.0,12.0,3.0,1.0,0.13297379201078796,3.0,0.2380933267562514,9.0,0.187793439151141,0.13297379201078796,0.40874581367761453,0.22243993867683698,7.0,3.0,0.13297379201078796,6.0,11.0,3.0,0.13297379201078796,3.0,0.13297379201078796,5.0,0.14357822556014466,0.13297379201078796,7.0,2.0,3.0,0.13297379201078796,0.13297379201078796,0.22152747682602447,2.0,1.0,3.0,2.0,0.13297379201078796,14.0,7.0,0.1665011626146503,4.0,3.0,3.0,1.0,4.0,3.0,4.0,1.0,0.13297379201078796,5.0,0.13297379201078796,0.13297379201078796,2.0,0.20217873937696973,5.0,0.13297379201078796,1.0,0.13297379201078796,2.0,1.0,1.0,3.0,1.0,0.13297379201078796,0.13297379201078796,0.19091581149012615,0.1749965284595676,1.0,0.13297379201078796,0.14682783749821982,1.0,0.13297379201078796,0.13297379201078796,0.13297379201078796
0,10,11.0,0.4451339117640043,1.0,2.0,1.0,2.0,0.15624322518544298,2.0,0.3765728182035103,5.0,1.0,4.0,0.16080177353941916,2.0,0.23938001835437162,1.0,0.4727758060616625,5.0,6.0,1.0,1.0,1.0,0.3304124764294619,0.13297379201078796,5.0,2.0,2.0,0.204424758360772,3.0,12.0,3.0,1.0,0.13297379201078796,3.0,0.2380933267562514,9.0,0.187793439151141,0.13297379201078796,0.40874581367761453,0.22243993867683698,7.0,3.0,0.13297379201078796,6.0,11.0,3.0,0.13297379201078796,3.0,0.13297379201078796,5.0,0.14357822556014466,0.13297379201078796,7.0,2.0,3.0,0.13297379201078796,0.13297379201078796,0.22152747682602447,2.0,1.0,3.0,2.0,0.13297379201078796,14.0,7.0,0.1665011626146503,4.0,3.0,3.0,1.0,4.0,3.0,4.0,1.0,0.13297379201078796,5.0,0.13297379201078796,0.13297379201078796,2.0,0.20217873937696973,5.0,0.13297379201078796,1.0,0.13297379201078796,2.0,1.0,1.0,3.0,1.0,0.13297379201078796,0.13297379201078796,0.19091581149012615,0.1749965284595676,1.0,0.13297379201078796,0.14682783749821982,1.0,0.13297379201078796,0.13297379201078796,0.13297379201078796
0,11,11.0,0.4451339117640043,1.0,2.0,1.0,2.0,0.15624322518544298,2.0,0.3765728182035103,5.0,1.0,4.0,0.16080177353941916,2.0,0.23938001835437162,1.0,0.4727758060616625,5.0,6.0,1.0,1.0,1.0,0.3304124764294619,0.13297379201078796,5.0,2.0,2.0,0.204424758360772,3.0,12.0,3.0,1.0,0.13297379201078796,3.0,0.2380933267562514,9.0,0.187793439151141,0.13297379201078796,0.40874581367761453,0.22243993867683698,7.0,3.0,0.13297379201078796,6.0,11.0,3.0,0.13297379201078796,3.0,0.13297379201078796,5.0,0.14357822556014466,0.13297379201078796,7.0,2.0,3.0,0.13297379201078796,0.13297379201078796,0.22152747682602447,2.0,1.0,3.0,2.0,0.13297379201078796,14.0,7.0,0.1665011626146503,4.0,3.0,3.0,1.0,4.0,3.0,4.0,1.0,0.13297379201078796,5.0,0.13297379201078796,0.13297379201078796,2.0,0.20217873937696973,5.0,0.13297379201078796,1.0,0.13297379201078796,2.0,1.0,1.0,3.0,1.0,0.13297379201078796,0.13297379201078796,0.19091581149012615,0.1749965284595676,1.0,0.13297379201078796,0.14682783749821982,1.0,0.13297379201078796,0.13297379201078796,0.13297379201078796
0,12,11.0,0.4451339117640043,1.0,2.0,1.0,2.0,0.15624322518544298,2.0,0.3765728182035103,5.0,1.0,4.0,0.16080177353941916,2.0,0.23938001835437162,1.0,0.4727758060616625,5.0,6.0,1.0,1.0,1.0,0.3304124764294619,0.13297379201078796,5.0,2.0,2.0,0.204424758360772,3.0,12.0,3.0,1.0,0.13297379201078796,3.0,0.2380933267562514,9.0,0.187793439151141,0.13297379201078796,0.40874581367761453,0.22243993867683698,7.0,3.0,0.13297379201078796,6.0,11.0,3.0,0.13297379201078796,3.0,0.13297379201078796,5.0,0.14357822556014466,0.13297379201078796,7.0,2.0,3.0,0.13297379201078796,0.13297379201078796,0.22152747682602447,2.0,1.0,3.0,2.0,0.13297379201078796,14.0,7.0,0.1665011626146503,4.0,3.0,3.0,1.0,4.0,3.0,4.0,1.0,0.13297379201078796,5.0,0.13297379201078796,0.13297379201078796,2.0,0.20217873937696973,5.0,0.13297379201078796,1.0,0.13297379201078796,2.0,1.0,1.0,3.0,1.0,0.13297379201078796,0.13297379201078796,0.19091581149012615,0.1749965284595676,1.0,0.13297379201078796,0.14682783749821982,1.0,0.13297379201078796,0.13297379201078796,0.13297379201078796
0,13,11.0,0.4451339117640043,1.0,2.0,1.0,2.0,0.15624322518544298,2.0,0.3765728182035103,5.0,1.0,4.0,0.16080177353941916,2.0,0.23938001835437162,1.0,0.4727758060616625,5.0,6.0,1.0,1.0,1.0,0.3304124764294619,0.13297379201078796,5.0,2.0,2.0,0.204424758360772,3.0,12.0,3.0,1.0,0.13297379201078796,3.0,0.2380933267562514,9.0,0.187793439151141,0.13297379201078796,0.40874581367761453,0.22243993867683698,7.0,3.0,0.13297379201078796,6.0,11.0,3.0,0.13297379201078796,3.0,0.13297379201078796,5.0,0.14357822556014466,0.13297379201078796,7.0,2.0,3.0,0.13297379201078796,0.13297379201078796,0.22152747682602447,2.0,1.0,3.0,2.0,0.13297379201078796,14.0,7.0,0.1665011626146503,4.0,3.0,3.0,1.0,4.0,3.0,4.0,1.0,0.13297379201078796,5.0,0.13297379201078796,0.13297379201078796,2.0,0.20217873937696973,5.0,0.13297379201078796,1.0,0.13297379201078796,2.0,1.0,1.0,3.0,1.0,0.13297379201078796,0.13297379201078796,0.19091581149012615,0.1749965284595676,1.0,0.13297379201078796,0.14682783749821982,1.0,0.13297379201078796,0.13297379201078796,0.13297379201078796
0,14,11.0,0.4451339117640043,1.0,2.0,1.0,2.0,0.15624322518544298,2.0,0.3765728182035103,5.0,1.0,4.0,0.16080177353941916,2.0,0.23938001835437162,1.0,0.4727758060616625,5.0,6.0,1.0,1.0,1.0,0.3304124764294619,0.13297379201078796,5.0,2.0,2.0,0.204424758360772,3.0,12.0,3.0,1.0,0.13297379201078796,3.0,0.2380933267562514,9.0,0.187793439151141,0.13297379201078796,0.40874581367761453,0.22243993867683698,7.0,3.0,0.13297379201078796,6.0,11.0,3.0,0.13297379201078796,3.0,0.13297379201078796,5.0,0.14357822556014466,0.13297379201078796,7.0,2.0,3.0,0.13297379201078796,0.13297379201078796,0.22152747682602447,2.0,1.0,3.0,2.0,0.13297379201078796,14.0,7.0,0.1665011626146503,4.0,3.0,3.0,1.0,4.0,3.0,4.0,1.0,0.13297379201078796,5.0,0.13297379201078796,0.13297379201078796,2.0,0.20217873937696973,5.0,0.13297379201078796,1.0,0.13297379201078796,2.0,1.0,1.0,3.0,1.0,0.13297379201078796,0.13297379201078796,0.19091581149012615,0.1749965284595676,1.0,0.13297379201078796,0.14682783749821982,1.0,0.13297379201078796,0.13297379201078796,0.13297379201078796
0,15,11.0,0.4451339117640043,1.0,2.0,1.0,2.0,0.15624322518544298,2.0,0.3765728182035103,5.0,1.0,4.0,0.16080177353941916,2.0,0.23938001835437162,1.0,0.4727758060616625,5.0,6.0,1.0,1.0,1.0,0.3304124764294619,0.13297379201078796,5.0,2.0,2.0,0.204424758360772,3.0,12.0,3.0,1.0,0.13297379201078796,3.0,0.2380933267562514,9.0,0.187793439151141,0.13297379201078796,0.40874581367761453,0.22243993867683698,7.0,3.0,0.13297379201078796,6.0,11.0,3.0,0.13297379201078796,3.0,0.13297379201078796,5.0,0.14357822556014466,0.13297379201078796,7.0,2.0,3.0,0.13297379201078796,0.13297379201078796,0.22152747682602447,2.0,1.0,3.0,2.0,0.13297379201078796,14.0,7.0,0.1665011626146503,4.0,3.0,3.0,1.0,4.0,3.0,4.0,1.0,0.13297379201078796,5.0,0.13297379201078796,0.13297379201078796,2.0,0.20217873937696973,5.0,0.13297379201078796,1.0,0.13297379201078796,2.0,1.0,1.0,3.0,1.0,0.13297379201078796,0.13297379201078796,0.19091581149012615,0.1749965284595676,1.0,0.13297379201078796,0.14682783749821982,1.0,0.13297379201078796,0.13297379201078796,0.13297379201078796
0,16,11.0,0.4451339117640043,1.0,2.0,1.0,2.0,0.15624322518544298,2.0,0.3765728182035103,5.0,1.0,4.0,0.16080177353941916,2.0,0.23938001835437162,1.0,0.4727758060616625,5.0,6.0,1.0,1.0,1.0,0.3304124764294619,0.13297379201078796,5.0,2.0,2.0,0.204424758360772,3.0,12.0,3.0,1.0,0.13297379201078796,3.0,0.2380933267562514,9.0,0.187793439151141,0.13297379201078796,0.40874581367761453,0.22243993867683698,7.0,3.0,0.13297379201078796,6.0,11.0,3.0,0.13297379201078796,3.0,0.13297379201078796,5.0,0.14357822556014466,0.13297379201078796,7.0,2.0,3.0,0.13297379201078796,0.13297379201078796,0.22152747682602447,2.0,1.0,3.0,2.0,0.13297379201078796,14.0,7.0,0.1665011626146503,4.0,3.0,3.0,1.0,4.0,3.0,4.0,1.0,0.13297379201078796,5.0,0.13297379201078796,0.13297379201078796,2.0,0.20217873937696973,5.0,0.13297379201078796,1.0,0.13297379201078796,2.0,1.0,1.0,3.0,1.0,0.13297379201078796,0.13297379201078796,0.19091581149012615,0.1749965284595676,1.0,0.13297379201078796,0.14682783749821982,1.0,0.13297379201078796,0.13297379201078796,0.13297379201078796
0,17,11.0,0.4451339117640043,1.0,2.0,1.0,2.0,0.15624322518544298,2.0,0.3765728182035103,5.0,1.0,4.0,0.16080177353941916,2.0,0.23938001835437162,1.0,0.4727758060616625,5.0,6.0,1.0,1.0,1.0,0.3304124764294619,0.13297379201078796,5.0,2.0,2.0,0.204424758360772,3.0,12.0,3.0,1.0,0.13297379201078796,3.0,0.2380933267562514,9.0,0.187793439151141,0.13297379201078796,0.40874581367761453,0.22243993867683698,7.0,3.0,0.13297379201078796,6.0,11.0,3.0,0.13297379201078796,3.0,0.13297379201078796,5.0,0.14357822556014466,0.13297379201078796,7.0,2.0,3.0,0.13297379201078796,0.13297379201078796,0.22152747682602447,2.0,1.0,3.0,2.0,0.13297379201078796,14.0,7.0,0.1665011626146503,4.0,3.0,3.0,1.0,4.0,3.0,4.0,1.0,0.13297379201078796,5.0,0.13297379201078796,0.13297379201078796,2.0,0.20217873937696973,5.0,0.13297379201078796,1.0,0.13297379201078796,2.0,1.0,1.0,3.0,1.0,0.13297379201078796,0.13297379201078796,0.19091581149012615,0.1749965284595676,1.0,0.13297379201078796,0.14682783749821982,1.0,0.13297379201078796,0.13297379201078796,0.13297379201078796
0,18,11.0,0.4451339117640043,1.0,2.0,1.0,2.0,0.15624322518544298,2.0,0.3765728182035103,5.0,1.0,4.0,0.16080177353941916,2.0,0.23938001835437162,1.0,0.4727758060616625,5.0,6.0,1.0,1.0,1.0,0.3304124764294619,0.13297379201078796,5.0,2.0,2.0,0.204424758360772,3.0,12.0,3.0,1.0,0.13297379201078796,3.0,0.2380933267562514,9.0,0.187793439151141,0.13297379201078796,0.40874581367761453,0.22243993867683698,7.0,3.0,0.13297379201078796,6.0,11.0,3.0,0.13297379201078796,3.0,0.13297379201078796,5.0,0.14357822556014466,0.13297379201078796,7.0,2.0,3.0,0.13297379201078796,0.13297379201078796,0.22152747682602447,2.0,1.0,3.0,2.0,0.13297379201078796,14.0,7.0,0.1665011626146503,4.0,3.0,3.0,1.0,4.0,3.0,4.0,1.0,0.13297379201078796,5.0,0.13297379201078796,0.13297379201078796,2.0,0.20217873937696973,5.0,0.13297379201078796,1.0,0.13297379201078796,2.0,1.0,1.0,3.0,1.0,0.13297379201078796,0.13297379201078796,0.19091581149012615,0.1749965284595676,1.0,0.13297379201078796,0.14682783749821982,1.0,0.13297379201078796,0.13297379201078796,0.13297379201078796
0,19,11.0,0.4451339117640043,1.0,2.0,1.0,2.0,0.15624322518544298,2.0,0.3765728182035103,5.0,1.0,4.0,0.16080177353941916,2.0,0.23938001835437162,1.0,0.4727758060616625,5.0,6.0,1.0,1.0,1.0,0.3304124764294619,0.13297379201078796,5.0,2.0,2.0,0.204424758360772,3.0,12.0,3.0,1.0,0.13297379201078796,3.0,0.2380933267562514,9.0,0.187793439151141,0.13297379201078796,0.40874581367761453,0.22243993867683698,7.0,3.0,0.13297379201078796,6.0,11.0,3.0,0.13297379201078796,3.0,0.13297379201078796,5.0,0.14357822556014466,0.13297379201078796,7.0,2.0,3.0,0.13297379201078796,0.13297379201078796,0.22152747682602447,2.0,1.0,3.0,2.0,0.13297379201078796,14.0,7.0,0.1665011626146503,4.0,3.0,3.0,1.0,4.0,3.0,4.0,1.0,0.13297379201078796,5.0,0.13297379201078796,0.13297379201078796,2.0,0.20217873937696973,5.0,0.13297379201078796,1.0,0.13297379201078796,2.0,1.0,1.0,3.0,1.0,0.13297379201078796,0.13297379201078796,0.19091581149012615,0.1749965284595676,1.0,0.13297379201078796,0.14682783749821982,1.0,0.13297379201078796,0.13297379201078796,0.13297379201078796
0,20,11.0,0.4451339117640043,1.0,2.0,1.0,2.0,0.15624322518544298,2.0,0.3765728182035103,5.0,1.0,4.0,0.16080177353941916,2.0,0.23938001835437162,1.0,0.4727758060616625,5.0,6.0,1.0,1.0,1.0,0.3304124764294619,0.13297379201078796,5.0,2.0,2.0,0.204424758360772,3.0,12.0,3.0,1.0,0.13297379201078796,3.0,0.2380933267562514,9.0,0.187793439151141,0.13297379201078796,0.40874581367761453,0.22243993867683698,7.0,3.0,0.13297379201078796,6.0,11.0,3.0,0.13297379201078796,3.0,0.13297379201078796,5.0,0.14357822556014466,0.13297379201078796,7.0,2.0,3.0,0.13297379201078796,0.13297379201078796,0.22152747682602447,2.0,1.0,3.0,2.0,0.13297379201078796,14.0,7.0,0.1665011626146503,4.0,3.0,3.0,1.0,4.0,3.0,4.0,1.0,0.13297379201078796,5.0,0.13297379201078796,0.13297379201078796,2.0,0.20217873937696973,5.0,0.13297379201078796,1.0,0.13297379201078796,2.0,1.0,1.0,3.0,1.0,0.13297379201078796,0.13297379201078796,0.19091581149012615,0.1749965284595676,1.0,0.13297379201078796,0.14682783749821982,1.0,0.13297379201078796,0.13297379201078796,0.13297379201078796
0,21,11.0,0.4451339117640043,1.0,2.0,1.0,2.0,0.15624322518544298,2.0,0.3765728182035103,5.0,1.0,4.0,0.16080177353941916,2.0,0.23938001835437162,1.0,0.4727758060616625,5.0,6.0,1.0,1.0,1.0,0.3304124764294619,0.13297379201078796,5.0,2.0,2.0,0.204424758360772,3.0,12.0,3.0,1.0,0.13297379201078796,3.0,0.2380933267562514,9.0,0.187793439151141,0.13297379201078796,0.40874581367761453,0.22243993867683698,7.0,3.0,0.13297379201078796,6.0,11.0,3.0,0.13297379201078796,3.0,0.13297379201078796,5.0,0.14357822556014466,0.13297379201078796,7.0,2.0,3.0,0.13297379201078796,0.13297379201078796,0.22152747682602447,2.0,1.0,3.0,2.0,0.13297379201078796,14.0,7.0,0.1665011626146503,4.0,3.0,3.0,1.0,4.0,3.0,4.0,1.0,0.13297379201078796,5.0,0.13297379201078796,0.13297379201078796,2.0,0.20217873937696973,5.0,0.13297379201078796,1.0,0.13297379201078796,2.0,1.0,1.0,3.0,1.0,0.13297379201078796,0.13297379201078796,0.19091581149012615,0.1749965284595676,1.0,0.13297379201078796,0.14682783749821982,1.0,0.13297379201078796,0.13297379201078796,0.13297379201078796
0,22,11.0,0.4451339117640043,1.0,2.0,1.0,2.0,0.15624322518544298,2.0,0.3765728182035103,5.0,1.0,4.0,0.16080177353941916,2.0,0.23938001835437162,1.0,0.4727758060616625,5.0,6.0,1.0,1.0,1.0,0.3304124764294619,0.13297379201078796,5.0,2.0,2.0,0.204424758360772,3.0,12.0,3.0,1.0,0.13297379201078796,3.0,0.2380933267562514,9.0,0.187793439151141,0.13297379201078796,0.40874581367761453,0.22243993867683698,7.0,3.0,0.13297379201078796,6.0,11.0,3.0,0.13297379201078796,3.0,0.13297379201078796,5.0,0.14357822556014466,0.13297379201078796,7.0,2.0,3.0,0.13297379201078796,0.13297379201078796,0.22152747682602447,2.0,1.0,3.0,2.0,0.13297379201078796,14.0,7.0,0.1665011626146503,4.0,3.0,3.0,1.0,4.0,3.0,4.0,1.0,0.13297379201078796,5.0,0.13297379201078796,0.13297379201078796,2.0,0.20217873937696973,5.0,0.13297379201078796,1.0,0.13297379201078796,2.0,1.0,1.0,3.0,1.0,0.13297379201078796,0.13297379201078796,0.19091581149012615,0.1749965284595676,1.0,0.13297379201078796,0.14682783749821982,1.0,0.13297379201078796,0.13297379201078796,0.13297379201078796
0,23,11.0,0.4451339117640043,1.0,2.0,1.0,2.0,0.15624322518544298,2.0,0.3765728182035103,5.0,1.0,4.0,0.16080177353941916,2.0,0.23938001835437162,1.0,0.4727758060616625,5.0,6.0,1.0,1.0,1.0,0.3304124764294619,0.13297379201078796,5.0,2.0,2.0,0.204424758360772,3.0,12.0,3.0,1.0,0.13297379201078796,3.0,0.2380933267562514,9.0,0.187793439151141,0.13297379201078796,0.40874581367761453,0.22243993867683698,7.0,3.0,0.13297379201078796,6.0,11.0,3.0,0.13297379201078796,3.0,0.13297379201078796,5.0,0.14357822556014466,0.13297379201078796,7.0,2.0,3.0,0.13297379201078796,0.13297379201078796,0.22152747682602447,2.0,1.0,3.0,2.0,0.13297379201078796,14.0,7.0,0.1665011626146503,4.0,3.0,3.0,1.0,4.0,3.0,4.0,1.0,0.13297379201078796,5.0,0.13297379201078796,0.13297379201078796,2.0,0.20217873937696973,5.0,0.13297379201078796,1.0,0.13297379201078796,2.0,1.0,1.0,3.0,1.0,0.13297379201078796,0.13297379201078796,0.19091581149012615,0.1749965284595676,1.0,0.13297379201078796,0.14682783749821982,1.0,0.13297379201078796,0.13297379201078796,0.13297379201078796
0,24,11.0,0.4451339117640043,1.0,2.0,1.0,2.0,0.15624322518544298,2.0,0.3765728182035103,5.0,1.0,4.0,0.16080177353941916,2.0,0.23938001835437162,1.0,0.4727758060616625,5.0,6.0,1.0,1.0,1.0,0.3304124764294619,0.13297379201078796,5.0,2.0,2.0,0.204424758360772,3.0,12.0,3.0,1.0,0.13297379201078796,3.0,0.2380933267562514,9.0,0.187793439151141,0.13297379201078796,0.40874581367761453,0.22243993867683698,7.0,3.0,0.13297379201078796,6.0,11.0,3.0,0.13297379201078796,3.0,0.13297379201078796,5.0,0.14357822556014466,0.13297379201078796,7.0,2.0,3.0,0.13297379201078796,0.13297379201078796,0.22152747682602447,2.0,1.0,3.0,2.0,0.13297379201078796,14.0,7.0,0.1665011626146503,4.0,3.0,3.0,1.0,4.0,3.0,4.0,1.0,0.13297379201078796,5.0,0.13297379201078796,0.13297379201078796,2.0,0.20217873937696973,5.0,0.13297379201078796,1.0,0.13297379201078796,2.0,1.0,1.0,3.0,1.0,0.13297379201078796,0.13297379201078796,0.19091581149012615,0.1749965284595676,1.0,0.13297379201078796,0.14682783749821982,1.0,0.13297379201078796,0.13297379201078796,0.13297379201078796
0,25,11.0,0.4451339117640043,1.0,2.0,1.0,2.0,0.15624322518544298,2.0,0.3765728182035103,5.0,1.0,4.0,0.16080177353941916,2.0,0.23938001835437162,1.0,0.4727758060616625,5.0,6.0,1.0,1.0,1.0,0.3304124764294619,0.13297379201078796,5.0,2.0,2.0,0.204424758360772,3.0,12.0,3.0,1.0,0.13297379201078796,3.0,0.2380933267562514,9.0,0.187793439151141,0.13297379201078796,0.40874581367761453,0.22243993867683698,7.0,3.0,0.13297379201078796,6.0,11.0,3.0,0.13297379201078796,3.0,0.13297379201078796,5.0,0.14357822556014466,0.13297379201078796,7.0,2.0,3.0,0.13297379201078796,0.13297379201078796,0.22152747682602447,2.0,1.0,3.0,2.0,0.13297379201078796,14.0,7.0,0.1665011626146503,4.0,3.0,3.0,1.0,4.0,3.0,4.0,1.0,0.13297379201078796,5.0,0.13297379201078796,0.13297379201078796,2.0,0.20217873937696973,5.0,0.13297379201078796,1.0,0.13297379201078796,2.0,1.0,1.0,3.0,1.0,0.13297379201078796,0.13297379201078796,0.19091581149012615,0.1749965284595676,1.0,0.13297379201078796,0.14682783749821982,1.0,0.13297379201078796,0.13297379201078796,0.13297379201078796
0,26,11.0,0.4451339117640043,1.0,2.0,1.0,2.0,0.15624322518544298,2.0,0.3765728182035103,5.0,1.0,4.0,0.16080177353941916,2.0,0.23938001835437162,1.0,0.4727758060616625,5.0,6.0,1.0,1.0,1.0,0.3304124764294619,0.13297379201078796,5.0,2.0,2.0,0.204424758360772,3.0,12.0,3.0,1.0,0.13297379201078796,3.0,0.2380933267562514,9.0,0.187793439151141,0.13297379201078796,0.40874581367761453,0.22243993867683698,7.0,3.0,0.13297379201078796,6.0,11.0,3.0,0.13297379201078796,3.0,0.13297379201078796,5.0,0.14357822556014466,0.13297379201078796,7.0,2.0,3.0,0.13297379201078796,0.13297379201078796,0.22152747682602447,2.0,1.0,3.0,2.0,0.13297379201078796,14.0,7.0,0.1665011626146503,4.0,3.0,3.0,1.0,4.0,3.0,4.0,1.0,0.13297379201078796,5.0,0.13297379201078796,0.13297379201078796,2.0,0.20217873937696973,5.0,0.13297379201078796,1.0,0.13297379201078796,2.0,1.0,1.0,3.0,1.0,0.13297379201078796,0.13297379201078796,0.19091581149012615,0.1749965284595676,1.0,0.13297379201078796,0.14682783749821982,1.0,0.13297379201078796,0.13297379201078796,0.13297379201078796
0,27,11.0,0.4451339117640043,1.0,2.0,1.0,2.0,0.15624322518544298,2.0,0.3765728182035103,5.0,1.0,4.0,0.16080177353941916,2.0,0.23938001835437162,1.0,0.4727758060616625,5.0,6.0,1.0,1.0,1.0,0.3304124764294619,0.13297379201078796,5.0,2.0,2.0,0.204424758360772,3.0,12.0,3.0,1.0,0.13297379201078796,3.0,0.2380933267562514,9.0,0.187793439151141,0.13297379201078796,0.40874581367761453,0.22243993867683698,7.0,3.0,0.13297379201078796,6.0,11.0,3.0,0.13297379201078796,3.0,0.13297379201078796,5.0,0.14357822556014466,0.13297379201078796,7.0,2.0,3.0,0.13297379201078796,0.13297379201078796,0.22152747682602447,2.0,1.0,3.0,2.0,0.13297379201078796,14.0,7.0,0.1665011626146503,4.0,3.0,3.0,1.0,4.0,3.0,4.0,1.0,0.13297379201078796,5.0,0.13297379201078796,0.13297379201078796,2.0,0.20217873937696973,5.0,0.13297379201078796,1.0,0.13297379201078796,2.0,1.0,1.0,3.0,1.0,0.13297379201078796,0.13297379201078796,0.19091581149012615,0.1749965284595676,1.0,0.13297379201078796,0.14682783749821982,1.0,0.13297379201078796,0.13297379201078796,0.13297379201078796
0,28,11.0,0.4451339117640043,1.0,2.0,1.0,2.0,0.15624322518544298,2.0,0.3765728182035103,5.0,1.0,4.0,0.16080177353941916,2.0,0.23938001835437162,1.0,0.4727758060616625,5.0,6.0,1.0,1.0,1.0,0.3304124764294619,0.13297379201078796,5.0,2.0,2.0,0.204424758360772,3.0,12.0,3.0,1.0,0.13297379201078796,3.0,0.2380933267562514,9.0,0.187793439151141,0.13297379201078796,0.40874581367761453,0.22243993867683698,7.0,3.0,0.13297379201078796,6.0,11.0,3.0,0.13297379201078796,3.0,0.13297379201078796,5.0,0.14357822556014466,0.13297379201078796,7.0,2.0,3.0,0.13297379201078796,0.13297379201078796,0.22152747682602447,2.0,1.0,3.0,2.0,0.13297379201078796,14.0,7.0,0.1665011626146503,4.0,3.0,3.0,1.0,4.0,3.0,4.0,1.0,0.13297379201078796,5.0,0.13297379201078796,0.13297379201078796,2.0,0.20217873937696973,5.0,0.13297379201078796,1.0,0.13297379201078796,2.0,1.0,1.0,3.0,1.0,0.13297379201078796,0.13297379201078796,0.19091581149012615,0.1749965284595676,1.0,0.13297379201078796,0.14682783749821982,1.0,0.13297379201078796,0.13297379201078796,0.13297379201078796
0,29,11.0,0.4451339117640043,1.0,2.0,1.0,2.0,0.15624322518544298,2.0,0.3765728182035103,5.0,1.0,4.0,0.16080177353941916,2.0,0.23938001835437162,1.0,0.4727758060616625,5.0,6.0,1.0,1.0,1.0,0.3304124764294619,0.13297379201078796,5.0,2.0,2.0,0.204424758360772,3.0,12.0,3.0,1.0,0.13297379201078796,3.0,0.2380933267562514,9.0,0.187793439151141,0.13297379201078796,0.40874581367761453,0.22243993867683698,7.0,3.0,0.13297379201078796,6.0,11.0,3.0,0.13297379201078796,3.0,0.13297379201078796,5.0,0.14357822556014466,0.13297379201078796,7.0,2.0,3.0,0.13297379201078796,0.13297379201078796,0.22152747682602447,2.0,1.0,3.0,2.0,0.13297379201078796,14.0,7.0,0.1665011626146503,4.0,3.0,3.0,1.0,4.0,3.0,4.0,1.0,0.13297379201078796,5.0,0.13297379201078796,0.13297379201078796,2.0,0.20217873937696973,5.0,0.13297379201078796,1.0,0.13297379201078796,2.0,1.0,1.0,3.0,1.0,0.13297379201078796,0.13297379201078796,0.19091581149012615,0.1749965284595676,1.0,0.13297379201078796,0.14682783749821982,1.0,0.13297379201078796,0.13297379201078796,0.13297379201078796
0,30,11.0,0.4451339117640043,1.0,2.0,1.0,2.0,0.15624322518544298,2.0,0.3765728182035103,5.0,1.0,4.0,0.16080177353941916,2.0,0.23938001835437162,1.0,0.4727758060616625,5.0,6.0,1.0,1.0,1.0,0.3304124764294619,0.13297379201078796,5.0,2.0,2.0,0.204424758360772,3.0,12.0,3.0,1.0,0.13297379201078796,3.0,0.2380933267562514,9.0,0.187793439151141,0.13297379201078796,0.40874581367761453,0.22243993867683698,7.0,3.0,0.13297379201078796,6.0,11.0,3.0,0.13297379201078796,3.0,0.13297379201078796,5.0,0.14357822556014466,0.13297379201078796,7.0,2.0,3.0,0.13297379201078796,0.13297379201078796,0.22152747682602447,2.0,1.0,3.0,2.0,0.13297379201078796,14.0,7.0,0.1665011626146503,4.0,3.0,3.0,1.0,4.0,3.0,4.0,1.0,0.13297379201078796,5.0,0.13297379201078796,0.13297379201078796,2.0,0.20217873937696973,5.0,0.13297379201078796,1.0,0.13297379201078796,2.0,1.0,1.0,3.0,1.0,0.13297379201078796,0.13297379201078796,0.19091581149012615,0.1749965284595676,1.0,0.13297379201078796,0.14682783749821982,1.0,0.13297379201078796,0.13297379201078796,0.13297379201078796
0,31,11.0,0.4451339117640043,1.0,2.0,1.0,2.0,0.15624322518544298,2.0,0.3765728182035103,5.0,1.0,4.0,0.16080177353941916,2.0,0.23938001835437162,1.0,0.4727758060616625,5.0,6.0,1.0,1.0,1.0,0.3304124764294619,0.13297379201078796,5.0,2.0,2.0,0.204424758360772,3.0,12.0,3.0,1.0,0.13297379201078796,3.0,0.2380933267562514,9.0,0.187793439151141,0.13297379201078796,0.40874581367761453,0.22243993867683698,7.0,3.0,0.13297379201078796,6.0,11.0,3.0,0.13297379201078796,3.0,0.13297379201078796,5.0,0.14357822556014466,0.13297379201078796,7.0,2.0,3.0,0.13297379201078796,0.13297379201078796,0.22152747682602447,2.0,1.0,3.0,2.0,0.13297379201078796,14.0,7.0,0.1665011626146503,4.0,3.0,3.0,1.0,4.0,3.0,4.0,1.0,0.13297379201078796,5.0,0.13297379201078796,0.13297379201078796,2.0,0.20217873937696973,5.0,0.13297379201078796,1.0,0.13297379201078796,2.0,1.0,1.0,3.0,1.0,0.13297379201078796,0.13297379201078796,0.19091581149012615,0.1749965284595676,1.0,0.13297379201078796,0.14682783749821982,1.0,0.13297379201078796,0.13297379201078796,0.13297379201078796
0,32,11.0,0.4451339117640043,1.0,2.0,1.0,2.0,0.15624322518544298,2.0,0.3765728182035103,5.0,1.0,4.0,0.16080177353941916,2.0,0.23938001835437162,1.0,0.4727758060616625,5.0,6.0,1.0,1.0,1.0,0.3304124764294619,0.13297379201078796,5.0,2.0,2.0,0.204424758360772,3.0,12.0,3.0,1.0,0.13297379201078796,3.0,0.2380933267562514,9.0,0.187793439151141,0.13297379201078796,0.40874581367761453,0.22243993867683698,7.0,3.0,0.13297379201078796,6.0,11.0,3.0,0.13297379201078796,3.0,0.13297379201078796,5.0,0.14357822556014466,0.13297379201078796,7.0,2.0,3.0,0.13297379201078796,0.13297379201078796,0.22152747682602447,2.0,1.0,3.0,2.0,0.13297379201078796,14.0,7.0,0.1665011626146503,4.0,3.0,3.0,1.0,4.0,3.0,4.0,1.0,0.13297379201078796,5.0,0.13297379201078796,0.13297379201078796,2.0,0.20217873937696973,5.0,0.13297379201078796,1.0,0.13297379201078796,2.0,1.0,1.0,3.0,1.0,0.13297379201078796,0.13297379201078796,0.19091581149012615,0.1749965284595676,1.0,0.13297379201078796,0.14682783749821982,1.0,0.13297379201078796,0.13297379201078796,0.13297379201078796
0,33,11.0,0.4451339117640043,1.0,2.0,1.0,2.0,0.15624322518544298,2.0,0.3765728182035103,5.0,1.0,4.0,0.16080177353941916,2.0,0.23938001835437162,1.0,0.4727758060616625,5.0,6.0,1.0,1.0,1.0,0.3304124764294619,0.13297379201078796,5.0,2.0,2.0,0.204424758360772,3.0,12.0,3.0,1.0,0.13297379201078796,3.0,0.2380933267562514,9.0,0.187793439151141,0.13297379201078796,0.40874581367761453,0.22243993867683698,7.0,3.0,0.13297379201078796,6.0,11.0,3.0,0.13297379201078796,3.0,0.13297379201078796,5.0,0.14357822556014466,0.13297379201078796,7.0,2.0,3.0,0.13297379201078796,0.13297379201078796,0.22152747682602447,2.0,1.0,3.0,2.0,0.13297379201078796,14.0,7.0,0.1665011626146503,4.0,3.0,3.0,1.0,4.0,3.0,4.0,1.0,0.13297379201078796,5.0,0.13297379201078796,0.13297379201078796,2.0,0.20217873937696973,5.0,0.13297379201078796,1.0,0.13297379201078796,2.0,1.0,1.0,3.0,1.0,0.13297379201078796,0.13297379201078796,0.19091581149012615,0.1749965284595676,1.0,0.13297379201078796,0.14682783749821982,1.0,0.13297379201078796,0.13297379201078796,0.13297379201078796
0,34,11.0,0.4451339117640043,1.0,2.0,1.0,2.0,0.15624322518544298,2.0,0.3765728182035103,5.0,1.0,4.0,0.16080177353941916,2.0,0.23938001835437162,1.0,0.4727758060616625,5.0,6.0,1.0,1.0,1.0,0.3304124764294619,0.13297379201078796,5.0,2.0,2.0,0.204424758360772,3.0,12.0,3.0,1.0,0.13297379201078796,3.0,0.2380933267562514,9.0,0.187793439151141,0.13297379201078796,0.40874581367761453,0.22243993867683698,7.0,3.0,0.13297379201078796,6.0,11.0,3.0,0.13297379201078796,3.0,0.13297379201078796,5.0,0.14357822556014466,0.13297379201078796,7.0,2.0,3.0,0.13297379201078796,0.13297379201078796,0.22152747682602447,2.0,1.0,3.0,2.0,0.13297379201078796,14.0,7.0,0.1665011626146503,4.0,3.0,3.0,1.0,4.0,3.0,4.0,1.0,0.13297379201078796,5.0,0.13297379201078796,0.13297379201078796,2.0,0.20217873937696973,5.0,0.13297379201078796,1.0,0.13297379201078796,2.0,1.0,1.0,3.0,1.0,0.13297379201078796,0.13297379201078796,0.19091581149012615,0.1749965284595676,1.0,0.13297379201078796,0.14682783749821982,1.0,0.13297379201078796,0.13297379201078796,0.13297379201078796
0,35,11.0,0.4451339117640043,1.0,2.0,1.0,2.0,0.15624322518544298,2.0,0.3765728182035103,5.0,1.0,4.0,0.16080177353941916,2.0,0.23938001835437162,1.0,0.4727758060616625,5.0,6.0,1.0,1.0,1.0,0.3304124764294619,0.13297379201078796,5.0,2.0,2.0,0.204424758360772,3.0,12.0,3.0,1.0,0.13297379201078796,3.0,0.2380933267562514,9.0,0.187793439151141,0.13297379201078796,0.40874581367761453,0.22243993867683698,7.0,3.0,0.13297379201078796,6.0,11.0,3.0,0.13297379201078796,3.0,0.13297379201078796,5.0,0.14357822556014466,0.13297379201078796,7.0,2.0,3.0,0.13297379201078796,0.13297379201078796,0.22152747682602447,2.0,1.0,3.0,2.0,0.13297379201078796,14.0,7.0,0.1665011626146503,4.0,3.0,3.0,1.0,4.0,3.0,4.0,1.0,0.13297379201078796,5.0,0.13297379201078796,0.13297379201078796,2.0,0.20217873937696973,5.0,0.13297379201078796,1.0,0.13297379201078796,2.0,1.0,1.0,3.0,1.0,0.13297379201078796,0.13297379201078796,0.19091581149012615,0.1749965284595676,1.0,0.13297379201078796,0.14682783749821982,1.0,0.13297379201078796,0.13297379201078796,0.13297379201078796
0,36,11.0,0.4451339117640043,1.0,2.0,1.0,2.0,0.15624322518544298,2.0,0.3765728182035103,5.0,1.0,4.0,0.16080177353941916,2.0,0.23938001835437162,1.0,0.4727758060616625,5.0,6.0,1.0,1.0,1.0,0.3304124764294619,0.13297379201078796,5.0,2.0,2.0,0.204424758360772,3.0,12.0,3.0,1.0,0.13297379201078796,3.0,0.2380933267562514,9.0,0.187793439151141,0.13297379201078796,0.40874581367761453,0.22243993867683698,7.0,3.0,0.13297379201078796,6.0,11.0,3.0,0.13297379201078796,3.0,0.13297379201078796,5.0,0.14357822556014466,0.13297379201078796,7.0,2.0,3.0,0.13297379201078796,0.13297379201078796,0.22152747682602447,2.0,1.0,3.0,2.0,0.13297379201078796,14.0,7.0,0.1665011626146503,4.0,3.0,3.0,1.0,4.0,3.0,4.0,1.0,0.13297379201078796,5.0,0.13297379201078796,0.13297379201078796,2.0,0.20217873937696973,5.0,0.13297379201078796,1.0,0.13297379201078796,2.0,1.0,1.0,3.0,1.0,0.13297379201078796,0.13297379201078796,0.19091581149012615,0.1749965284595676,1.0,0.13297379201078796,0.14682783749821982,1.0,0.13297379201078796,0.13297379201078796,0.13297379201078796
0,37,11.0,0.4451339117640043,1.0,2.0,1.0,2.0,0.15624322518544298,2.0,0.3765728182035103,5.0,1.0,4.0,0.16080177353941916,2.0,0.23938001835437162,1.0,0.4727758060616625,5.0,6.0,1.0,1.0,1.0,0.3304124764294619,0.13297379201078796,5.0,2.0,2.0,0.204424758360772,3.0,12.0,3.0,1.0,0.13297379201078796,3.0,0.2380933267562514,9.0,0.187793439151141,0.13297379201078796,0.40874581367761453,0.22243993867683698,7.0,3.0,0.13297379201078796,6.0,11.0,3.0,0.13297379201078796,3.0,0.13297379201078796,5.0,0.14357822556014466,0.13297379201078796,7.0,2.0,3.0,0.13297379201078796,0.13297379201078796,0.22152747682602447,2.0,1.0,3.0,2.0,0.13297379201078796,14.0,7.0,0.1665011626146503,4.0,3.0,3.0,1.0,4.0,3.0,4.0,1.0,0.13297379201078796,5.0,0.13297379201078796,0.13297379201078796,2.0,0.20217873937696973,5.0,0.13297379201078796,1.0,0.13297379201078796,2.0,1.0,1.0,3.0,1.0,0.13297379201078796,0.13297379201078796,0.19091581149012615,0.1749965284595676,1.0,0.13297379201078796,0.14682783749821982,1.0,0.13297379201078796,0.13297379201078796,0.13297379201078796
0,38,11.0,0.4451339117640043,1.0,2.0,1.0,2.0,0.15624322518544298,2.0,0.3765728182035103,5.0,1.0,4.0,0.16080177353941916,2.0,0.23938001835437162,1.0,0.4727758060616625,5.0,6.0,1.0,1.0,1.0,0.3304124764294619,0.13297379201078796,5.0,2.0,2.0,0.204424758360772,3.0,12.0,3.0,1.0,0.13297379201078796,3.0,0.2380933267562514,9.0,0.187793439151141,0.13297379201078796,0.40874581367761453,0.22243993867683698,7.0,3.0,0.13297379201078796,6.0,11.0,3.0,0.13297379201078796,3.0,0.13297379201078796,5.0,0.14357822556014466,0.13297379201078796,7.0,2.0,3.0,0.13297379201078796,0.13297379201078796,0.22152747682602447,2.0,1.0,3.0,2.0,0.13297379201078796,14.0,7.0,0.1665011626146503,4.0,3.0,3.0,1.0,4.0,3.0,4.0,1.0,0.13297379201078796,5.0,0.13297379201078796,0.13297379201078796,2.0,0.20217873937696973,5.0,0.13297379201078796,1.0,0.13297379201078796,2.0,1.0,1.0,3.0,1.0,0.13297379201078796,0.13297379201078796,0.19091581149012615,0.1749965284595676,1.0,0.13297379201078796,0.14682783749821982,1.0,0.13297379201078796,0.13297379201078796,0.13297379201078796
0,39,11.0,0.4451339117640043,1.0,2.0,1.0,2.0,0.15624322518544298,2.0,0.3765728182035103,5.0,1.0,4.0,0.16080177353941916,2.0,0.23938001835437162,1.0,0.4727758060616625,5.0,6.0,1.0,1.0,1.0,0.3304124764294619,0.13297379201078796,5.0,2.0,2.0,0.204424758360772,3.0,12.0,3.0,1.0,0.13297379201078796,3.0,0.2380933267562514,9.0,0.187793439151141,0.13297379201078796,0.40874581367761453,0.22243993867683698,7.0,3.0,0.13297379201078796,6.0,11.0,3.0,0.13297379201078796,3.0,0.13297379201078796,5.0,0.14357822556014466,0.13297379201078796,7.0,2.0,3.0,0.13297379201078796,0.13297379201078796,0.22152747682602447,2.0,1.0,3.0,2.0,0.13297379201078796,14.0,7.0,0.1665011626146503,4.0,3.0,3.0,1.0,4.0,3.0,4.0,1.0,0.13297379201078796,5.0,0.13297379201078796,0.13297379201078796,2.0,0.20217873937696973,5.0,0.13297379201078796,1.0,0.13297379201078796,2.0,1.0,1.0,3.0,1.0,0.13297379201078796,0.13297379201078796,0.19091581149012615,0.1749965284595676,1.0,0.13297379201078796,0.14682783749821982,1.0,0.13297379201078796,0.13297379201078796,0.13297379201078796
1,0,1.0,0.4162592873633021,2.0,7.0,0.17151429702448084,0.3528260203296699,0.3553321425950856,3.0,3.0,3.0,2.0,2.0,3.0,0.4451339117640043,1.0,1.0,2.0,1.0,0.13297379201078796,0.13297379201078796,2.0,0.13297379201078796,0.3765728182035103,3.0,2.0,0.28812481949131385,1.0,0.18820724575586112,1.0,1.0,0.2699798438763664,0.2626175987741015,10.0,0.13297379201078796,1.0,0.2380933267562514,0.6648668622962692,1.0,2.0,0.13297379201078796,0.20447422082502698,0.23938001835437162,1.0,3.0,1.0,1.0,2.0,4.0,3.0,0.15365960686067093,13.0,0.13297379201078796,3.0,0.22506435239956912,0.36428877653456926,2.0,0.165802786830756,1.0,1.0,2.0,0.18952493069892484,3.0,2.0,1.0,4.0,0.13297379201078796,3.0,1.0,0.17884319690853157,0.19805927911461074,2.0,1.0,6.0,0.1742078340720541,2.0,6.0,0.2450932576300815,2.0,0.1543564996268858,0.6001924633317908,0.20927111511320073,0.13297379201078796,1.0,2.0,1.0,5.0,0.3517264325566999,1.0,1.0,2.0,5.0,0.2405644946980645,0.21424249257127193,0.7485565220707422,2.0,0.20401508663611168,0.5992794001709301,4.0,3.0,2.0
1,1,1.0,0.4162592873633021,2.0,7.0,0.17151429702448084,0.15242591168402497,3.0,0.1791827956524964,10.0,4.0,3.0,7.0,3.0,0.4451339117640043,0.39633326593607165,0.1566657725506332,5.0,5.0,0.13297379201078796,0.13297379201078796,0.13297379201078796,0.13297379201078796,0.3765728182035103,3.0,2.0,0.28812481949131385,1.0,0.18820724575586112,1.0,1.0,0.2699798438763664,0.2626175987741015,10.0,0.13297379201078796,1.0,0.2380933267562514,0.6648668622962692,1.0,2.0,0.13297379201078796,0.20447422082502698,0.23938001835437162,1.0,3.0,1.0,1.0,2.0,4.0,3.0,0.15365960686067093,13.0,0.13297379201078796,3.0,0.2003992530654216,2.0,1.0,0.46784479047603533,0.19614293360836133,1.0,4.0,0.16630559539603262,3.0,2.0,1.0,4.0,0.13297379201078796,3.0,1.0,0.17884319690853157,0.19805927911461074,2.0,1.0,6.0,0.1742078340720541,2.0,6.0,0.2450932576300815,5.0,4.0,0.13416427265536568,4.0,0.13297379201078796,1.0,2.0,1.0,5.0,0.3517264325566999,1.0,1.0,0.2629500728501557,3.0,0.2405644946980645,0.21424249257127193,0.7485565220707422,2.0,0.3561691585199037,0.5992794001709301,4.0,3.0,2.0
1,2,8.0,0.4162592873633021,2.0,4.0,0.17151429702448084,0.15242591168402497,3.0,0.1791827956524964,10.0,4.0,3.0,7.0,3.0,0.4451339117640043,0.39633326593607165,0.1566657725506332,5.0,5.0,0.13297379201078796,0.13297379201078796,0.13297379201078796,0.13297379201078796,0.3765728182035103,3.0,2.0,0.28812481949131385,1.0,0.18820724575586112,1.0,1.0,0.2699798438763664,0.2626175987741015,10.0,0.13297379201078796,1.0,0.2380933267562514,0.6648668622962692,1.0,2.0,0.13297379201078796,0.20447422082502698,5.0,3.0,3.0,0.21822183716627097,1.0,2.0,0.14013590032167988,3.0,2.0,13.0,0.13297379201078796,1.0,0.2003992530654216,2.0,1.0,0.46784479047603533,0.19614293360836133,1.0,4.0,0.16630559539603262,3.0,2.0,1.0,4.0,0.13297379201078796,3.0,1.0,0.17884319690853157,0.14348478120062025,2.0,1.0,1.0,2.0,0.18876108940340142,6.0,0.2481885919955813,5.0,4.0,0.13416427265536568,4.0,0.13297379201078796,1.0,2.0,1.0,0.26309460947714347,0.13318610422621702,1.0,3.0,0.2629500728501557,3.0,0.2405644946980645,0.21424249257127193,0.24671408437612974,2.0,0.3561691585199037,0.5992794001709301,0.15268675277135668,3.0,2.0
1,3,8.0,0.4162592873633021,2.0,4.0,0.17151429702448084,0.15242591168402497,3.0,0.1791827956524964,10.0,4.0,3.0,7.0,3.0,0.4451339117640043,0.39633326593607165,0.1566657725506332,5.0,5.0,0.13297379201078796,0.13297379201078796,0.13297379201078796,0.13297379201078796,0.3765728182035103,3.0,2.0,0.28812481949131385,1.0,0.18820724575586112,1.0,1.0,0.2699798438763664,0.2626175987741015,10.0,0.13297379201078796,1.0,0.2380933267562514,0.6648668622962692,1.0,2.0,0.13297379201078796,0.20447422082502698,5.0,3.0,3.0,0.21822183716627097,8.0,2.0,0.14013590032167988,3.0,2.0,13.0,0.13297379201078796,1.0,0.2003992530654216,2.0,1.0,0.46784479047603533,0.19614293360836133,1.0,4.0,0.16630559539603262,3.0,2.0,1.0,4.0,0.13297379201078796,3.0,1.0,0.17884319690853157,0.14348478120062025,2.0,1.0,1.0,2.0,2.0,1.0,0.2481885919955813,5.0,4.0,0.13416427265536568,4.0,0.13297379201078796,1.0,2.0,1.0,0.26309460947714347,0.13318610422621702,2.0,1.0,0.2629500728501557,3.0,0.2405644946980645,0.21424249257127193,0.24671408437612974,2.0,0.3561691585199037,0.5992794001709301,0.13513670380166154,3.0,2.0
1,4,8.0,0.4162592873633021,2.0,4.0,0.17151429702448084,0.15242591168402497,3.0,0.1791827956524964,10.0,4.0,3.0,7.0,3.0,0.4451339117640043,0.39633326593607165,0.1566657725506332,5.0,5.0,0.13297379201078796,0.13297379201078796,0.13297379201078796,4.0,0.13297379201078796,0.3321157225222269,2.0,0.28812481949131385,1.0,0.18820724575586112,1.0,1.0,0.2699798438763664,0.2626175987741015,10.0,0.13297379201078796,1.0,0.2380933267562514,0.6648668622962692,1.0,2.0,0.13297379201078796,0.20447422082502698,5.0,3.0,3.0,0.21822183716627097,8.0,2.0,0.14013590032167988,3.0,2.0,13.0,0.13297379201078796,1.0,0.2003992530654216,2.0,1.0,0.46784479047603533,0.19614293360836133,1.0,4.0,0.16630559539603262,3.0,2.0,1.0,2.0,0.13297379201078796,3.0,1.0,0.17884319690853157,0.14348478120062025,2.0,1.0,1.0,2.0,2.0,1.0,0.2481885919955813,5.0,4.0,0.13416427265536568,4.0,0.1663390668607596,1.0,2.0,1.0,0.26309460947714347,0.13318610422621702,2.0,1.0,0.2629500728501557,3.0,0.13297379201078796,0.13297379201078796,0.24671408437612974,2.0,0.137528855328511,0.13297379201078796,0.13513670380166154,0.1905866595228355,2.0
1,5,8.0,0.4162592873633021,2.0,4.0,0.17151429702448084,0.15242591168402497,3.0,0.1791827956524964,10.0,4.0,3.0,7.0,3.0,0.4451339117640043,0.39633326593607165,0.1566657725506332,5.0,5.0,0.13297379201078796,0.13297379201078796,0.13297379201078796,4.0,0.13297379201078796,0.3321157225222269,2.0,0.28812481949131385,1.0,0.18820724575586112,1.0,1.0,0.2699798438763664,0.2626175987741015,10.0,0.13297379201078796,1.0,0.2380933267562514,0.6648668622962692,1.0,2.0,0.13297379201078796,0.20447422082502698,5.0,3.0,3.0,0.21822183716627097,8.0,6.0,0.14013590032167988,3.0,2.0,13.0,0.13297379201078796,1.0,0.2003992530654216,2.0,1.0,0.46784479047603533,0.19614293360836133,1.0,4.0,0.16630559539603262,3.0,2.0,1.0,2.0,0.13297379201078796,3.0,1.0,0.17884319690853157,0.14348478120062025,2.0,1.0,1.0,2.0,2.0,1.0,0.2481885919955813,5.0,4.0,0.13416427265536568,4.0,4.0,1.0,2.0,1.0,0.26309460947714347,0.13318610422621702,8.0,1.0,0.13297379201078796,8.0,0.13297379201078796,0.13297379201078796,0.24671408437612974,2.0,0.2277711550236564,0.13297379201078796,0.13297379201078796,0.17832315936407206,2.0
1,6,8.0,0.4162592873633021,2.0,4.0,0.17151429702448084,0.15242591168402497,3.0,0.1791827956524964,10.0,4.0,3.0,7.0,3.0,0.4451339117640043,0.39633326593607165,0.1566657725506332,5.0,5.0,0.13297379201078796,0.13297379201078796,0.13297379201078796,4.0,0.13297379201078796,0.3321157225222269,2.0,0.28812481949131385,1.0,0.18820724575586112,1.0,1.0,0.2699798438763664,0.2626175987741015,10.0,0.13297379201078796,1.0,0.2380933267562514,0.6648668622962692,1.0,2.0,0.13297379201078796,0.20447422082502698,5.0,3.0,3.0,0.21822183716627097,8.0,6.0,0.14013590032167988,3.0,2.0,13.0,0.13297379201078796,1.0,0.2003992530654216,2.0,1.0,0.46784479047603533,0.19614293360836133,1.0,4.0,0.16630559539603262,3.0,2.0,1.0,2.0,2.0,3.0,1.0,0.17884319690853157,0.14348478120062025,1.0,1.0,1.0,2.0,2.0,1.0,1.0,5.0,3.0,0.13416427265536568,4.0,4.0,1.0,2.0,1.0,0.13297379201078796,0.13318610422621702,8.0,1.0,0.13297379201078796,8.0,0.13297379201078796,0.13297379201078796,0.13297379201078796,2.0,0.15172375721585996,0.13297379201078796,0.13297379201078796,0.17953678746757384,2.0
1,7,8.0,2.0,2.0,4.0,0.17151429702448084,0.15242591168402497,3.0,0.1791827956524964,10.0,4.0,3.0,7.0,3.0,0.4451339117640043,0.39633326593607165,0.1566657725506332,5.0,5.0,0.13297379201078796,0.13297379201078796,0.13297379201078796,4.0,0.13297379201078796,0.3321157225222269,2.0,0.28812481949131385,1.0,0.18820724575586112,1.0,1.0,0.2699798438763664,0.2626175987741015,10.0,0.13297379201078796,1.0,0.2380933267562514,0.6648668622962692,1.0,2.0,0.13297379201078796,0.20447422082502698,5.0,3.0,3.0,0.21822183716627097,8.0,6.0,0.14013590032167988,3.0,2.0,13.0,0.13297379201078796,1.0,0.2003992530654216,2.0,1.0,0.46784479047603533,0.19614293360836133,1.0,4.0,0.16630559539603262,3.0,2.0,1.0,2.0,2.0,3.0,1.0,0.17884319690853157,0.13297379201078796,3.0,1.0,1.0,2.0,2.0,1.0,1.0,5.0,0.1822257848265033,0.13416427265536568,4.0,4.0,1.0,2.0,1.0,0.13297379201078796,0.13318610422621702,8.0,1.0,0.13297379201078796,8.0,0.13297379201078796,0.13297379201078796,0.13297379201078796,2.0,0.13297379201078796,0.13297379201078796,0.13297379201078796,0.20351555553345546,2.0
1,8,8.0,2.0,2.0,4.0,0.17151429702448084,0.15242591168402497,3.0,0.1791827956524964,10.0,4.0,3.0,7.0,3.0,0.4451339117640043,0.39633326593607165,0.1566657725506332,5.0,5.0,0.13297379201078796,0.13297379201078796,0.13297379201078796,4.0,0.13297379201078796,0.3321157225222269,2.0,0.28812481949131385,1.0,0.18820724575586112,1.0,1.0,0.2699798438763664,0.2626175987741015,10.0,0.13297379201078796,1.0,0.2380933267562514,0.6648668622962692,1.0,2.0,0.13297379201078796,0.20447422082502698,5.0,3.0,3.0,0.21822183716627097,8.0,6.0,0.14013590032167988,3.0,2.0,13.0,0.13297379201078796,1.0,0.2003992530654216,2.0,1.0,0.46784479047603533,0.19614293360836133,1.0,4.0,0.16630559539603262,3.0,2.0,1.0,2.0,2.0,3.0,1.0,0.17884319690853157,0.13297379201078796,3.0,1.0,1.0,2.0,2.0,1.0,1.0,5.0,0.1822257848265033,0.13416427265536568,4.0,4.0,1.0,2.0,1.0,0.13297379201078796,0.13318610422621702,8.0,1.0,0.13297379201078796,8.0,0.13297379201078796,0.13297379201078796,0.13297379201078796,2.0,0.13297379201078796,0.13297379201078796,0.13297379201078796,0.20351555553345546,2.0
1,9,8.0,2.0,2.0,4.0,0.17151429702448084,0.15242591168402497,3.0,0.1791827956524964,10.0,4.0,3.0,7.0,3.0,0.4451339117640043,0.39633326593607165,0.1566657725506332,5.0,5.0,0.13297379201078796,0.13297379201078796,0.13297379201078796,4.0,0.13297379201078796,0.3321157225222269,2.0,0.28812481949131385,1.0,0.18820724575586112,1.0,1.0,0.2699798438763664,0.2626175987741015,10.0,0.13297379201078796,1.0,0.2380933267562514,0.6648668622962692,1.0,2.0,0.13297379201078796,0.20447422082502698,5.0,3.0,3.0,0.21822183716627097,8.0,6.0,0.14013590032167988,3.0,2.0,13.0,0.13297379201078796,1.0,0.2003992530654216,2.0,1.0,0.46784479047603533,0.19614293360836133,1.0,4.0,0.16630559539603262,3.0,2.0,1.0,2.0,2.0,3.0,1.0,0.17884319690853157,0.13297379201078796,3.0,1.0,1.0,2.0,2.0,1.0,1.0,5.0,0.1822257848265033,0.13416427265536568,4.0,4.0,1.0,2.0,1.0,0.13297379201078796,0.13318610422621702,8.0,1.0,0.13297379201078796,8.0,0.13297379201078796,0.13297379201078796,0.13297379201078796,2.0,0.13297379201078796,0.13297379201078796,0.13297379201078796,0.20351555553345546,2.0
1,10,8.0,2.0,2.0,4.0,0.17151429702448084,0.15242591168402497,3.0,0.1791827956524964,10.0,4.0,3.0,7.0,3.0,0.4451339117640043,0.39633326593607165,0.1566657725506332,5.0,5.0,0.13297379201078796,0.13297379201078796,0.13297379201078796,4.0,0.13297379201078796,0.3321157225222269,2.0,0.28812481949131385,1.0,0.18820724575586112,1.0,1.0,0.2699798438763664,0.2626175987741015,10.0,0.13297379201078796,1.0,0.2380933267562514,0.6648668622962692,1.0,2.0,0.13297379201078796,0.20447422082502698,5.0,3.0,3.0,0.21822183716627097,8.0,6.0,0.14013590032167988,3.0,2.0,13.0,0.13297379201078796,1.0,0.2003992530654216,2.0,1.0,0.46784479047603533,0.19614293360836133,1.0,4.0,0.16630559539603262,3.0,2.0,1.0,2.0,2.0,3.0,1.0,0.17884319690853157,0.13297379201078796,3.0,1.0,1.0,2.0,2.0,1.0,1.0,5.0,0.1822257848265033,0.13416427265536568,4.0,4.0,1.0,2.0,1.0,0.13297379201078796,0.13318610422621702,8.0,1.0,0.13297379201078796,8.0,0.13297379201078796,0.13297379201078796,0.13297379201078796,2.0,0.13297379201078796,0.13297379201078796,0.13297379201078796,0.20351555553345546,2.0
1,11,8.0,2.0,2.0,4.0,0.17151429702448084,0.15242591168402497,3.0,0.1791827956524964,10.0,4.0,3.0,7.0,3.0,0.4451339117640043,0.39633326593607165,0.1566657725506332,5.0,5.0,0.13297379201078796,0.13297379201078796,0.13297379201078796,4.0,0.13297379201078796,0.3321157225222269,2.0,0.28812481949131385,1.0,0.18820724575586112,1.0,1.0,0.2699798438763664,0.2626175987741015,10.0,0.13297379201078796,1.0,0.2380933267562514,0.6648668622962692,1.0,2.0,0.13297379201078796,0.20447422082502698,5.0,3.0,3.0,0.21822183716627097,8.0,6.0,0.14013590032167988,3.0,2.0,13.0,0.13297379201078796,1.0,0.2003992530654216,2.0,1.0,0.46784479047603533,0.19614293360836133,1.0,4.0,0.16630559539603262,3.0,2.0,1.0,2.0,2.0,3.0,1.0,0.17884319690853157,0.13297379201078796,3.0,1.0,1.0,2.0,2.0,1.0,1.0,5.0,0.1822257848265033,0.13416427265536568,4.0,4.0,1.0,2.0,1.0,0.13297379201078796,0.13318610422621702,8.0,1.0,0.13297379201078796,8.0,0.13297379201078796,0.13297379201078796,0.13297379201078796,2.0,0.13297379201078796,0.13297379201078796,0.13297379201078796,0.20351555553345546,2.0
1,12,8.0,2.0,2.0,4.0,0.17151429702448084,0.15242591168402497,3.0,0.1791827956524964,10.0,4.0,3.0,7.0,3.0,0.4451339117640043,0.39633326593607165,0.1566657725506332,5.0,5.0,0.13297379201078796,0.13297379201078796,0.13297379201078796,4.0,0.13297379201078796,0.3321157225222269,2.0,0.28812481949131385,1.0,0.18820724575586112,1.0,1.0,0.2699798438763664,0.2626175987741015,10.0,0.13297379201078796,1.0,0.2380933267562514,0.6648668622962692,1.0,2.0,0.13297379201078796,0.20447422082502698,5.0,3.0,3.0,0.21822183716627097,8.0,6.0,0.14013590032167988,3.0,2.0,13.0,0.13297379201078796,1.0,0.2003992530654216,2.0,1.0,0.46784479047603533,0.19614293360836133,1.0,4.0,0.16630559539603262,3.0,2.0,1.0,2.0,2.0,3.0,1.0,0.17884319690853157,0.13297379201078796,3.0,1.0,1.0,2.0,2.0,1.0,1.0,5.0,0.1822257848265033,0.13416427265536568,4.0,4.0,1.0,2.0,1.0,0.13297379201078796,0.13318610422621702,8.0,1.0,0.13297379201078796,8.0,0.13297379201078796,0.13297379201078796,0.13297379201078796,2.0,0.13297379201078796,0.13297379201078796,0.13297379201078796,0.20351555553345546,2.0
1,13,8.0,2.0,2.0,4.0,0.17151429702448084,0.15242591168402497,3.0,0.1791827956524964,10.0,4.0,3.0,7.0,3.0,0.4451339117640043,0.39633326593607165,0.1566657725506332,5.0,5.0,0.13297379201078796,0.13297379201078796,0.13297379201078796,4.0,0.13297379201078796,0.3321157225222269,2.0,0.28812481949131385,1.0,0.18820724575586112,1.0,1.0,0.2699798438763664,0.2626175987741015,10.0,0.13297379201078796,1.0,0.2380933267562514,0.6648668622962692,1.0,2.0,0.13297379201078796,0.20447422082502698,5.0,3.0,3.0,0.21822183716627097,8.0,6.0,0.14013590032167988,3.0,2.0,13.0,0.13297379201078796,1.0,0.2003992530654216,2.0,1.0,0.46784479047603533,0.19614293360836133,1.0,4.0,0.16630559539603262,3.0,2.0,1.0,2.0,2.0,3.0,1.0,0.17884319690853157,0.13297379201078796,3.0,1.0,1.0,2.0,2.0,1.0,1.0,5.0,0.1822257848265033,0.13416427265536568,4.0,4.0,1.0,2.0,1.0,0.13297379201078796,0.13318610422621702,8.0,1.0,0.13297379201078796,8.0,0.13297379201078796,0.13297379201078796,0.13297379201078796,2.0,0.13297379201078796,0.13297379201078796,0.13297379201078796,0.20351555553345546,2.0
1,14,8.0,2.0,2.0,4.0,0.17151429702448084,0.15242591168402497,3.0,0.1791827956524964,10.0,4.0,3.0,7.0,3.0,0.4451339117640043,0.39633326593607165,0.1566657725506332,5.0,5.0,0.13297379201078796,0.13297379201078796,0.13297379201078796,4.0,0.13297379201078796,0.3321157225222269,2.0,0.28812481949131385,1.0,0.18820724575586112,1.0,1.0,0.2699798438763664,0.2626175987741015,10.0,0.13297379201078796,1.0,0.2380933267562514,0.6648668622962692,1.0,2.0,0.13297379201078796,0.20447422082502698,5.0,3.0,3.0,0.21822183716627097,8.0,6.0,0.14013590032167988,3.0,2.0,13.0,0.13297379201078796,1.0,0.2003992530654216,2.0,1.0,0.46784479047603533,0.19614293360836133,1.0,4.0,0.16630559539603262,3.0,2.0,1.0,2.0,2.0,3.0,1.0,0.17884319690853157,0.13297379201078796,3.0,1.0,1.0,2.0,2.0,1.0,1.0,5.0,0.1822257848265033,0.13416427265536568,4.0,4.0,1.0,2.0,1.0,0.13297379201078796,0.13318610422621702,8.0,1.0,0.13297379201078796,8.0,0.13297379201078796,0.13297379201078796,0.13297379201078796,2.0,0.13297379201078796,0.13297379201078796,0.13297379201078796,0.20351555553345546,2.0
1,15,8.0,2.0,2.0,4.0,0.17151429702448084,0.15242591168402497,3.0,0.1791827956524964,10.0,4.0,3.0,7.0,3.0,0.4451339117640043,0.39633326593607165,0.1566657725506332,5.0,5.0,0.13297379201078796,0.13297379201078796,0.13297379201078796,4.0,0.13297379201078796,0.3321157225222269,2.0,0.28812481949131385,1.0,0.18820724575586112,1.0,1.0,0.2699798438763664,0.2626175987741015,10.0,0.13297379201078796,1.0,0.2380933267562514,0.6648668622962692,1.0,2.0,0.13297379201078796,0.20447422082502698,5.0,3.0,3.0,0.21822183716627097,8.0,6.0,0.14013590032167988,3.0,2.0,13.0,0.13297379201078796,1.0,0.2003992530654216,2.0,1.0,0.46784479047603533,0.19614293360836133,1.0,4.0,0.16630559539603262,3.0,2.0,1.0,2.0,2.0,3.0,1.0,0.17884319690853157,0.13297379201078796,3.0,1.0,1.0,2.0,2.0,1.0,1.0,5.0,0.1822257848265033,0.13416427265536568,4.0,4.0,1.0,2.0,1.0,0.13297379201078796,0.13318610422621702,8.0,1.0,0.13297379201078796,8.0,0.13297379201078796,0.13297379201078796,0.13297379201078796,2.0,0.13297379201078796,0.13297379201078796,0.13297379201078796,0.20351555553345546,2.0
1,16,8.0,2.0,2.0,4.0,0.17151429702448084,0.15242591168402497,3.0,0.1791827956524964,10.0,4.0,3.0,7.0,3.0,0.4451339117640043,0.39633326593607165,0.1566657725506332,5.0,5.0,0.13297379201078796,0.13297379201078796,0.13297379201078796,4.0,0.13297379201078796,0.3321157225222269,2.0,0.28812481949131385,1.0,0.18820724575586112,1.0,1.0,0.2699798438763664,0.2626175987741015,10.0,0.13297379201078796,1.0,0.2380933267562514,0.6648668622962692,1.0,2.0,0.13297379201078796,0.20447422082502698,5.0,3.0,3.0,0.21822183716627097,8.0,6.0,0.14013590032167988,3.0,2.0,13.0,0.13297379201078796,1.0,0.2003992530654216,2.0,1.0,0.46784479047603533,0.19614293360836133,1.0,4.0,0.16630559539603262,3.0,2.0,1.0,2.0,2.0,3.0,1.0,0.17884319690853157,0.13297379201078796,3.0,1.0,1.0,2.0,2.0,1.0,1.0,5.0,0.1822257848265033,0.13416427265536568,4.0,4.0,1.0,2.0,1.0,0.13297379201078796,0.13318610422621702,8.0,1.0,0.13297379201078796,8.0,0.13297379201078796,0.13297379201078796,0.13297379201078796,2.0,0.13297379201078796,0.13297379201078796,0.13297379201078796,0.20351555553345546,2.0
1,17,8.0,2.0,2.0,4.0,0.17151429702448084,0.15242591168402497,3.0,0.1791827956524964,10.0,4.0,3.0,7.0,3.0,0.4451339117640043,0.39633326593607165,0.1566657725506332,5.0,5.0,0.13297379201078796,0.13297379201078796,0.13297379201078796,4.0,0.13297379201078796,0.3321157225222269,2.0,0.28812481949131385,1.0,0.18820724575586112,1.0,1.0,0.2699798438763664,0.2626175987741015,10.0,0.13297379201078796,1.0,0.2380933267562514,0.6648668622962692,1.0,2.0,0.13297379201078796,0.20447422082502698,5.0,3.0,3.0,0.21822183716627097,8.0,6.0,0.14013590032167988,3.0,2.0,13.0,0.13297379201078796,1.0,0.2003992530654216,2.0,1.0,0.46784479047603533,0.19614293360836133,1.0,4.0,0.16630559539603262,3.0,2.0,1.0,2.0,2.0,3.0,1.0,0.17884319690853157,0.13297379201078796,3.0,1.0,1.0,2.0,2.0,1.0,1.0,5.0,0.1822257848265033,0.13416427265536568,4.0,4.0,1.0,2.0,1.0,0.13297379201078796,0.13318610422621702,8.0,1.0,0.13297379201078796,8.0,0.13297379201078796,0.13297379201078796,0.13297379201078796,2.0,0.13297379201078796,0.13297379201078796,0.13297379201078796,0.20351555553345546,2.0
1,18,8.0,2.0,2.0,4.0,0.17151429702448084,0.15242591168402497,3.0,0.1791827956524964,10.0,4.0,3.0,7.0,3.0,0.4451339117640043,0.39633326593607165,0.1566657725506332,5.0,5.0,0.13297379201078796,0.13297379201078796,0.13297379201078796,4.0,0.13297379201078796,0.3321157225222269,2.0,0.28812481949131385,1.0,0.18820724575586112,1.0,1.0,0.2699798438763664,0.2626175987741015,10.0,0.13297379201078796,1.0,0.2380933267562514,0.6648668622962692,1.0,2.0,0.13297379201078796,0.20447422082502698,5.0,3.0,3.0,0.21822183716627097,8.0,6.0,0.14013590032167988,3.0,2.0,13.0,0.13297379201078796,1.0,0.2003992530654216,2.0,1.0,0.46784479047603533,0.19614293360836133,1.0,4.0,0.16630559539603262,3.0,2.0,1.0,2.0,2.0,3.0,1.0,0.17884319690853157,0.13297379201078796,3.0,1.0,1.0,2.0,2.0,1.0,1.0,5.0,0.1822257848265033,0.13416427265536568,4.0,4.0,1.0,2.0,1.0,0.13297379201078796,0.13318610422621702,8.0,1.0,0.13297379201078796,8.0,0.13297379201078796,0.13297379201078796,0.13297379201078796,2.0,0.13297379201078796,0.13297379201078796,0.13297379201078796,0.20351555553345546,2.0
1,19,8.0,2.0,2.0,4.0,0.17151429702448084,0.15242591168402497,3.0,0.1791827956524964,10.0,4.0,3.0,7.0,3.0,0.4451339117640043,0.39633326593607165,0.1566657725506332,5.0,5.0,0.13297379201078796,0.13297379201078796,0.13297379201078796,4.0,0.13297379201078796,0.3321157225222269,2.0,0.28812481949131385,1.0,0.18820724575586112,1.0,1.0,0.2699798438763664,0.2626175987741015,10.0,0.13297379201078796,1.0,0.2380933267562514,0.6648668622962692,1.0,2.0,0.13297379201078796,0.20447422082502698,5.0,3.0,3.0,0.21822183716627097,8.0,6.0,0.14013590032167988,3.0,2.0,13.0,0.13297379201078796,1.0,0.2003992530654216,2.0,1.0,0.46784479047603533,0.19614293360836133,1.0,4.0,0.16630559539603262,3.0,2.0,1.0,2.0,2.0,3.0,1.0,0.17884319690853157,0.13297379201078796,3.0,1.0,1.0,2.0,2.0,1.0,1.0,5.0,0.1822257848265033,0.13416427265536568,4.0,4.0,1.0,2.0,1.0,0.13297379201078796,0.13318610422621702,8.0,1.0,0.13297379201078796,8.0,0.13297379201078796,0.13297379201078796,0.13297379201078796,2.0,0.13297379201078796,0.13297379201078796,0.13297379201078796,0.20351555553345546,2.0
1,20,8.0,2.0,2.0,4.0,0.17151429702448084,0.15242591168402497,3.0,0.1791827956524964,10.0,4.0,3.0,7.0,3.0,0.4451339117640043,0.39633326593607165,0.1566657725506332,5.0,5.0,0.13297379201078796,0.13297379201078796,0.13297379201078796,4.0,0.13297379201078796,0.3321157225222269,2.0,0.28812481949131385,1.0,0.18820724575586112,1.0,1.0,0.2699798438763664,0.2626175987741015,10.0,0.13297379201078796,1.0,0.2380933267562514,0.6648668622962692,1.0,2.0,0.13297379201078796,0.20447422082502698,5.0,3.0,3.0,0.21822183716627097,8.0,6.0,0.14013590032167988,3.0,2.0,13.0,0.13297379201078796,1.0,0.2003992530654216,2.0,1.0,0.46784479047603533,0.19614293360836133,1.0,4.0,0.16630559539603262,3.0,2.0,1.0,2.0,2.0,3.0,1.0,0.17884319690853157,0.13297379201078796,3.0,1.0,1.0,2.0,2.0,1.0,1.0,5.0,0.1822257848265033,0.13416427265536568,4.0,4.0,1.0,2.0,1.0,0.13297379201078796,0.13318610422621702,8.0,1.0,0.13297379201078796,8.0,0.13297379201078796,0.13297379201078796,0.13297379201078796,2.0,0.13297379201078796,0.13297379201078796,0.13297379201078796,0.20351555553345546,2.0
1,21,8.0,2.0,2.0,4.0,0.17151429702448084,0.15242591168402497,3.0,0.1791827956524964,10.0,4.0,3.0,7.0,3.0,0.4451339117640043,0.39633326593607165,0.1566657725506332,5.0,5.0,0.13297379201078796,0.13297379201078796,0.13297379201078796,4.0,0.13297379201078796,0.3321157225222269,2.0,0.28812481949131385,1.0,0.18820724575586112,1.0,1.0,0.2699798438763664,0.2626175987741015,10.0,0.13297379201078796,1.0,0.2380933267562514,0.6648668622962692,1.0,2.0,0.13297379201078796,0.20447422082502698,5.0,3.0,3.0,0.21822183716627097,8.0,6.0,0.14013590032167988,3.0,2.0,13.0,0.13297379201078796,1.0,0.2003992530654216,2.0,1.0,0.46784479047603533,0.19614293360836133,1.0,4.0,0.16630559539603262,3.0,2.0,1.0,2.0,2.0,3.0,1.0,0.17884319690853157,0.13297379201078796,3.0,1.0,1.0,2.0,2.0,1.0,1.0,5.0,0.1822257848265033,0.13416427265536568,4.0,4.0,1.0,2.0,1.0,0.13297379201078796,0.13318610422621702,8.0,1.0,0.13297379201078796,8.0,0.13297379201078796,0.13297379201078796,0.13297379201078796,2.0,0.13297379201078796,0.13297379201078796,0.13297379201078796,0.20351555553345546,2.0
1,22,8.0,2.0,2.0,4.0,0.17151429702448084,0.15242591168402497,3.0,0.1791827956524964,10.0,4.0,3.0,7.0,3.0,0.4451339117640043,0.39633326593607165,0.1566657725506332,5.0,5.0,0.13297379201078796,0.13297379201078796,0.13297379201078796,4.0,0.13297379201078796,0.3321157225222269,2.0,0.28812481949131385,1.0,0.18820724575586112,1.0,1.0,0.2699798438763664,0.2626175987741015,10.0,0.13297379201078796,1.0,0.2380933267562514,0.6648668622962692,1.0,2.0,0.13297379201078796,0.20447422082502698,5.0,3.0,3.0,0.21822183716627097,8.0,6.0,0.14013590032167988,3.0,2.0,13.0,0.13297379201078796,1.0,0.2003992530654216,2.0,1.0,0.46784479047603533,0.19614293360836133,1.0,4.0,0.16630559539603262,3.0,2.0,1.0,2.0,2.0,3.0,1.0,0.17884319690853157,0.13297379201078796,3.0,1.0,1.0,2.0,2.0,1.0,1.0,5.0,0.1822257848265033,0.13416427265536568,4.0,4.0,1.0,2.0,1.0,0.13297379201078796,0.13318610422621702,8.0,1.0,0.13297379201078796,8.0,0.13297379201078796,0.13297379201078796,0.13297379201078796,2.0,0.13297379201078796,0.13297379201078796,0.13297379201078796,0.20351555553345546,2.0
1,23,8.0,2.0,2.0,4.0,0.17151429702448084,0.15242591168402497,3.0,0.1791827956524964,10.0,4.0,3.0,7.0,3.0,0.4451339117640043,0.39633326593607165,0.1566657725506332,5.0,5.0,0.13297379201078796,0.13297379201078796,0.13297379201078796,4.0,0.13297379201078796,0.3321157225222269,2.0,0.28812481949131385,1.0,0.18820724575586112,1.0,1.0,0.2699798438763664,0.2626175987741015,10.0,0.13297379201078796,1.0,0.2380933267562514,0.6648668622962692,1.0,2.0,0.13297379201078796,0.20447422082502698,5.0,3.0,3.0,0.21822183716627097,8.0,6.0,0.14013590032167988,3.0,2.0,13.0,0.13297379201078796,1.0,0.2003992530654216,2.0,1.0,0.46784479047603533,0.19614293360836133,1.0,4.0,0.16630559539603262,3.0,2.0,1.0,2.0,2.0,3.0,1.0,0.17884319690853157,0.13297379201078796,3.0,1.0,1.0,2.0,2.0,1.0,1.0,5.0,0.1822257848265033,0.13416427265536568,4.0,4.0,1.0,2.0,1.0,0.13297379201078796,0.13318610422621702,8.0,1.0,0.13297379201078796,8.0,0.13297379201078796,0.13297379201078796,0.13297379201078796,2.0,0.13297379201078796,0.13297379201078796,0.13297379201078796,0.20351555553345546,2.0
1,24,8.0,2.0,2.0,4.0,0.17151429702448084,0.15242591168402497,3.0,0.1791827956524964,10.0,4.0,3.0,7.0,3.0,0.4451339117640043,0.39633326593607165,0.1566657725506332,5.0,5.0,0.13297379201078796,0.13297379201078796,0.13297379201078796,4.0,0.13297379201078796,0.3321157225222269,2.0,0.28812481949131385,1.0,0.18820724575586112,1.0,1.0,0.2699798438763664,0.2626175987741015,10.0,0.13297379201078796,1.0,0.2380933267562514,0.6648668622962692,1.0,2.0,0.13297379201078796,0.20447422082502698,5.0,3.0,3.0,0.21822183716627097,8.0,6.0,0.14013590032167988,3.0,2.0,13.0,0.13297379201078796,1.0,0.2003992530654216,2.0,1.0,0.46784479047603533,0.19614293360836133,1.0,4.0,0.16630559539603262,3.0,2.0,1.0,2.0,2.0,3.0,1.0,0.17884319690853157,0.13297379201078796,3.0,1.0,1.0,2.0,2.0,1.0,1.0,5.0,0.1822257848265033,0.13416427265536568,4.0,4.0,1.0,2.0,1.0,0.13297379201078796,0.13318610422621702,8.0,1.0,0.13297379201078796,8.0,0.13297379201078796,0.13297379201078796,0.13297379201078796,2.0,0.13297379201078796,0.13297379201078796,0.13297379201078796,0.20351555553345546,2.0
1,25,8.0,2.0,2.0,4.0,0.17151429702448084,0.15242591168402497,3.0,0.1791827956524964,10.0,4.0,3.0,7.0,3.0,0.4451339117640043,0.39633326593607165,0.1566657725506332,5.0,5.0,0.13297379201078796,0.13297379201078796,0.13297379201078796,4.0,0.13297379201078796,0.3321157225222269,2.0,0.28812481949131385,1.0,0.18820724575586112,1.0,1.0,0.2699798438763664,0.2626175987741015,10.0,0.13297379201078796,1.0,0.2380933267562514,0.6648668622962692,1.0,2.0,0.13297379201078796,0.20447422082502698,5.0,3.0,3.0,0.21822183716627097,8.0,6.0,0.14013590032167988,3.0,2.0,13.0,0.13297379201078796,1.0,0.2003992530654216,2.0,1.0,0.46784479047603533,0.19614293360836133,1.0,4.0,0.16630559539603262,3.0,2.0,1.0,2.0,2.0,3.0,1.0,0.17884319690853157,0.13297379201078796,3.0,1.0,1.0,2.0,2.0,1.0,1.0,5.0,0.1822257848265033,0.13416427265536568,4.0,4.0,1.0,2.0,1.0,0.13297379201078796,0.13318610422621702,8.0,1.0,0.13297379201078796,8.0,0.13297379201078796,0.13297379201078796,0.13297379201078796,2.0,0.13297379201078796,0.13297379201078796,0.13297379201078796,0.20351555553345546,2.0
1,26,8.0,2.0,2.0,4.0,0.17151429702448084,0.15242591168402497,3.0,0.1791827956524964,10.0,4.0,3.0,7.0,3.0,0.4451339117640043,0.39633326593607165,0.1566657725506332,5.0,5.0,0.13297379201078796,0.13297379201078796,0.13297379201078796,4.0,0.13297379201078796,0.3321157225222269,2.0,0.28812481949131385,1.0,0.18820724575586112,1.0,1.0,0.2699798438763664,0.2626175987741015,10.0,0.13297379201078796,1.0,0.2380933267562514,0.6648668622962692,1.0,2.0,0.13297379201078796,0.20447422082502698,5.0,3.0,3.0,0.21822183716627097,8.0,6.0,0.14013590032167988,3.0,2.0,13.0,0.13297379201078796,1.0,0.2003992530654216,2.0,1.0,0.46784479047603533,0.19614293360836133,1.0,4.0,0.16630559539603262,3.0,2.0,1.0,2.0,2.0,3.0,1.0,0.17884319690853157,0.13297379201078796,3.0,1.0,1.0,2.0,2.0,1.0,1.0,5.0,0.1822257848265033,0.13416427265536568,4.0,4.0,1.0,2.0,1.0,0.13297379201078796,0.13318610422621702,8.0,1.0,0.13297379201078796,8.0,0.13297379201078796,0.13297379201078796,0.13297379201078796,2.0,0.13297379201078796,0.13297379201078796,0.13297379201078796,0.20351555553345546,2.0
1,27,8.0,2.0,2.0,4.0,0.17151429702448084,0.15242591168402497,3.0,0.1791827956524964,10.0,4.0,3.0,7.0,3.0,0.4451339117640043,0.39633326593607165,0.1566657725506332,5.0,5.0,0.13297379201078796,0.13297379201078796,0.13297379201078796,4.0,0.13297379201078796,0.3321157225222269,2.0,0.28812481949131385,1.0,0.18820724575586112,1.0,1.0,0.2699798438763664,0.2626175987741015,10.0,0.13297379201078796,1.0,0.2380933267562514,0.6648668622962692,1.0,2.0,0.13297379201078796,0.20447422082502698,5.0,3.0,3.0,0.21822183716627097,8.0,6.0,0.14013590032167988,3.0,2.0,13.0,0.13297379201078796,1.0,0.2003992530654216,2.0,1.0,0.46784479047603533,0.19614293360836133,1.0,4.0,0.16630559539603262,3.0,2.0,1.0,2.0,2.0,3.0,1.0,0.17884319690853157,0.13297379201078796,3.0,1.0,1.0,2.0,2.0,1.0,1.0,5.0,0.1822257848265033,0.13416427265536568,4.0,4.0,1.0,2.0,1.0,0.13297379201078796,0.13318610422621702,8.0,1.0,0.13297379201078796,8.0,0.13297379201078796,0.13297379201078796,0.13297379201078796,2.0,0.13297379201078796,0.13297379201078796,0.13297379201078796,0.20351555553345546,2.0
1,28,8.0,2.0,2.0,4.0,0.17151429702448084,0.15242591168402497,3.0,0.1791827956524964,10.0,4.0,3.0,7.0,3.0,0.4451339117640043,0.39633326593607165,0.1566657725506332,5.0,5.0,0.13297379201078796,0.13297379201078796,0.13297379201078796,4.0,0.13297379201078796,0.3321157225222269,2.0,0.28812481949131385,1.0,0.18820724575586112,1.0,1.0,0.2699798438763664,0.2626175987741015,10.0,0.13297379201078796,1.0,0.2380933267562514,0.6648668622962692,1.0,2.0,0.13297379201078796,0.20447422082502698,5.0,3.0,3.0,0.21822183716627097,8.0,6.0,0.14013590032167988,3.0,2.0,13.0,0.13297379201078796,1.0,0.2003992530654216,2.0,1.0,0.46784479047603533,0.19614293360836133,1.0,4.0,0.16630559539603262,3.0,2.0,1.0,2.0,2.0,3.0,1.0,0.17884319690853157,0.13297379201078796,3.0,1.0,1.0,2.0,2.0,1.0,1.0,5.0,0.1822257848265033,0.13416427265536568,4.0,4.0,1.0,2.0,1.0,0.13297379201078796,0.13318610422621702,8.0,1.0,0.13297379201078796,8.0,0.13297379201078796,0.13297379201078796,0.13297379201078796,2.0,0.13297379201078796,0.13297379201078796,0.13297379201078796,0.20351555553345546,2.0
1,29,8.0,2.0,2.0,4.0,0.17151429702448084,0.15242591168402497,3.0,0.1791827956524964,10.0,4.0,3.0,7.0,3.0,0.4451339117640043,0.39633326593607165,0.1566657725506332,5.0,5.0,0.13297379201078796,0.13297379201078796,0.13297379201078796,4.0,0.13297379201078796,0.3321157225222269,2.0,0.28812481949131385,1.0,0.18820724575586112,1.0,1.0,0.2699798438763664,0.2626175987741015,10.0,0.13297379201078796,1.0,0.2380933267562514,0.6648668622962692,1.0,2.0,0.13297379201078796,0.20447422082502698,5.0,3.0,3.0,0.21822183716627097,8.0,6.0,0.14013590032167988,3.0,2.0,13.0,0.13297379201078796,1.0,0.2003992530654216,2.0,1.0,0.46784479047603533,0.19614293360836133,1.0,4.0,0.16630559539603262,3.0,2.0,1.0,2.0,2.0,3.0,1.0,0.17884319690853157,0.13297379201078796,3.0,1.0,1.0,2.0,2.0,1.0,1.0,5.0,0.1822257848265033,0.13416427265536568,4.0,4.0,1.0,2.0,1.0,0.13297379201078796,0.13318610422621702,8.0,1.0,0.13297379201078796,8.0,0.13297379201078796,0.13297379201078796,0.13297379201078796,2.0,0.13297379201078796,0.13297379201078796,0.13297379201078796,0.20351555553345546,2.0
1,30,8.0,2.0,2.0,4.0,0.17151429702448084,0.15242591168402497,3.0,0.1791827956524964,10.0,4.0,3.0,7.0,3.0,0.4451339117640043,0.39633326593607165,0.1566657725506332,5.0,5.0,0.13297379201078796,0.13297379201078796,0.13297379201078796,4.0,0.13297379201078796,0.3321157225222269,2.0,0.28812481949131385,1.0,0.18820724575586112,1.0,1.0,0.2699798438763664,0.2626175987741015,10.0,0.13297379201078796,1.0,0.2380933267562514,0.6648668622962692,1.0,2.0,0.13297379201078796,0.20447422082502698,5.0,3.0,3.0,0.21822183716627097,8.0,6.0,0.14013590032167988,3.0,2.0,13.0,0.13297379201078796,1.0,0.2003992530654216,2.0,1.0,0.46784479047603533,0.19614293360836133,1.0,4.0,0.16630559539603262,3.0,2.0,1.0,2.0,2.0,3.0,1.0,0.17884319690853157,0.13297379201078796,3.0,1.0,1.0,2.0,2.0,1.0,1.0,5.0,0.1822257848265033,0.13416427265536568,4.0,4.0,1.0,2.0,1.0,0.13297379201078796,0.13318610422621702,8.0,1.0,0.13297379201078796,8.0,0.13297379201078796,0.13297379201078796,0.13297379201078796,2.0,0.13297379201078796,0.13297379201078796,0.13297379201078796,0.20351555553345546,2.0
1,31,8.0,2.0,2.0,4.0,0.17151429702448084,0.15242591168402497,3.0,0.1791827956524964,10.0,4.0,3.0,7.0,3.0,0.4451339117640043,0.39633326593607165,0.1566657725506332,5.0,5.0,0.13297379201078796,0.13297379201078796,0.13297379201078796,4.0,0.13297379201078796,0.3321157225222269,2.0,0.28812481949131385,1.0,0.18820724575586112,1.0,1.0,0.2699798438763664,0.2626175987741015,10.0,0.13297379201078796,1.0,0.2380933267562514,0.6648668622962692,1.0,2.0,0.13297379201078796,0.20447422082502698,5.0,3.0,3.0,0.21822183716627097,8.0,6.0,0.14013590032167988,3.0,2.0,13.0,0.13297379201078796,1.0,0.2003992530654216,2.0,1.0,0.46784479047603533,0.19614293360836133,1.0,4.0,0.16630559539603262,3.0,2.0,1.0,2.0,2.0,3.0,1.0,0.17884319690853157,0.13297379201078796,3.0,1.0,1.0,2.0,2.0,1.0,1.0,5.0,0.1822257848265033,0.13416427265536568,4.0,4.0,1.0,2.0,1.0,0.13297379201078796,0.13318610422621702,8.0,1.0,0.13297379201078796,8.0,0.13297379201078796,0.13297379201078796,0.13297379201078796,2.0,0.13297379201078796,0.13297379201078796,0.13297379201078796,0.20351555553345546,2.0
1,32,8.0,2.0,2.0,4.0,0.17151429702448084,0.15242591168402497,3.0,0.1791827956524964,10.0,4.0,3.0,7.0,3.0,0.4451339117640043,0.39633326593607165,0.1566657725506332,5.0,5.0,0.13297379201078796,0.13297379201078796,0.13297379201078796,4.0,0.13297379201078796,0.3321157225222269,2.0,0.28812481949131385,1.0,0.18820724575586112,1.0,1.0,0.2699798438763664,0.2626175987741015,10.0,0.13297379201078796,1.0,0.2380933267562514,0.6648668622962692,1.0,2.0,0.13297379201078796,0.20447422082502698,5.0,3.0,3.0,0.21822183716627097,8.0,6.0,0.14013590032167988,3.0,2.0,13.0,0.13297379201078796,1.0,0.2003992530654216,2.0,1.0,0.46784479047603533,0.19614293360836133,1.0,4.0,0.16630559539603262,3.0,2.0,1.0,2.0,2.0,3.0,1.0,0.17884319690853157,0.13297379201078796,3.0,1.0,1.0,2.0,2.0,1.0,1.0,5.0,0.1822257848265033,0.13416427265536568,4.0,4.0,1.0,2.0,1.0,0.13297379201078796,0.13318610422621702,8.0,1.0,0.13297379201078796,8.0,0.13297379201078796,0.13297379201078796,0.13297379201078796,2.0,0.13297379201078796,0.13297379201078796,0.13297379201078796,0.20351555553345546,2.0
1,33,8.0,2.0,2.0,4.0,0.17151429702448084,0.15242591168402497,3.0,0.1791827956524964,10.0,4.0,3.0,7.0,3.0,0.4451339117640043,0.39633326593607165,0.1566657725506332,5.0,5.0,0.13297379201078796,0.13297379201078796,0.13297379201078796,4.0,0.13297379201078796,0.3321157225222269,2.0,0.28812481949131385,1.0,0.18820724575586112,1.0,1.0,0.2699798438763664,0.2626175987741015,10.0,0.13297379201078796,1.0,0.2380933267562514,0.6648668622962692,1.0,2.0,0.13297379201078796,0.20447422082502698,5.0,3.0,3.0,0.21822183716627097,8.0,6.0,0.14013590032167988,3.0,2.0,13.0,0.13297379201078796,1.0,0.2003992530654216,2.0,1.0,0.46784479047603533,0.19614293360836133,1.0,4.0,0.16630559539603262,3.0,2.0,1.0,2.0,2.0,3.0,1.0,0.17884319690853157,0.13297379201078796,3.0,1.0,1.0,2.0,2.0,1.0,1.0,5.0,0.1822257848265033,0.13416427265536568,4.0,4.0,1.0,2.0,1.0,0.13297379201078796,0.13318610422621702,8.0,1.0,0.13297379201078796,8.0,0.13297379201078796,0.13297379201078796,0.13297379201078796,2.0,0.13297379201078796,0.13297379201078796,0.13297379201078796,0.20351555553345546,2.0
1,34,8.0,2.0,2.0,4.0,0.17151429702448084,0.15242591168402497,3.0,0.1791827956524964,10.0,4.0,3.0,7.0,3.0,0.4451339117640043,0.39633326593607165,0.1566657725506332,5.0,5.0,0.13297379201078796,0.13297379201078796,0.13297379201078796,4.0,0.13297379201078796,0.3321157225222269,2.0,0.28812481949131385,1.0,0.18820724575586112,1.0,1.0,0.2699798438763664,0.2626175987741015,10.0,0.13297379201078796,1.0,0.2380933267562514,0.6648668622962692,1.0,2.0,0.13297379201078796,0.20447422082502698,5.0,3.0,3.0,0.21822183716627097,8.0,6.0,0.14013590032167988,3.0,2.0,13.0,0.13297379201078796,1.0,0.2003992530654216,2.0,1.0,0.46784479047603533,0.19614293360836133,1.0,4.0,0.16630559539603262,3.0,2.0,1.0,2.0,2.0,3.0,1.0,0.17884319690853157,0.13297379201078796,3.0,1.0,1.0,2.0,2.0,1.0,1.0,5.0,0.1822257848265033,0.13416427265536568,4.0,4.0,1.0,2.0,1.0,0.13297379201078796,0.13318610422621702,8.0,1.0,0.13297379201078796,8.0,0.13297379201078796,0.13297379201078796,0.13297379201078796,2.0,0.13297379201078796,0.13297379201078796,0.13297379201078796,0.20351555553345546,2.0
1,35,8.0,2.0,2.0,4.0,0.17151429702448084,0.15242591168402497,3.0,0.1791827956524964,10.0,4.0,3.0,7.0,3.0,0.4451339117640043,0.39633326593607165,0.1566657725506332,5.0,5.0,0.13297379201078796,0.13297379201078796,0.13297379201078796,4.0,0.13297379201078796,0.3321157225222269,2.0,0.28812481949131385,1.0,0.18820724575586112,1.0,1.0,0.2699798438763664,0.2626175987741015,10.0,0.13297379201078796,1.0,0.2380933267562514,0.6648668622962692,1.0,2.0,0.13297379201078796,0.20447422082502698,5.0,3.0,3.0,0.21822183716627097,8.0,6.0,0.14013590032167988,3.0,2.0,13.0,0.13297379201078796,1.0,0.2003992530654216,2.0,1.0,0.46784479047603533,0.19614293360836133,1.0,4.0,0.16630559539603262,3.0,2.0,1.0,2.0,2.0,3.0,1.0,0.17884319690853157,0.13297379201078796,3.0,1.0,1.0,2.0,2.0,1.0,1.0,5.0,0.1822257848265033,0.13416427265536568,4.0,4.0,1.0,2.0,1.0,0.13297379201078796,0.13318610422621702,8.0,1.0,0.13297379201078796,8.0,0.13297379201078796,0.13297379201078796,0.13297379201078796,2.0,0.13297379201078796,0.13297379201078796,0.13297379201078796,0.20351555553345546,2.0
1,36,8.0,2.0,2.0,4.0,0.17151429702448084,0.15242591168402497,3.0,0.1791827956524964,10.0,4.0,3.0,7.0,3.0,0.4451339117640043,0.39633326593607165,0.1566657725506332,5.0,5.0,0.13297379201078796,0.13297379201078796,0.13297379201078796,4.0,0.13297379201078796,0.3321157225222269,2.0,0.28812481949131385,1.0,0.18820724575586112,1.0,1.0,0.2699798438763664,0.2626175987741015,10.0,0.13297379201078796,1.0,0.2380933267562514,0.6648668622962692,1.0,2.0,0.13297379201078796,0.20447422082502698,5.0,3.0,3.0,0.21822183716627097,8.0,6.0,0.14013590032167988,3.0,2.0,13.0,0.13297379201078796,1.0,0.2003992530654216,2.0,1.0,0.46784479047603533,0.19614293360836133,1.0,4.0,0.16630559539603262,3.0,2.0,1.0,2.0,2.0,3.0,1.0,0.17884319690853157,0.13297379201078796,3.0,1.0,1.0,2.0,2.0,1.0,1.0,5.0,0.1822257848265033,0.13416427265536568,4.0,4.0,1.0,2.0,1.0,0.13297379201078796,0.13318610422621702,8.0,1.0,0.13297379201078796,8.0,0.13297379201078796,0.13297379201078796,0.13297379201078796,2.0,0.13297379201078796,0.13297379201078796,0.13297379201078796,0.20351555553345546,2.0
1,37,8.0,2.0,2.0,4.0,0.17151429702448084,0.15242591168402497,3.0,0.1791827956524964,10.0,4.0,3.0,7.0,3.0,0.4451339117640043,0.39633326593607165,0.1566657725506332,5.0,5.0,0.13297379201078796,0.13297379201078796,0.13297379201078796,4.0,0.13297379201078796,0.3321157225222269,2.0,0.28812481949131385,1.0,0.18820724575586112,1.0,1.0,0.2699798438763664,0.2626175987741015,10.0,0.13297379201078796,1.0,0.2380933267562514,0.6648668622962692,1.0,2.0,0.13297379201078796,0.20447422082502698,5.0,3.0,3.0,0.21822183716627097,8.0,6.0,0.14013590032167988,3.0,2.0,13.0,0.13297379201078796,1.0,0.2003992530654216,2.0,1.0,0.46784479047603533,0.19614293360836133,1.0,4.0,0.16630559539603262,3.0,2.0,1.0,2.0,2.0,3.0,1.0,0.17884319690853157,0.13297379201078796,3.0,1.0,1.0,2.0,2.0,1.0,1.0,5.0,0.1822257848265033,0.13416427265536568,4.0,4.0,1.0,2.0,1.0,0.13297379201078796,0.13318610422621702,8.0,1.0,0.13297379201078796,8.0,0.13297379201078796,0.13297379201078796,0.13297379201078796,2.0,0.13297379201078796,0.13297379201078796,0.13297379201078796,0.20351555553345546,2.0
1,38,8.0,2.0,2.0,4.0,0.17151429702448084,0.15242591168402497,3.0,0.1791827956524964,10.0,4.0,3.0,7.0,3.0,0.4451339117640043,0.39633326593607165,0.1566657725506332,5.0,5.0,0.13297379201078796,0.13297379201078796,0.13297379201078796,4.0,0.13297379201078796,0.3321157225222269,2.0,0.28812481949131385,1.0,0.18820724575586112,1.0,1.0,0.2699798438763664,0.2626175987741015,10.0,0.13297379201078796,1.0,0.2380933267562514,0.6648668622962692,1.0,2.0,0.13297379201078796,0.20447422082502698,5.0,3.0,3.0,0.21822183716627097,8.0,6.0,0.14013590032167988,3.0,2.0,13.0,0.13297379201078796,1.0,0.2003992530654216,2.0,1.0,0.46784479047603533,0.19614293360836133,1.0,4.0,0.16630559539603262,3.0,2.0,1.0,2.0,2.0,3.0,1.0,0.17884319690853157,0.13297379201078796,3.0,1.0,1.0,2.0,2.0,1.0,1.0,5.0,0.1822257848265033,0.13416427265536568,4.0,4.0,1.0,2.0,1.0,0.13297379201078796,0.13318610422621702,8.0,1.0,0.13297379201078796,8.0,0.13297379201078796,0.13297379201078796,0.13297379201078796,2.0,0.13297379201078796,0.13297379201078796,0.13297379201078796,0.20351555553345546,2.0
1,39,8.0,2.0,2.0,4.0,0.17151429702448084,0.15242591168402497,3.0,0.1791827956524964,10.0,4.0,3.0,7.0,3.0,0.4451339117640043,0.39633326593607165,0.1566657725506332,5.0,5.0,0.13297379201078796,0.13297379201078796,0.13297379201078796,4.0,0.13297379201078796,0.3321157225222269,2.0,0.28812481949131385,1.0,0.18820724575586112,1.0,1.0,0.2699798438763664,0.2626175987741015,10.0,0.13297379201078796,1.0,0.2380933267562514,0.6648668622962692,1.0,2.0,0.13297379201078796,0.20447422082502698,5.0,3.0,3.0,0.21822183716627097,8.0,6.0,0.14013590032167988,3.0,2.0,13.0,0.13297379201078796,1.0,0.2003992530654216,2.0,1.0,0.46784479047603533,0.19614293360836133,1.0,4.0,0.16630559539603262,3.0,2.0,1.0,2.0,2.0,3.0,1.0,0.17884319690853157,0.13297379201078796,3.0,1.0,1.0,2.0,2.0,1.0,1.0,5.0,0.1822257848265033,0.13416427265536568,4.0,4.0,1.0,2.0,1.0,0.13297379201078796,0.13318610422621702,8.0,1.0,0.13297379201078796,8.0,0.13297379201078796,0.13297379201078796,0.13297379201078796,2.0,0.13297379201078796,0.13297379201078796,0.13297379201078796,0.20351555553345546,2.0
2,0,1.0,3.0,11.0,3.0,0.2380933267562514,7.0,1.0,0.40874581367761453,0.17986639187315978,9.0,3.0,1.0,0.15365960686067093,1.0,1.0,0.3304124764294619,0.4451339117640043,0.13297379201078796,0.13297379201078796,0.14163623772674783,1.0,0.2094679208156216,0.3528260203296699,0.6648668622962692,4.0,1.0,0.1977835618122482,1.0,4.0,0.2626175987741015,11.0,0.4727758060616625,0.28812481949131385,0.16136779532363288,12.0,0.13297379201078796,0.17151429702448084,2.0,0.4162592873633021,0.24541882234062795,2.0,1.0,2.0,1.0,11.0,8.0,3.0,0.13297379201078796,1.0,1.0,1.0,2.0,0.2193381613165547,0.13297379201078796,3.0,0.6479856448506599,4.0,0.19922614923962145,0.13297379201078796,0.1512988296493759,11.0,0.13297379201078796,8.0,0.14463182392648544,2.0,3.0,0.13297379201078796,1.0,3.0,2.0,0.13297379201078796,3.0,1.0,3.0,0.15082157124402606,3.0,0.3604508369253344,5.0,0.19418718514408673,2.0,0.16912963416826154,1.0,1.0,5.0,3.0,0.13297379201078796,0.13297379201078796,2.0,2.0,3.0,1.0,0.26716013573743125,0.25339344821034615,0.13297379201078796,1.0,4.0,8.0,0.15149557379449274,2.0,9.0
2,1,1.0,3.0,11.0,3.0,0.2380933267562514,0.21381306800108313,0.30245108989945024,0.40874581367761453,0.17986639187315978,8.0,7.0,1.0,1.0,3.0,0.6132732346136616,4.0,0.4451339117640043,0.13297379201078796,0.13297379201078796,0.43555225188868374,3.0,0.2094679208156216,0.3528260203296699,0.6648668622962692,4.0,1.0,0.1977835618122482,1.0,4.0,0.2626175987741015,11.0,0.4727758060616625,0.28812481949131385,0.16136779532363288,12.0,0.13297379201078796,0.17151429702448084,2.0,0.4162592873633021,0.24541882234062795,2.0,1.0,2.0,1.0,11.0,8.0,3.0,0.13297379201078796,1.0,1.0,1.0,2.0,0.2193381613165547,2.0,5.0,0.15199530954727047,4.0,1.0,5.0,0.15573113173477227,5.0,0.13297379201078796,8.0,0.14463182392648544,2.0,3.0,0.13297379201078796,1.0,3.0,2.0,0.13297379201078796,3.0,1.0,3.0,0.15082157124402606,3.0,0.3604508369253344,1.0,5.0,0.17823499929425046,0.18394045637084844,1.0,1.0,5.0,3.0,0.13297379201078796,0.13297379201078796,2.0,2.0,0.15365211236572052,1.0,0.26716013573743125,0.25339344821034615,0.13297379201078796,1.0,1.0,8.0,0.15149557379449274,2.0,0.28403989869300805
2,2,1.0,0.2748594050014306,0.1352022986621908,3.0,0.2380933267562514,0.21381306800108313,0.30245108989945024,0.40874581367761453,0.17986639187315978,8.0,7.0,1.0,1.0,3.0,0.6132732346136616,4.0,0.4451339117640043,0.13297379201078796,0.13297379201078796,0.43555225188868374,3.0,0.2094679208156216,0.3528260203296699,0.6648668622962692,4.0,1.0,0.1977835618122482,1.0,4.0,0.2626175987741015,11.0,0.4727758060616625,0.28812481949131385,0.16136779532363288,12.0,0.13297379201078796,0.17151429702448084,2.0,0.4162592873633021,0.24541882234062795,2.0,1.0,2.0,1.0,11.0,8.0,3.0,0.13297379201078796,1.0,1.0,1.0,0.13297379201078796,0.2193381613165547,2.0,5.0,0.15199530954727047,4.0,1.0,5.0,0.15573113173477227,5.0,0.13297379201078796,8.0,0.14463182392648544,2.0,3.0,0.13297379201078796,1.0,3.0,2.0,0.13297379201078796,3.0,1.0,3.0,0.15082157124402606,3.0,3.0,1.0,5.0,0.17823499929425046,0.18394045637084844,1.0,1.0,5.0,3.0,0.13297379201078796,0.13297379201078796,2.0,0.13297379201078796,0.15365211236572052,1.0,0.26716013573743125,0.25339344821034615,0.13297379201078796,2.0,1.0,8.0,0.3351099584241002,2.0,0.13417058676248061
2,3,1.0,0.2748594050014306,0.1352022986621908,3.0,0.2380933267562514,0.21381306800108313,0.30245108989945024,0.40874581367761453,0.17986639187315978,8.0,7.0,1.0,1.0,3.0,0.6132732346136616,4.0,0.4451339117640043,0.13297379201078796,0.13297379201078796,0.43555225188868374,3.0,0.2094679208156216,0.3528260203296699,0.6648668622962692,4.0,1.0,0.1977835618122482,1.0,4.0,0.2626175987741015,11.0,0.4727758060616625,0.28812481949131385,0.16136779532363288,12.0,0.13297379201078796,0.17151429702448084,2.0,9.0,0.24541882234062795,2.0,7.0,4.0,1.0,11.0,8.0,3.0,0.13297379201078796,1.0,1.0,1.0,0.13297379201078796,0.2193381613165547,2.0,5.0,0.15199530954727047,4.0,1.0,5.0,0.15573113173477227,5.0,0.13297379201078796,8.0,0.14463182392648544,2.0,3.0,0.13297379201078796,1.0,3.0,2.0,0.13297379201078796,3.0,6.0,3.0,0.15082157124402606,3.0,3.0,1.0,5.0,0.17823499929425046,0.18394045637084844,1.0,1.0,5.0,3.0,0.13860314894118386,1.0,2.0,0.13297379201078796,0.15365211236572052,1.0,0.26716013573743125,0.25339344821034615,0.13297379201078796,2.0,1.0,8.0,0.19208769078900556,2.0,0.13297379201078796
2,4,1.0,0.2748594050014306,0.1352022986621908,3.0,0.2380933267562514,0.21381306800108313,0.30245108989945024,0.40874581367761453,0.17986639187315978,8.0,7.0,1.0,1.0,3.0,0.6132732346136616,4.0,0.4451339117640043,0.13297379201078796,0.13297379201078796,0.43555225188868374,3.0,0.2094679208156216,0.3528260203296699,0.6648668622962692,4.0,1.0,0.1977835618122482,1.0,4.0,0.2626175987741015,11.0,0.4727758060616625,0.28812481949131385,0.16136779532363288,12.0,0.13297379201078796,0.17151429702448084,2.0,9.0,0.24541882234062795,6.0,7.0,4.0,1.0,11.0,8.0,3.0,0.13297379201078796,4.0,1.0,1.0,0.13297379201078796,0.2193381613165547,2.0,5.0,0.15199530954727047,4.0,1.0,5.0,0.15573113173477227,5.0,0.13297379201078796,8.0,0.14463182392648544,2.0,3.0,0.13297379201078796,1.0,3.0,2.0,0.13297379201078796,2.0,6.0,1.0,0.13297379201078796,1.0,3.0,1.0,5.0,0.17823499929425046,0.18394045637084844,1.0,1.0,5.0,3.0,0.13297379201078796,1.0,2.0,0.13297379201078796,0.15365211236572052,1.0,0.26716013573743125,0.25339344821034615,0.13297379201078796,2.0,1.0,8.0,0.13297379201078796,2.0,0.13297379201078796
2,5,1.0,0.2748594050014306,0.1352022986621908,3.0,0.2380933267562514,0.21381306800108313,0.30245108989945024,0.40874581367761453,0.17986639187315978,2.0,7.0,1.0,4.0,3.0,0.6132732346136616,4.0,0.4451339117640043,0.13297379201078796,0.13297379201078796,0.43555225188868374,3.0,0.2094679208156216,0.3528260203296699,0.6648668622962692,4.0,1.0,0.1977835618122482,1.0,4.0,0.2626175987741015,11.0,0.4727758060616625,0.28812481949131385,0.16136779532363288,12.0,0.13297379201078796,0.17151429702448084,2.0,9.0,0.24541882234062795,6.0,7.0,4.0,1.0,11.0,8.0,3.0,0.13297379201078796,4.0,1.0,1.0,0.13297379201078796,0.2193381613165547,2.0,5.0,0.13297379201078796,4.0,1.0,5.0,0.15573113173477227,5.0,0.13297379201078796,8.0,0.14463182392648544,2.0,3.0,0.13297379201078796,1.0,3.0,2.0,0.13297379201078796,2.0,6.0,1.0,0.13297379201078796,1.0,3.0,1.0,4.0,0.17823499929425046,0.18394045637084844,1.0,1.0,5.0,3.0,0.13297379201078796,1.0,2.0,0.13297379201078796,1.0,1.0,0.26716013573743125,0.25339344821034615,0.13297379201078796,2.0,7.0,8.0,0.13297379201078796,2.0,0.13297379201078796
2,6,1.0,0.2748594050014306,0.1352022986621908,3.0,0.2380933267562514,0.21381306800108313,0.30245108989945024,0.40874581367761453,0.17986639187315978,2.0,7.0,1.0,4.0,3.0,0.6132732346136616,4.0,3.0,0.13297379201078796,0.13297379201078796,0.43555225188868374,3.0,0.2094679208156216,0.3528260203296699,0.6648668622962692,4.0,1.0,0.1977835618122482,1.0,4.0,0.2626175987741015,11.0,0.4727758060616625,0.28812481949131385,0.16136779532363288,12.0,0.13297379201078796,0.17151429702448084,2.0,9.0,0.24541882234062795,6.0,7.0,4.0,1.0,11.0,8.0,3.0,0.13297379201078796,4.0,1.0,1.0,0.13297379201078796,0.2193381613165547,2.0,5.0,0.13297379201078796,4.0,1.0,5.0,0.15573113173477227,5.0,0.13297379201078796,8.0,0.14463182392648544,2.0,3.0,0.13297379201078796,1.0,3.0,2.0,0.13297379201078796,2.0,6.0,1.0,0.13297379201078796,1.0,3.0,1.0,4.0,0.13297379201078796,0.18394045637084844,1.0,1.0,5.0,3.0,0.13297379201078796,1.0,2.0,0.13297379201078796,1.0,1.0,0.26716013573743125,0.25339344821034615,0.13297379201078796,2.0,7.0,8.0,0.13297379201078796,2.0,0.13297379201078796
2,7,1.0,0.2748594050014306,0.1352022986621908,3.0,0.2380933267562514,0.21381306800108313,0.30245108989945024,0.40874581367761453,0.17986639187315978,2.0,7.0,1.0,4.0,3.0,0.6132732346136616,4.0,3.0,0.13297379201078796,0.13297379201078796,0.43555225188868374,3.0,0.2094679208156216,0.3528260203296699,0.6648668622962692,4.0,1.0,0.1977835618122482,1.0,4.0,0.2626175987741015,11.0,0.4727758060616625,0.28812481949131385,0.16136779532363288,12.0,0.13297379201078796,0.17151429702448084,2.0,9.0,0.24541882234062795,6.0,7.0,4.0,1.0,11.0,5.0,3.0,0.16600845895905647,4.0,1.0,1.0,0.13297379201078796,0.2193381613165547,2.0,5.0,0.13297379201078796,4.0,1.0,5.0,0.15573113173477227,5.0,0.13297379201078796,8.0,0.14463182392648544,2.0,3.0,0.13297379201078796,1.0,3.0,2.0,0.13297379201078796,2.0,6.0,1.0,0.13297379201078796,1.0,3.0,1.0,4.0,0.13297379201078796,0.18394045637084844,1.0,1.0,5.0,3.0,0.13297379201078796,1.0,2.0,0.13297379201078796,1.0,1.0,0.26716013573743125,0.25339344821034615,0.13297379201078796,2.0,7.0,8.0,0.13297379201078796,2.0,0.13297379201078796
2,8,1.0,0.2748594050014306,0.1352022986621908,3.0,0.2380933267562514,0.21381306800108313,0.30245108989945024,0.40874581367761453,0.17986639187315978,2.0,7.0,1.0,4.0,3.0,0.6132732346136616,0.13297379201078796,3.0,0.13297379201078796,0.13297379201078796,0.43555225188868374,3.0,0.2094679208156216,0.3528260203296699,0.6648668622962692,4.0,1.0,0.1977835618122482,1.0,4.0,0.2626175987741015,11.0,0.4727758060616625,0.28812481949131385,0.16136779532363288,12.0,0.13297379201078796,0.17151429702448084,2.0,9.0,0.24541882234062795,6.0,7.0,4.0,1.0,11.0,5.0,3.0,0.16600845895905647,4.0,1.0,1.0,0.13297379201078796,0.2193381613165547,2.0,5.0,0.13297379201078796,4.0,1.0,2.0,0.15573113173477227,5.0,0.13297379201078796,8.0,0.14463182392648544,2.0,3.0,0.13297379201078796,1.0,3.0,2.0,0.13297379201078796,2.0,6.0,1.0,0.13297379201078796,1.0,3.0,1.0,4.0,0.13297379201078796,0.13297379201078796,1.0,1.0,5.0,3.0,0.13297379201078796,1.0,2.0,0.13297379201078796,0.18580546016206323,1.0,0.26716013573743125,0.25339344821034615,0.13297379201078796,2.0,7.0,8.0,0.13297379201078796,2.0,0.13297379201078796
2,9,1.0,0.2748594050014306,0.1352022986621908,3.0,0.2380933267562514,0.21381306800108313,0.30245108989945024,0.40874581367761453,0.17986639187315978,2.0,7.0,1.0,4.0,3.0,0.6132732346136616,0.13297379201078796,3.0,0.13297379201078796,0.13297379201078796,0.43555225188868374,3.0,0.2094679208156216,0.3528260203296699,0.6648668622962692,4.0,1.0,0.1977835618122482,1.0,4.0,0.2626175987741015,11.0,0.4727758060616625,0.28812481949131385,0.16136779532363288,12.0,0.13297379201078796,0.17151429702448084,2.0,9.0,0.24541882234062795,6.0,7.0,4.0,1.0,11.0,5.0,3.0,0.16600845895905647,4.0,1.0,1.0,0.13297379201078796,0.2193381613165547,2.0,5.0,0.13297379201078796,4.0,1.0,2.0,0.15573113173477227,5.0,0.13297379201078796,8.0,0.14463182392648544,2.0,3.0,0.13297379201078796,1.0,3.0,2.0,0.13297379201078796,2.0,8.0,1.0,0.13297379201078796,1.0,3.0,1.0,4.0,0.13297379201078796,0.13297379201078796,1.0,1.0,5.0,3.0,0.13341139865995133,1.0,2.0,0.13297379201078796,0.18580546016206323,1.0,0.26716013573743125,0.25339344821034615,0.13297379201078796,2.0,7.0,8.0,0.13297379201078796,2.0,0.13297379201078796
2,10,1.0,0.2748594050014306,0.1352022986621908,3.0,0.2380933267562514,0.21381306800108313,0.30245108989945024,0.40874581367761453,0.17986639187315978,2.0,7.0,1.0,4.0,3.0,0.6132732346136616,0.13297379201078796,3.0,0.13297379201078796,0.13297379201078796,0.43555225188868374,3.0,0.2094679208156216,0.3528260203296699,0.6648668622962692,4.0,1.0,0.1977835618122482,1.0,4.0,0.2626175987741015,11.0,0.4727758060616625,0.28812481949131385,6.0,12.0,0.13297379201078796,0.17151429702448084,2.0,9.0,0.24541882234062795,6.0,7.0,4.0,1.0,11.0,5.0,3.0,0.16600845895905647,4.0,1.0,1.0,0.13297379201078796,0.2193381613165547,2.0,5.0,0.13297379201078796,4.0,1.0,2.0,0.15573113173477227,5.0,0.13297379201078796,8.0,0.14463182392648544,2.0,3.0,0.13297379201078796,1.0,3.0,2.0,0.13297379201078796,2.0,8.0,1.0,0.13297379201078796,1.0,3.0,1.0,4.0,0.13297379201078796,0.13297379201078796,1.0,1.0,5.0,3.0,0.13341139865995133,1.0,2.0,0.13297379201078796,0.18580546016206323,1.0,0.13297379201078796,0.13297379201078796,0.13297379201078796,2.0,7.0,8.0,0.13297379201078796,2.0,0.13297379201078796
2,11,1.0,0.2748594050014306,0.1352022986621908,3.0,0.2380933267562514,0.21381306800108313,0.30245108989945024,0.40874581367761453,0.17986639187315978,2.0,7.0,1.0,4.0,3.0,0.6132732346136616,0.13297379201078796,3.0,0.13297379201078796,0.13297379201078796,0.43555225188868374,3.0,0.2094679208156216,0.3528260203296699,0.6648668622962692,4.0,1.0,0.1977835618122482,1.0,4.0,0.2626175987741015,11.0,0.4727758060616625,0.28812481949131385,6.0,12.0,0.13297379201078796,0.17151429702448084,2.0,9.0,0.24541882234062795,6.0,7.0,4.0,1.0,11.0,5.0,3.0,0.16600845895905647,4.0,1.0,1.0,0.13297379201078796,0.2193381613165547,2.0,5.0,0.13297379201078796,4.0,1.0,2.0,0.15573113173477227,5.0,0.13297379201078796,8.0,0.14463182392648544,2.0,3.0,0.13297379201078796,1.0,3.0,2.0,0.13297379201078796,2.0,8.0,1.0,0.13297379201078796,1.0,3.0,1.0,4.0,0.13297379201078796,0.13297379201078796,1.0,1.0,5.0,3.0,0.13341139865995133,1.0,2.0,0.13297379201078796,0.18580546016206323,1.0,0.13297379201078796,0.13297379201078796,0.13297379201078796,2.0,7.0,8.0,0.13297379201078796,2.0,0.13297379201078796
2,12,1.0,0.2748594050014306,0.1352022986621908,3.0,0.2380933267562514,0.21381306800108313,0.30245108989945024,0.40874581367761453,0.17986639187315978,2.0,7.0,1.0,4.0,3.0,0.6132732346136616,0.13297379201078796,3.0,0.13297379201078796,0.13297379201078796,0.43555225188868374,3.0,0.2094679208156216,0.3528260203296699,0.6648668622962692,4.0,1.0,0.1977835618122482,1.0,4.0,0.2626175987741015,11.0,0.4727758060616625,0.28812481949131385,6.0,12.0,0.13297379201078796,0.17151429702448084,2.0,9.0,0.24541882234062795,6.0,7.0,4.0,1.0,11.0,5.0,3.0,0.16600845895905647,4.0,1.0,1.0,0.13297379201078796,0.2193381613165547,2.0,5.0,0.13297379201078796,4.0,1.0,2.0,0.15573113173477227,5.0,0.13297379201078796,8.0,0.14463182392648544,2.0,3.0,0.13297379201078796,1.0,3.0,2.0,0.13297379201078796,2.0,8.0,1.0,0.13297379201078796,1.0,3.0,1.0,4.0,0.13297379201078796,0.13297379201078796,1.0,1.0,5.0,3.0,0.13341139865995133,1.0,2.0,0.13297379201078796,0.18580546016206323,1.0,0.13297379201078796,0.13297379201078796,0.13297379201078796,2.0,7.0,8.0,0.13297379201078796,2.0,0.13297379201078796
2,13,1.0,0.2748594050014306,0.1352022986621908,3.0,0.2380933267562514,0.21381306800108313,0.30245108989945024,0.40874581367761453,0.17986639187315978,2.0,7.0,1.0,4.0,3.0,0.6132732346136616,0.13297379201078796,3.0,0.13297379201078796,0.13297379201078796,0.43555225188868374,3.0,0.2094679208156216,0.3528260203296699,0.6648668622962692,4.0,1.0,0.1977835618122482,1.0,4.0,0.2626175987741015,11.0,0.4727758060616625,0.28812481949131385,6.0,12.0,0.13297379201078796,0.17151429702448084,2.0,9.0,0.24541882234062795,6.0,7.0,4.0,1.0,11.0,5.0,3.0,0.16600845895905647,4.0,1.0,1.0,0.13297379201078796,0.2193381613165547,2.0,5.0,0.13297379201078796,4.0,1.0,2.0,0.15573113173477227,5.0,0.13297379201078796,8.0,0.14463182392648544,2.0,3.0,0.13297379201078796,1.0,3.0,2.0,0.13297379201078796,2.0,8.0,1.0,0.13297379201078796,1.0,3.0,1.0,4.0,0.13297379201078796,0.13297379201078796,1.0,1.0,5.0,3.0,0.13341139865995133,1.0,2.0,0.13297379201078796,0.18580546016206323,1.0,0.13297379201078796,0.13297379201078796,0.13297379201078796,2.0,7.0,8.0,0.13297379201078796,2.0,0.13297379201078796
2,14,1.0,0.2748594050014306,0.1352022986621908,3.0,0.2380933267562514,0.21381306800108313,0.30245108989945024,0.40874581367761453,0.17986639187315978,2.0,7.0,1.0,4.0,3.0,0.6132732346136616,0.13297379201078796,3.0,0.13297379201078796,0.13297379201078796,0.43555225188868374,3.0,0.2094679208156216,0.3528260203296699,0.6648668622962692,4.0,1.0,0.1977835618122482,1.0,4.0,0.2626175987741015,11.0,0.4727758060616625,0.28812481949131385,6.0,12.0,0.13297379201078796,0.17151429702448084,2.0,9.0,0.24541882234062795,6.0,7.0,4.0,1.0,11.0,5.0,3.0,0.16600845895905647,4.0,1.0,1.0,0.13297379201078796,0.2193381613165547,2.0,5.0,0.13297379201078796,4.0,1.0,2.0,0.15573113173477227,5.0,0.13297379201078796,8.0,0.14463182392648544,2.0,3.0,0.13297379201078796,1.0,3.0,2.0,0.13297379201078796,2.0,8.0,1.0,0.13297379201078796,1.0,3.0,1.0,4.0,0.13297379201078796,0.13297379201078796,1.0,1.0,5.0,3.0,0.13341139865995133,1.0,2.0,0.13297379201078796,0.18580546016206323,1.0,0.13297379201078796,0.13297379201078796,0.13297379201078796,2.0,7.0,8.0,0.13297379201078796,2.0,0.13297379201078796
2,15,1.0,0.2748594050014306,0.1352022986621908,3.0,0.2380933267562514,0.21381306800108313,0.30245108989945024,0.40874581367761453,0.17986639187315978,2.0,7.0,1.0,4.0,3.0,0.6132732346136616,0.13297379201078796,3.0,0.13297379201078796,0.13297379201078796,0.43555225188868374,3.0,0.2094679208156216,0.3528260203296699,0.6648668622962692,4.0,1.0,0.1977835618122482,1.0,4.0,0.2626175987741015,11.0,0.4727758060616625,0.28812481949131385,6.0,12.0,0.13297379201078796,0.17151429702448084,2.0,9.0,0.24541882234062795,6.0,7.0,4.0,1.0,11.0,5.0,3.0,0.16600845895905647,4.0,1.0,1.0,0.13297379201078796,0.2193381613165547,2.0,5.0,0.13297379201078796,4.0,1.0,2.0,0.15573113173477227,5.0,0.13297379201078796,8.0,0.14463182392648544,2.0,3.0,0.13297379201078796,1.0,3.0,2.0,0.13297379201078796,2.0,8.0,1.0,0.13297379201078796,1.0,3.0,1.0,4.0,0.13297379201078796,0.13297379201078796,1.0,1.0,5.0,3.0,0.13341139865995133,1.0,2.0,0.13297379201078796,0.18580546016206323,1.0,0.13297379201078796,0.13297379201078796,0.13297379201078796,2.0,7.0,8.0,0.13297379201078796,2.0,0.13297379201078796
2,16,1.0,0.2748594050014306,0.1352022986621908,3.0,0.2380933267562514,0.21381306800108313,0.30245108989945024,0.40874581367761453,0.17986639187315978,2.0,7.0,1.0,4.0,3.0,0.6132732346136616,0.13297379201078796,3.0,0.13297379201078796,0.13297379201078796,0.43555225188868374,3.0,0.2094679208156216,0.3528260203296699,0.6648668622962692,4.0,1.0,0.1977835618122482,1.0,4.0,0.2626175987741015,11.0,0.4727758060616625,0.28812481949131385,6.0,12.0,0.13297379201078796,0.17151429702448084,2.0,9.0,0.24541882234062795,6.0,7.0,4.0,1.0,11.0,5.0,3.0,0.16600845895905647,4.0,1.0,1.0,0.13297379201078796,0.2193381613165547,2.0,5.0,0.13297379201078796,4.0,1.0,2.0,0.15573113173477227,5.0,0.13297379201078796,8.0,0.14463182392648544,2.0,3.0,0.13297379201078796,1.0,3.0,2.0,0.13297379201078796,2.0,8.0,1.0,0.13297379201078796,1.0,3.0,1.0,4.0,0.13297379201078796,0.13297379201078796,1.0,1.0,5.0,3.0,0.13341139865995133,1.0,2.0,0.13297379201078796,0.18580546016206323,1.0,0.13297379201078796,0.13297379201078796,0.13297379201078796,2.0,7.0,8.0,0.13297379201078796,2.0,0.13297379201078796
2,17,1.0,0.2748594050014306,0.1352022986621908,3.0,0.2380933267562514,0.21381306800108313,0.30245108989945024,0.40874581367761453,0.17986639187315978,2.0,7.0,1.0,4.0,3.0,0.6132732346136616,0.13297379201078796,3.0,0.13297379201078796,0.13297379201078796,0.43555225188868374,3.0,0.2094679208156216,0.3528260203296699,0.6648668622962692,4.0,1.0,0.1977835618122482,1.0,4.0,0.2626175987741015,11.0,0.4727758060616625,0.28812481949131385,6.0,12.0,0.13297379201078796,0.17151429702448084,2.0,9.0,0.24541882234062795,6.0,7.0,4.0,1.0,11.0,5.0,3.0,0.16600845895905647,4.0,1.0,1.0,0.13297379201078796,0.2193381613165547,2.0,5.0,0.13297379201078796,4.0,1.0,2.0,0.15573113173477227,5.0,0.13297379201078796,8.0,0.14463182392648544,2.0,3.0,0.13297379201078796,1.0,3.0,2.0,0.13297379201078796,2.0,8.0,1.0,0.13297379201078796,1.0,3.0,1.0,4.0,0.13297379201078796,0.13297379201078796,1.0,1.0,5.0,3.0,0.13341139865995133,1.0,2.0,0.13297379201078796,0.18580546016206323,1.0,0.13297379201078796,0.13297379201078796,0.13297379201078796,2.0,7.0,8.0,0.13297379201078796,2.0,0.13297379201078796
2,18,1.0,0.2748594050014306,0.1352022986621908,3.0,0.2380933267562514,0.21381306800108313,0.30245108989945024,0.40874581367761453,0.17986639187315978,2.0,7.0,1.0,4.0,3.0,0.6132732346136616,0.13297379201078796,3.0,0.13297379201078796,0.13297379201078796,0.43555225188868374,3.0,0.2094679208156216,0.3528260203296699,0.6648668622962692,4.0,1.0,0.1977835618122482,1.0,4.0,0.2626175987741015,11.0,0.4727758060616625,0.28812481949131385,6.0,12.0,0.13297379201078796,0.17151429702448084,2.0,9.0,0.24541882234062795,6.0,7.0,4.0,1.0,11.0,5.0,3.0,0.16600845895905647,4.0,1.0,1.0,0.13297379201078796,0.2193381613165547,2.0,5.0,0.13297379201078796,4.0,1.0,2.0,0.15573113173477227,5.0,0.13297379201078796,8.0,0.14463182392648544,2.0,3.0,0.13297379201078796,1.0,3.0,2.0,0.13297379201078796,2.0,8.0,1.0,0.13297379201078796,1.0,3.0,1.0,4.0,0.13297379201078796,0.13297379201078796,1.0,1.0,5.0,3.0,0.13341139865995133,1.0,2.0,0.13297379201078796,0.18580546016206323,1.0,0.13297379201078796,0.13297379201078796,0.13297379201078796,2.0,7.0,8.0,0.13297379201078796,2.0,0.13297379201078796
2,19,1.0,0.2748594050014306,0.1352022986621908,3.0,0.2380933267562514,0.21381306800108313,0.30245108989945024,0.40874581367761453,0.17986639187315978,2.0,7.0,1.0,4.0,3.0,0.6132732346136616,0.13297379201078796,3.0,0.13297379201078796,0.13297379201078796,0.43555225188868374,3.0,0.2094679208156216,0.3528260203296699,0.6648668622962692,4.0,1.0,0.1977835618122482,1.0,4.0,0.2626175987741015,11.0,0.4727758060616625,0.28812481949131385,6.0,12.0,0.13297379201078796,0.17151429702448084,2.0,9.0,0.24541882234062795,6.0,7.0,4.0,1.0,11.0,5.0,3.0,0.16600845895905647,4.0,1.0,1.0,0.13297379201078796,0.2193381613165547,2.0,5.0,0.13297379201078796,4.0,1.0,2.0,0.15573113173477227,5.0,0.13297379201078796,8.0,0.14463182392648544,2.0,3.0,0.13297379201078796,1.0,3.0,2.0,0.13297379201078796,2.0,8.0,1.0,0.13297379201078796,1.0,3.0,1.0,4.0,0.13297379201078796,0.13297379201078796,1.0,1.0,5.0,3.0,0.13341139865995133,1.0,2.0,0.13297379201078796,0.18580546016206323,1.0,0.13297379201078796,0.13297379201078796,0.13297379201078796,2.0,7.0,8.0,0.13297379201078796,2.0,0.13297379201078796
2,20,1.0,0.2748594050014306,0.1352022986621908,3.0,0.2380933267562514,0.21381306800108313,0.30245108989945024,0.40874581367761453,0.17986639187315978,2.0,7.0,1.0,4.0,3.0,0.6132732346136616,0.13297379201078796,3.0,0.13297379201078796,0.13297379201078796,0.43555225188868374,3.0,0.2094679208156216,0.3528260203296699,0.6648668622962692,4.0,1.0,0.1977835618122482,1.0,4.0,0.2626175987741015,11.0,0.4727758060616625,0.28812481949131385,6.0,12.0,0.13297379201078796,0.17151429702448084,2.0,9.0,0.24541882234062795,6.0,7.0,4.0,1.0,11.0,5.0,3.0,0.16600845895905647,4.0,1.0,1.0,0.13297379201078796,0.2193381613165547,2.0,5.0,0.13297379201078796,4.0,1.0,2.0,0.15573113173477227,5.0,0.13297379201078796,8.0,0.14463182392648544,2.0,3.0,0.13297379201078796,1.0,3.0,2.0,0.13297379201078796,2.0,8.0,1.0,0.13297379201078796,1.0,3.0,1.0,4.0,0.13297379201078796,0.13297379201078796,1.0,1.0,5.0,3.0,0.13341139865995133,1.0,2.0,0.13297379201078796,0.18580546016206323,1.0,0.13297379201078796,0.13297379201078796,0.13297379201078796,2.0,7.0,8.0,0.13297379201078796,2.0,0.13297379201078796
2,21,1.0,0.2748594050014306,0.1352022986621908,3.0,0.2380933267562514,0.21381306800108313,0.30245108989945024,0.40874581367761453,0.17986639187315978,2.0,7.0,1.0,4.0,3.0,0.6132732346136616,0.13297379201078796,3.0,0.13297379201078796,0.13297379201078796,0.43555225188868374,3.0,0.2094679208156216,0.3528260203296699,0.6648668622962692,4.0,1.0,0.1977835618122482,1.0,4.0,0.2626175987741015,11.0,0.4727758060616625,0.28812481949131385,6.0,12.0,0.13297379201078796,0.17151429702448084,2.0,9.0,0.24541882234062795,6.0,7.0,4.0,1.0,11.0,5.0,3.0,0.16600845895905647,4.0,1.0,1.0,0.13297379201078796,0.2193381613165547,2.0,5.0,0.13297379201078796,4.0,1.0,2.0,0.15573113173477227,5.0,0.13297379201078796,8.0,0.14463182392648544,2.0,3.0,0.13297379201078796,1.0,3.0,2.0,0.13297379201078796,2.0,8.0,1.0,0.13297379201078796,1.0,3.0,1.0,4.0,0.13297379201078796,0.13297379201078796,1.0,1.0,5.0,3.0,0.13341139865995133,1.0,2.0,0.13297379201078796,0.18580546016206323,1.0,0.13297379201078796,0.13297379201078796,0.13297379201078796,2.0,7.0,8.0,0.13297379201078796,2.0,0.13297379201078796
2,22,1.0,0.2748594050014306,0.1352022986621908,3.0,0.2380933267562514,0.21381306800108313,0.30245108989945024,0.40874581367761453,0.17986639187315978,2.0,7.0,1.0,4.0,3.0,0.6132732346136616,0.13297379201078796,3.0,0.13297379201078796,0.13297379201078796,0.43555225188868374,3.0,0.2094679208156216,0.3528260203296699,0.6648668622962692,4.0,1.0,0.1977835618122482,1.0,4.0,0.2626175987741015,11.0,0.4727758060616625,0.28812481949131385,6.0,12.0,0.13297379201078796,0.17151429702448084,2.0,9.0,0.24541882234062795,6.0,7.0,4.0,1.0,11.0,5.0,3.0,0.16600845895905647,4.0,1.0,1.0,0.13297379201078796,0.2193381613165547,2.0,5.0,0.13297379201078796,4.0,1.0,2.0,0.15573113173477227,5.0,0.13297379201078796,8.0,0.14463182392648544,2.0,3.0,0.13297379201078796,1.0,3.0,2.0,0.13297379201078796,2.0,8.0,1.0,0.13297379201078796,1.0,3.0,1.0,4.0,0.13297379201078796,0.13297379201078796,1.0,1.0,5.0,3.0,0.13341139865995133,1.0,2.0,0.13297379201078796,0.18580546016206323,1.0,0.13297379201078796,0.13297379201078796,0.13297379201078796,2.0,7.0,8.0,0.13297379201078796,2.0,0.13297379201078796
2,23,1.0,0.2748594050014306,0.1352022986621908,3.0,0.2380933267562514,0.21381306800108313,0.30245108989945024,0.40874581367761453,0.17986639187315978,2.0,7.0,1.0,4.0,3.0,0.6132732346136616,0.13297379201078796,3.0,0.13297379201078796,0.13297379201078796,0.43555225188868374,3.0,0.2094679208156216,0.3528260203296699,0.6648668622962692,4.0,1.0,0.1977835618122482,1.0,4.0,0.2626175987741015,11.0,0.4727758060616625,0.28812481949131385,6.0,12.0,0.13297379201078796,0.17151429702448084,2.0,9.0,0.24541882234062795,6.0,7.0,4.0,1.0,11.0,5.0,3.0,0.16600845895905647,4.0,1.0,1.0,0.13297379201078796,0.2193381613165547,2.0,5.0,0.13297379201078796,4.0,1.0,2.0,0.15573113173477227,5.0,0.13297379201078796,8.0,0.14463182392648544,2.0,3.0,0.13297379201078796,1.0,3.0,2.0,0.13297379201078796,2.0,8.0,1.0,0.13297379201078796,1.0,3.0,1.0,4.0,0.13297379201078796,0.13297379201078796,1.0,1.0,5.0,3.0,0.13341139865995133,1.0,2.0,0.13297379201078796,0.18580546016206323,1.0,0.13297379201078796,0.13297379201078796,0.13297379201078796,2.0,7.0,8.0,0.13297379201078796,2.0,0.13297379201078796
2,24,1.0,0.2748594050014306,0.1352022986621908,3.0,0.2380933267562514,0.21381306800108313,0.30245108989945024,0.40874581367761453,0.17986639187315978,2.0,7.0,1.0,4.0,3.0,0.6132732346136616,0.13297379201078796,3.0,0.13297379201078796,0.13297379201078796,0.43555225188868374,3.0,0.2094679208156216,0.3528260203296699,0.6648668622962692,4.0,1.0,0.1977835618122482,1.0,4.0,0.2626175987741015,11.0,0.4727758060616625,0.28812481949131385,6.0,12.0,0.13297379201078796,0.17151429702448084,2.0,9.0,0.24541882234062795,6.0,7.0,4.0,1.0,11.0,5.0,3.0,0.16600845895905647,4.0,1.0,1.0,0.13297379201078796,0.2193381613165547,2.0,5.0,0.13297379201078796,4.0,1.0,2.0,0.15573113173477227,5.0,0.13297379201078796,8.0,0.14463182392648544,2.0,3.0,0.13297379201078796,1.0,3.0,2.0,0.13297379201078796,2.0,8.0,1.0,0.13297379201078796,1.0,3.0,1.0,4.0,0.13297379201078796,0.13297379201078796,1.0,1.0,5.0,3.0,0.13341139865995133,1.0,2.0,0.13297379201078796,0.18580546016206323,1.0,0.13297379201078796,0.13297379201078796,0.13297379201078796,2.0,7.0,8.0,0.13297379201078796,2.0,0.13297379201078796
2,25,1.0,0.2748594050014306,0.1352022986621908,3.0,0.2380933267562514,0.21381306800108313,0.30245108989945024,0.40874581367761453,0.17986639187315978,2.0,7.0,1.0,4.0,3.0,0.6132732346136616,0.13297379201078796,3.0,0.13297379201078796,0.13297379201078796,0.43555225188868374,3.0,0.2094679208156216,0.3528260203296699,0.6648668622962692,4.0,1.0,0.1977835618122482,1.0,4.0,0.2626175987741015,11.0,0.4727758060616625,0.28812481949131385,6.0,12.0,0.13297379201078796,0.17151429702448084,2.0,9.0,0.24541882234062795,6.0,7.0,4.0,1.0,11.0,5.0,3.0,0.16600845895905647,4.0,1.0,1.0,0.13297379201078796,0.2193381613165547,2.0,5.0,0.13297379201078796,4.0,1.0,2.0,0.15573113173477227,5.0,0.13297379201078796,8.0,0.14463182392648544,2.0,3.0,0.13297379201078796,1.0,3.0,2.0,0.13297379201078796,2.0,8.0,1.0,0.13297379201078796,1.0,3.0,1.0,4.0,0.13297379201078796,0.13297379201078796,1.0,1.0,5.0,3.0,0.13341139865995133,1.0,2.0,0.13297379201078796,0.18580546016206323,1.0,0.13297379201078796,0.13297379201078796,0.13297379201078796,2.0,7.0,8.0,0.13297379201078796,2.0,0.13297379201078796
2,26,1.0,0.2748594050014306,0.1352022986621908,3.0,0.2380933267562514,0.21381306800108313,0.30245108989945024,0.40874581367761453,0.17986639187315978,2.0,7.0,1.0,4.0,3.0,0.6132732346136616,0.13297379201078796,3.0,0.13297379201078796,0.13297379201078796,0.43555225188868374,3.0,0.2094679208156216,0.3528260203296699,0.6648668622962692,4.0,1.0,0.1977835618122482,1.0,4.0,0.2626175987741015,11.0,0.4727758060616625,0.28812481949131385,6.0,12.0,0.13297379201078796,0.17151429702448084,2.0,9.0,0.24541882234062795,6.0,7.0,4.0,1.0,11.0,5.0,3.0,0.16600845895905647,4.0,1.0,1.0,0.13297379201078796,0.2193381613165547,2.0,5.0,0.13297379201078796,4.0,1.0,2.0,0.15573113173477227,5.0,0.13297379201078796,8.0,0.14463182392648544,2.0,3.0,0.13297379201078796,1.0,3.0,2.0,0.13297379201078796,2.0,8.0,1.0,0.13297379201078796,1.0,3.0,1.0,4.0,0.13297379201078796,0.13297379201078796,1.0,1.0,5.0,3.0,0.13341139865995133,1.0,2.0,0.13297379201078796,0.18580546016206323,1.0,0.13297379201078796,0.13297379201078796,0.13297379201078796,2.0,7.0,8.0,0.13297379201078796,2.0,0.13297379201078796
2,27,1.0,0.2748594050014306,0.1352022986621908,3.0,0.2380933267562514,0.21381306800108313,0.30245108989945024,0.40874581367761453,0.17986639187315978,2.0,7.0,1.0,4.0,3.0,0.6132732346136616,0.13297379201078796,3.0,0.13297379201078796,0.13297379201078796,0.43555225188868374,3.0,0.2094679208156216,0.3528260203296699,0.6648668622962692,4.0,1.0,0.1977835618122482,1.0,4.0,0.2626175987741015,11.0,0.4727758060616625,0.28812481949131385,6.0,12.0,0.13297379201078796,0.17151429702448084,2.0,9.0,0.24541882234062795,6.0,7.0,4.0,1.0,11.0,5.0,3.0,0.16600845895905647,4.0,1.0,1.0,0.13297379201078796,0.2193381613165547,2.0,5.0,0.13297379201078796,4.0,1.0,2.0,0.15573113173477227,5.0,0.13297379201078796,8.0,0.14463182392648544,2.0,3.0,0.13297379201078796,1.0,3.0,2.0,0.13297379201078796,2.0,8.0,1.0,0.13297379201078796,1.0,3.0,1.0,4.0,0.13297379201078796,0.13297379201078796,1.0,1.0,5.0,3.0,0.13341139865995133,1.0,2.0,0.13297379201078796,0.18580546016206323,1.0,0.13297379201078796,0.13297379201078796,0.13297379201078796,2.0,7.0,8.0,0.13297379201078796,2.0,0.13297379201078796
2,28,1.0,0.2748594050014306,0.1352022986621908,3.0,0.2380933267562514,0.21381306800108313,0.30245108989945024,0.40874581367761453,0.17986639187315978,2.0,7.0,1.0,4.0,3.0,0.6132732346136616,0.13297379201078796,3.0,0.13297379201078796,0.13297379201078796,0.43555225188868374,3.0,0.2094679208156216,0.3528260203296699,0.6648668622962692,4.0,1.0,0.1977835618122482,1.0,4.0,0.2626175987741015,11.0,0.4727758060616625,0.28812481949131385,6.0,12.0,0.13297379201078796,0.17151429702448084,2.0,9.0,0.24541882234062795,6.0,7.0,4.0,1.0,11.0,5.0,3.0,0.16600845895905647,4.0,1.0,1.0,0.13297379201078796,0.2193381613165547,2.0,5.0,0.13297379201078796,4.0,1.0,2.0,0.15573113173477227,5.0,0.13297379201078796,8.0,0.14463182392648544,2.0,3.0,0.13297379201078796,1.0,3.0,2.0,0.13297379201078796,2.0,8.0,1.0,0.13297379201078796,1.0,3.0,1.0,4.0,0.13297379201078796,0.13297379201078796,1.0,1.0,5.0,3.0,0.13341139865995133,1.0,2.0,0.13297379201078796,0.18580546016206323,1.0,0.13297379201078796,0.13297379201078796,0.13297379201078796,2.0,7.0,8.0,0.13297379201078796,2.0,0.13297379201078796
2,29,1.0,0.2748594050014306,0.1352022986621908,3.0,0.2380933267562514,0.21381306800108313,0.30245108989945024,0.40874581367761453,0.17986639187315978,2.0,7.0,1.0,4.0,3.0,0.6132732346136616,0.13297379201078796,3.0,0.13297379201078796,0.13297379201078796,0.43555225188868374,3.0,0.2094679208156216,0.3528260203296699,0.6648668622962692,4.0,1.0,0.1977835618122482,1.0,4.0,0.2626175987741015,11.0,0.4727758060616625,0.28812481949131385,6.0,12.0,0.13297379201078796,0.17151429702448084,2.0,9.0,0.24541882234062795,6.0,7.0,4.0,1.0,11.0,5.0,3.0,0.16600845895905647,4.0,1.0,1.0,0.13297379201078796,0.2193381613165547,2.0,5.0,0.13297379201078796,4.0,1.0,2.0,0.15573113173477227,5.0,0.13297379201078796,8.0,0.14463182392648544,2.0,3.0,0.13297379201078796,1.0,3.0,2.0,0.13297379201078796,2.0,8.0,1.0,0.13297379201078796,1.0,3.0,1.0,4.0,0.13297379201078796,0.13297379201078796,1.0,1.0,5.0,3.0,0.13341139865995133,1.0,2.0,0.13297379201078796,0.18580546016206323,1.0,0.13297379201078796,0.13297379201078796,0.13297379201078796,2.0,7.0,8.0,0.13297379201078796,2.0,0.13297379201078796
2,30,1.0,0.2748594050014306,0.1352022986621908,3.0,0.2380933267562514,0.21381306800108313,0.30245108989945024,0.40874581367761453,0.17986639187315978,2.0,7.0,1.0,4.0,3.0,0.6132732346136616,0.13297379201078796,3.0,0.13297379201078796,0.13297379201078796,0.43555225188868374,3.0,0.2094679208156216,0.3528260203296699,0.6648668622962692,4.0,1.0,0.1977835618122482,1.0,4.0,0.2626175987741015,11.0,0.4727758060616625,0.28812481949131385,6.0,12.0,0.13297379201078796,0.17151429702448084,2.0,9.0,0.24541882234062795,6.0,7.0,4.0,1.0,11.0,5.0,3.0,0.16600845895905647,4.0,1.0,1.0,0.13297379201078796,0.2193381613165547,2.0,5.0,0.13297379201078796,4.0,1.0,2.0,0.15573113173477227,5.0,0.13297379201078796,8.0,0.14463182392648544,2.0,3.0,0.13297379201078796,1.0,3.0,2.0,0.13297379201078796,2.0,8.0,1.0,0.13297379201078796,1.0,3.0,1.0,4.0,0.13297379201078796,0.13297379201078796,1.0,1.0,5.0,3.0,0.13341139865995133,1.0,2.0,0.13297379201078796,0.18580546016206323,1.0,0.13297379201078796,0.13297379201078796,0.13297379201078796,2.0,7.0,8.0,0.13297379201078796,2.0,0.13297379201078796
2,31,1.0,0.2748594050014306,0.1352022986621908,3.0,0.2380933267562514,0.21381306800108313,0.30245108989945024,0.40874581367761453,0.17986639187315978,2.0,7.0,1.0,4.0,3.0,0.6132732346136616,0.13297379201078796,3.0,0.13297379201078796,0.13297379201078796,0.43555225188868374,3.0,0.2094679208156216,0.3528260203296699,0.6648668622962692,4.0,1.0,0.1977835618122482,1.0,4.0,0.2626175987741015,11.0,0.4727758060616625,0.28812481949131385,6.0,12.0,0.13297379201078796,0.17151429702448084,2.0,9.0,0.24541882234062795,6.0,7.0,4.0,1.0,11.0,5.0,3.0,0.16600845895905647,4.0,1.0,1.0,0.13297379201078796,0.2193381613165547,2.0,5.0,0.13297379201078796,4.0,1.0,2.0,0.15573113173477227,5.0,0.13297379201078796,8.0,0.14463182392648544,2.0,3.0,0.13297379201078796,1.0,3.0,2.0,0.13297379201078796,2.0,8.0,1.0,0.13297379201078796,1.0,3.0,1.0,4.0,0.13297379201078796,0.13297379201078796,1.0,1.0,5.0,3.0,0.13341139865995133,1.0,2.0,0.13297379201078796,0.18580546016206323,1.0,0.13297379201078796,0.13297379201078796,0.13297379201078796,2.0,7.0,8.0,0.13297379201078796,2.0,0.13297379201078796
2,32,1.0,0.2748594050014306,0.1352022986621908,3.0,0.2380933267562514,0.21381306800108313,0.30245108989945024,0.40874581367761453,0.17986639187315978,2.0,7.0,1.0,4.0,3.0,0.6132732346136616,0.13297379201078796,3.0,0.13297379201078796,0.13297379201078796,0.43555225188868374,3.0,0.2094679208156216,0.3528260203296699,0.6648668622962692,4.0,1.0,0.1977835618122482,1.0,4.0,0.2626175987741015,11.0,0.4727758060616625,0.28812481949131385,6.0,12.0,0.13297379201078796,0.17151429702448084,2.0,9.0,0.24541882234062795,6.0,7.0,4.0,1.0,11.0,5.0,3.0,0.16600845895905647,4.0,1.0,1.0,0.13297379201078796,0.2193381613165547,2.0,5.0,0.13297379201078796,4.0,1.0,2.0,0.15573113173477227,5.0,0.13297379201078796,8.0,0.14463182392648544,2.0,3.0,0.13297379201078796,1.0,3.0,2.0,0.13297379201078796,2.0,8.0,1.0,0.13297379201078796,1.0,3.0,1.0,4.0,0.13297379201078796,0.13297379201078796,1.0,1.0,5.0,3.0,0.13341139865995133,1.0,2.0,0.13297379201078796,0.18580546016206323,1.0,0.13297379201078796,0.13297379201078796,0.13297379201078796,2.0,7.0,8.0,0.13297379201078796,2.0,0.13297379201078796
2,33,1.0,0.2748594050014306,0.1352022986621908,3.0,0.2380933267562514,0.21381306800108313,0.30245108989945024,0.40874581367761453,0.17986639187315978,2.0,7.0,1.0,4.0,3.0,0.6132732346136616,0.13297379201078796,3.0,0.13297379201078796,0.13297379201078796,0.43555225188868374,3.0,0.2094679208156216,0.3528260203296699,0.6648668622962692,4.0,1.0,0.1977835618122482,1.0,4.0,0.2626175987741015,11.0,0.4727758060616625,0.28812481949131385,6.0,12.0,0.13297379201078796,0.17151429702448084,2.0,9.0,0.24541882234062795,6.0,7.0,4.0,1.0,11.0,5.0,3.0,0.16600845895905647,4.0,1.0,1.0,0.13297379201078796,0.2193381613165547,2.0,5.0,0.13297379201078796,4.0,1.0,2.0,0.15573113173477227,5.0,0.13297379201078796,8.0,0.14463182392648544,2.0,3.0,0.13297379201078796,1.0,3.0,2.0,0.13297379201078796,2.0,8.0,1.0,0.13297379201078796,1.0,3.0,1.0,4.0,0.13297379201078796,0.13297379201078796,1.0,1.0,5.0,3.0,0.13341139865995133,1.0,2.0,0.13297379201078796,0.18580546016206323,1.0,0.13297379201078796,0.13297379201078796,0.13297379201078796,2.0,7.0,8.0,0.13297379201078796,2.0,0.13297379201078796
2,34,1.0,0.2748594050014306,0.1352022986621908,3.0,0.2380933267562514,0.21381306800108313,0.30245108989945024,0.40874581367761453,0.17986639187315978,2.0,7.0,1.0,4.0,3.0,0.6132732346136616,0.13297379201078796,3.0,0.13297379201078796,0.13297379201078796,0.43555225188868374,3.0,0.2094679208156216,0.3528260203296699,0.6648668622962692,4.0,1.0,0.1977835618122482,1.0,4.0,0.2626175987741015,11.0,0.4727758060616625,0.28812481949131385,6.0,12.0,0.13297379201078796,0.17151429702448084,2.0,9.0,0.24541882234062795,6.0,7.0,4.0,1.0,11.0,5.0,3.0,0.16600845895905647,4.0,1.0,1.0,0.13297379201078796,0.2193381613165547,2.0,5.0,0.13297379201078796,4.0,1.0,2.0,0.15573113173477227,5.0,0.13297379201078796,8.0,0.14463182392648544,2.0,3.0,0.13297379201078796,1.0,3.0,2.0,0.13297379201078796,2.0,8.0,1.0,0.13297379201078796,1.0,3.0,1.0,4.0,0.13297379201078796,0.13297379201078796,1.0,1.0,5.0,3.0,0.13341139865995133,1.0,2.0,0.13297379201078796,0.18580546016206323,1.0,0.13297379201078796,0.13297379201078796,0.13297379201078796,2.0,7.0,8.0,0.13297379201078796,2.0,0.13297379201078796
2,35,1.0,0.2748594050014306,0.1352022986621908,3.0,0.2380933267562514,0.21381306800108313,0.30245108989945024,0.40874581367761453,0.17986639187315978,2.0,7.0,1.0,4.0,3.0,0.6132732346136616,0.13297379201078796,3.0,0.13297379201078796,0.13297379201078796,0.43555225188868374,3.0,0.2094679208156216,0.3528260203296699,0.6648668622962692,4.0,1.0,0.1977835618122482,1.0,4.0,0.2626175987741015,11.0,0.4727758060616625,0.28812481949131385,6.0,12.0,0.13297379201078796,0.17151429702448084,2.0,9.0,0.24541882234062795,6.0,7.0,4.0,1.0,11.0,5.0,3.0,0.16600845895905647,4.0,1.0,1.0,0.13297379201078796,0.2193381613165547,2.0,5.0,0.13297379201078796,4.0,1.0,2.0,0.15573113173477227,5.0,0.13297379201078796,8.0,0.14463182392648544,2.0,3.0,0.13297379201078796,1.0,3.0,2.0,0.13297379201078796,2.0,8.0,1.0,0.13297379201078796,1.0,3.0,1.0,4.0,0.13297379201078796,0.13297379201078796,1.0,1.0,5.0,3.0,0.13341139865995133,1.0,2.0,0.13297379201078796,0.18580546016206323,1.0,0.13297379201078796,0.13297379201078796,0.13297379201078796,2.0,7.0,8.0,0.13297379201078796,2.0,0.13297379201078796
2,36,1.0,0.2748594050014306,0.1352022986621908,3.0,0.2380933267562514,0.21381306800108313,0.30245108989945024,0.40874581367761453,0.17986639187315978,2.0,7.0,1.0,4.0,3.0,0.6132732346136616,0.13297379201078796,3.0,0.13297379201078796,0.13297379201078796,0.43555225188868374,3.0,0.2094679208156216,0.3528260203296699,0.6648668622962692,4.0,1.0,0.1977835618122482,1.0,4.0,0.2626175987741015,11.0,0.4727758060616625,0.28812481949131385,6.0,12.0,0.13297379201078796,0.17151429702448084,2.0,9.0,0.24541882234062795,6.0,7.0,4.0,1.0,11.0,5.0,3.0,0.16600845895905647,4.0,1.0,1.0,0.13297379201078796,0.2193381613165547,2.0,5.0,0.13297379201078796,4.0,1.0,2.0,0.15573113173477227,5.0,0.13297379201078796,8.0,0.14463182392648544,2.0,3.0,0.13297379201078796,1.0,3.0,2.0,0.13297379201078796,2.0,8.0,1.0,0.13297379201078796,1.0,3.0,1.0,4.0,0.13297379201078796,0.13297379201078796,1.0,1.0,5.0,3.0,0.13341139865995133,1.0,2.0,0.13297379201078796,0.18580546016206323,1.0,0.13297379201078796,0.13297379201078796,0.13297379201078796,2.0,7.0,8.0,0.13297379201078796,2.0,0.13297379201078796
2,37,1.0,0.2748594050014306,0.1352022986621908,3.0,0.2380933267562514,0.21381306800108313,0.30245108989945024,0.40874581367761453,0.17986639187315978,2.0,7.0,1.0,4.0,3.0,0.6132732346136616,0.13297379201078796,3.0,0.13297379201078796,0.13297379201078796,0.43555225188868374,3.0,0.2094679208156216,0.3528260203296699,0.6648668622962692,4.0,1.0,0.1977835618122482,1.0,4.0,0.2626175987741015,11.0,0.4727758060616625,0.28812481949131385,6.0,12.0,0.13297379201078796,0.17151429702448084,2.0,9.0,0.24541882234062795,6.0,7.0,4.0,1.0,11.0,5.0,3.0,0.16600845895905647,4.0,1.0,1.0,0.13297379201078796,0.2193381613165547,2.0,5.0,0.13297379201078796,4.0,1.0,2.0,0.15573113173477227,5.0,0.13297379201078796,8.0,0.14463182392648544,2.0,3.0,0.13297379201078796,1.0,3.0,2.0,0.13297379201078796,2.0,8.0,1.0,0.13297379201078796,1.0,3.0,1.0,4.0,0.13297379201078796,0.13297379201078796,1.0,1.0,5.0,3.0,0.13341139865995133,1.0,2.0,0.13297379201078796,0.18580546016206323,1.0,0.13297379201078796,0.13297379201078796,0.13297379201078796,2.0,7.0,8.0,0.13297379201078796,2.0,0.13297379201078796
2,38,1.0,0.2748594050014306,0.1352022986621908,3.0,0.2380933267562514,0.21381306800108313,0.30245108989945024,0.40874581367761453,0.17986639187315978,2.0,7.0,1.0,4.0,3.0,0.6132732346136616,0.13297379201078796,3.0,0.13297379201078796,0.13297379201078796,0.43555225188868374,3.0,0.2094679208156216,0.3528260203296699,0.6648668622962692,4.0,1.0,0.1977835618122482,1.0,4.0,0.2626175987741015,11.0,0.4727758060616625,0.28812481949131385,6.0,12.0,0.13297379201078796,0.17151429702448084,2.0,9.0,0.24541882234062795,6.0,7.0,4.0,1.0,11.0,5.0,3.0,0.16600845895905647,4.0,1.0,1.0,0.13297379201078796,0.2193381613165547,2.0,5.0,0.13297379201078796,4.0,1.0,2.0,0.15573113173477227,5.0,0.13297379201078796,8.0,0.14463182392648544,2.0,3.0,0.13297379201078796,1.0,3.0,2.0,0.13297379201078796,2.0,8.0,1.0,0.13297379201078796,1.0,3.0,1.0,4.0,0.13297379201078796,0.13297379201078796,1.0,1.0,5.0,3.0,0.13341139865995133,1.0,2.0,0.13297379201078796,0.18580546016206323,1.0,0.13297379201078796,0.13297379201078796,0.13297379201078796,2.0,7.0,8.0,0.13297379201078796,2.0,0.13297379201078796
2,39,1.0,0.2748594050014306,0.1352022986621908,3.0,0.2380933267562514,0.21381306800108313,0.30245108989945024,0.40874581367761453,0.17986639187315978,2.0,7.0,1.0,4.0,3.0,0.6132732346136616,0.13297379201078796,3.0,0.13297379201078796,0.13297379201078796,0.43555225188868374,3.0,0.2094679208156216,0.3528260203296699,0.6648668622962692,4.0,1.0,0.1977835618122482,1.0,4.0,0.2626175987741015,11.0,0.4727758060616625,0.28812481949131385,6.0,12.0,0.13297379201078796,0.17151429702448084,2.0,9.0,0.24541882234062795,6.0,7.0,4.0,1.0,11.0,5.0,3.0,0.16600845895905647,4.0,1.0,1.0,0.13297379201078796,0.2193381613165547,2.0,5.0,0.13297379201078796,4.0,1.0,2.0,0.15573113173477227,5.0,0.13297379201078796,8.0,0.14463182392648544,2.0,3.0,0.13297379201078796,1.0,3.0,2.0,0.13297379201078796,2.0,8.0,1.0,0.13297379201078796,1.0,3.0,1.0,4.0,0.13297379201078796,0.13297379201078796,1.0,1.0,5.0,3.0,0.13341139865995133,1.0,2.0,0.13297379201078796,0.18580546016206323,1.0,0.13297379201078796,0.13297379201078796,0.13297379201078796,2.0,7.0,8.0,0.13297379201078796,2.0,0.13297379201078796
3,0,3.0,9.0,3.0,0.13297379201078796,0.13297379201078796,0.3304124764294619,0.2062424637252589,1.0,11.0,2.0,0.15365960686067093,1.0,1.0,0.20447422082502698,0.18838405240318423,0.3553321425950856,0.2626175987741015,0.4451339117640043,0.3765728182035103,0.16136779532363288,0.2380933267562514,2.0,0.13297379201078796,2.0,10.0,3.0,1.0,1.0,0.15624322518544298,7.0,2.0,3.0,0.13297379201078796,0.187793439151141,1.0,0.40874581367761453,3.0,0.14163623772674783,1.0,1.0,0.6648668622962692,2.0,0.204424758360772,0.13297379201078796,12.0,0.13297379201078796,2.0,0.2094679208156216,2.0,0.24541882234062795,0.27181940770776425,0.1530310374283831,0.18599647793324658,2.0,0.20053797968910714,5.0,0.15932002849531157,2.0,1.0,0.17596151083125333,0.18723955693818495,0.22674323500808713,4.0,11.0,3.0,2.0,3.0,3.0,1.0,0.1891738546028321,7.0,0.3487616664105183,0.1810933024114989,1.0,9.0,0.23311434189937952,0.23669592886187385,0.13494530734343801,0.13474381451567108,4.0,0.2417018217009923,3.0,0.17600622966240098,0.40764712340432063,0.220199223624159,0.19453381990778407,1.0,0.18296613866791045,1.0,0.13297379201078796,5.0,0.19800781820110624,5.0,2.0,1.0,0.13297379201078796,11.0,0.19879541498405162,2.0,5.0
3,1,3.0,9.0,3.0,0.13297379201078796,0.13297379201078796,0.13297379201078796,2.0,2.0,11.0,1.0,2.0,1.0,3.0,1.0,4.0,0.3553321425950856,0.2626175987741015,0.4451339117640043,2.0,6.0,8.0,2.0,0.13297379201078796,2.0,10.0,3.0,1.0,1.0,0.15624322518544298,7.0,2.0,3.0,0.13297379201078796,0.187793439151141,1.0,0.40874581367761453,3.0,0.14163623772674783,1.0,1.0,0.6648668622962692,2.0,0.204424758360772,0.13297379201078796,12.0,0.13297379201078796,2.0,0.2094679208156216,2.0,0.24541882234062795,0.27181940770776425,0.1530310374283831,0.18599647793324658,0.3249832895215866,0.13297379201078796,5.0,2.0,9.0,2.0,0.5229243163620046,2.0,0.22674323500808713,4.0,11.0,3.0,2.0,3.0,3.0,1.0,0.1891738546028321,7.0,0.3487616664105183,0.1810933024114989,1.0,9.0,0.23311434189937952,0.23669592886187385,0.13297379201078796,1.0,0.1759965581017776,6.0,3.0,0.17600622966240098,0.40764712340432063,0.220199223624159,0.19453381990778407,1.0,0.18296613866791045,1.0,1.0,1.0,0.19800781820110624,5.0,2.0,1.0,0.17600326723760318,11.0,0.19879541498405162,0.15603845233452218,0.3209443869027676
3,2,3.0,2.0,0.1776487186723591,0.13297379201078796,2.0,0.13297379201078796,2.0,2.0,11.0,1.0,2.0,1.0,3.0,1.0,4.0,0.3553321425950856,0.2626175987741015,0.4451339117640043,2.0,6.0,8.0,2.0,0.13297379201078796,2.0,10.0,3.0,1.0,1.0,0.15624322518544298,7.0,2.0,3.0,0.13297379201078796,0.187793439151141,1.0,0.40874581367761453,3.0,0.14163623772674783,1.0,1.0,0.6648668622962692,1.0,2.0,0.13297379201078796,10.0,0.13297379201078796,2.0,3.0,2.0,0.24541882234062795,0.27181940770776425,0.13297379201078796,0.13297379201078796,0.3249832895215866,0.13297379201078796,5.0,2.0,9.0,2.0,0.5229243163620046,2.0,0.22674323500808713,4.0,11.0,3.0,2.0,3.0,3.0,1.0,0.1891738546028321,7.0,0.4029955916869028,0.13297379201078796,1.0,8.0,0.23311434189937952,0.19654743210378156,0.13297379201078796,1.0,0.1759965581017776,6.0,3.0,0.17600622966240098,0.40764712340432063,0.220199223624159,0.14556794452450617,0.18208374834591556,0.3481466187588449,1.0,1.0,1.0,0.19800781820110624,5.0,2.0,1.0,0.17600326723760318,11.0,0.18002570232041926,0.15603845233452218,0.18140351849598402
3,3,3.0,2.0,0.1776487186723591,0.13297379201078796,2.0,0.13297379201078796,2.0,2.0,7.0,1.0,2.0,2.0,3.0,1.0,4.0,4.0,0.2626175987741015,0.4451339117640043,2.0,6.0,1.0,2.0,0.13297379201078796,2.0,10.0,3.0,1.0,1.0,0.15624322518544298,7.0,2.0,3.0,0.13297379201078796,0.187793439151141,1.0,0.40874581367761453,3.0,0.14163623772674783,1.0,1.0,0.6648668622962692,1.0,2.0,0.13297379201078796,10.0,0.13297379201078796,2.0,3.0,2.0,0.24541882234062795,0.27181940770776425,0.13297379201078796,0.13297379201078796,0.13297379201078796,0.1362748854720971,5.0,2.0,9.0,2.0,5.0,2.0,0.22674323500808713,4.0,11.0,3.0,2.0,3.0,3.0,1.0,0.1891738546028321,7.0,0.4029955916869028,0.13297379201078796,1.0,8.0,0.23311434189937952,0.19654743210378156,0.13477880266142694,1.0,0.13939089341585298,6.0,3.0,0.17600622966240098,0.40764712340432063,0.220199223624159,0.14556794452450617,0.18208374834591556,0.3481466187588449,1.0,5.0,1.0,0.19800781820110624,5.0,2.0,1.0,0.14155416167817625,11.0,0.18002570232041926,0.13297379201078796,4.0
3,4,3.0,2.0,0.1776487186723591,0.13297379201078796,2.0,0.13297379201078796,2.0,2.0,7.0,1.0,2.0,2.0,3.0,1.0,4.0,4.0,0.2626175987741015,0.4451339117640043,2.0,6.0,1.0,2.0,0.13297379201078796,2.0,10.0,3.0,1.0,1.0,0.15624322518544298,7.0,2.0,3.0,0.13297379201078796,0.187793439151141,1.0,0.40874581367761453,3.0,0.14163623772674783,1.0,1.0,0.6648668622962692,1.0,0.13297379201078796,0.13297379201078796,10.0,0.13297379201078796,2.0,3.0,2.0,0.24541882234062795,0.27181940770776425,0.13297379201078796,0.13297379201078796,0.13297379201078796,0.1362748854720971,5.0,2.0,9.0,2.0,5.0,2.0,0.22674323500808713,4.0,11.0,3.0,2.0,3.0,3.0,1.0,0.1891738546028321,7.0,0.14963872892287533,0.13297379201078796,1.0,8.0,0.23311434189937952,0.19654743210378156,0.13477880266142694,1.0,0.13939089341585298,6.0,3.0,0.17600622966240098,0.40764712340432063,0.220199223624159,0.14556794452450617,1.0,0.3481466187588449,1.0,5.0,1.0,0.19800781820110624,5.0,2.0,1.0,0.14155416167817625,11.0,3.0,0.13297379201078796,4.0
3,5,3.0,2.0,0.1776487186723591,0.13297379201078796,2.0,0.13297379201078796,2.0,2.0,7.0,4.0,2.0,2.0,3.0,1.0,4.0,3.0,0.13297379201078796,0.4451339117640043,2.0,6.0,1.0,2.0,0.13297379201078796,2.0,10.0,3.0,1.0,1.0,0.15624322518544298,7.0,2.0,3.0,0.13297379201078796,0.187793439151141,1.0,0.40874581367761453,3.0,0.14163623772674783,1.0,1.0,0.6648668622962692,1.0,0.13297379201078796,0.13297379201078796,10.0,0.13297379201078796,2.0,3.0,2.0,0.24541882234062795,0.27181940770776425,0.13297379201078796,0.13297379201078796,0.13297379201078796,0.1362748854720971,5.0,2.0,9.0,2.0,5.0,2.0,0.22674323500808713,4.0,11.0,3.0,2.0,3.0,3.0,1.0,0.1891738546028321,7.0,0.14963872892287533,0.13297379201078796,1.0,8.0,0.23311434189937952,0.19654743210378156,0.13477880266142694,1.0,0.14867229201805698,6.0,3.0,0.17600622966240098,0.40764712340432063,0.220199223624159,0.14556794452450617,1.0,0.3481466187588449,1.0,4.0,1.0,0.19800781820110624,5.0,2.0,1.0,0.13297379201078796,11.0,3.0,0.13297379201078796,4.0
3,6,3.0,2.0,0.1776487186723591,0.13297379201078796,2.0,0.13739614050242688,4.0,2.0,7.0,4.0,2.0,2.0,3.0,1.0,4.0,3.0,0.13297379201078796,0.4451339117640043,2.0,6.0,1.0,2.0,0.13297379201078796,2.0,2.0,3.0,1.0,1.0,0.15624322518544298,7.0,2.0,3.0,0.13297379201078796,0.187793439151141,1.0,0.40874581367761453,3.0,0.14163623772674783,1.0,1.0,0.6648668622962692,1.0,0.13297379201078796,0.13297379201078796,10.0,0.13297379201078796,2.0,3.0,2.0,0.24541882234062795,0.27181940770776425,0.13297379201078796,0.13297379201078796,0.18531168368550188,0.13833401176608806,5.0,2.0,9.0,2.0,5.0,2.0,0.22674323500808713,4.0,11.0,3.0,2.0,3.0,3.0,1.0,0.1891738546028321,7.0,0.14963872892287533,0.13297379201078796,1.0,8.0,0.23311434189937952,0.19654743210378156,0.13297379201078796,1.0,0.14867229201805698,6.0,3.0,0.13297379201078796,0.40764712340432063,0.220199223624159,0.14556794452450617,1.0,0.3481466187588449,1.0,4.0,1.0,7.0,5.0,2.0,1.0,0.13297379201078796,11.0,3.0,0.13297379201078796,4.0
3,7,3.0,2.0,0.1776487186723591,0.13297379201078796,2.0,0.13739614050242688,4.0,2.0,7.0,4.0,2.0,2.0,3.0,1.0,4.0,3.0,0.13297379201078796,0.4451339117640043,6.0,6.0,1.0,2.0,0.13297379201078796,1.0,2.0,3.0,1.0,1.0,0.15624322518544298,7.0,2.0,3.0,0.13297379201078796,0.187793439151141,1.0,0.40874581367761453,3.0,0.14163623772674783,1.0,1.0,0.6648668622962692,1.0,0.13297379201078796,0.13297379201078796,10.0,0.13297379201078796,2.0,3.0,2.0,0.24541882234062795,0.27181940770776425,0.13297379201078796,0.13297379201078796,0.18531168368550188,0.13833401176608806,5.0,2.0,9.0,2.0,5.0,2.0,0.22674323500808713,4.0,11.0,3.0,2.0,3.0,3.0,1.0,0.1891738546028321,7.0,0.14963872892287533,0.13297379201078796,1.0,8.0,0.23311434189937952,0.19654743210378156,0.13297379201078796,1.0,0.14867229201805698,6.0,3.0,0.13297379201078796,0.40764712340432063,0.220199223624159,0.14556794452450617,1.0,0.3481466187588449,1.0,4.0,1.0,7.0,5.0,2.0,1.0,0.13297379201078796,11.0,3.0,0.13297379201078796,4.0
3,8,3.0,2.0,0.1776487186723591,0.13297379201078796,2.0,0.13739614050242688,4.0,2.0,7.0,4.0,2.0,2.0,3.0,1.0,4.0,3.0,0.13297379201078796,0.4451339117640043,6.0,6.0,1.0,2.0,0.13297379201078796,1.0,2.0,3.0,1.0,1.0,0.15624322518544298,7.0,2.0,3.0,0.13297379201078796,0.187793439151141,1.0,0.40874581367761453,3.0,0.14163623772674783,1.0,1.0,0.6648668622962692,1.0,0.13297379201078796,0.13297379201078796,10.0,0.13297379201078796,2.0,3.0,2.0,0.24541882234062795,0.27181940770776425,0.13297379201078796,0.13297379201078796,0.18531168368550188,0.13833401176608806,5.0,2.0,9.0,2.0,5.0,2.0,0.22674323500808713,4.0,11.0,3.0,2.0,3.0,3.0,1.0,0.1891738546028321,7.0,0.14963872892287533,0.13297379201078796,1.0,8.0,0.23311434189937952,0.19654743210378156,0.13297379201078796,1.0,0.14867229201805698,6.0,3.0,0.13297379201078796,0.40764712340432063,0.220199223624159,0.14556794452450617,1.0,0.3481466187588449,1.0,4.0,1.0,7.0,5.0,2.0,1.0,0.13297379201078796,11.0,3.0,0.13297379201078796,4.0
3,9,3.0,2.0,0.1776487186723591,0.13297379201078796,2.0,0.13739614050242688,4.0,2.0,7.0,4.0,2.0,2.0,3.0,1.0,4.0,3.0,0.13297379201078796,0.4451339117640043,6.0,6.0,1.0,2.0,0.13297379201078796,1.0,2.0,3.0,1.0,1.0,0.15624322518544298,7.0,2.0,3.0,0.13297379201078796,0.187793439151141,1.0,0.40874581367761453,3.0,0.14163623772674783,1.0,1.0,0.6648668622962692,1.0,0.13297379201078796,0.13297379201078796,10.0,0.13297379201078796,2.0,3.0,2.0,0.24541882234062795,0.27181940770776425,0.13297379201078796,0.13297379201078796,0.18531168368550188,0.13833401176608806,5.0,2.0,9.0,2.0,5.0,2.0,0.22674323500808713,4.0,11.0,3.0,2.0,3.0,3.0,1.0,0.1891738546028321,7.0,0.14963872892287533,0.13297379201078796,1.0,8.0,0.23311434189937952,0.19654743210378156,0.13297379201078796,1.0,0.14867229201805698,6.0,3.0,0.13297379201078796,0.40764712340432063,0.220199223624159,0.14556794452450617,1.0,0.3481466187588449,1.0,4.0,1.0,7.0,5.0,2.0,1.0,0.13297379201078796,11.0,3.0,0.13297379201078796,4.0
3,10,3.0,2.0,0.1776487186723591,0.13297379201078796,2.0,0.13739614050242688,4.0,2.0,7.0,4.0,2.0,2.0,3.0,1.0,4.0,3.0,0.13297379201078796,0.4451339117640043,6.0,6.0,1.0,2.0,0.13297379201078796,1.0,2.0,3.0,1.0,1.0,0.15624322518544298,7.0,2.0,3.0,0.13297379201078796,0.187793439151141,1.0,0.40874581367761453,3.0,0.14163623772674783,1.0,1.0,0.6648668622962692,1.0,0.13297379201078796,0.13297379201078796,10.0,0.13297379201078796,2.0,3.0,2.0,0.24541882234062795,0.27181940770776425,0.13297379201078796,0.13297379201078796,0.18531168368550188,0.13833401176608806,5.0,2.0,9.0,2.0,5.0,2.0,0.22674323500808713,4.0,11.0,3.0,2.0,3.0,3.0,1.0,0.1891738546028321,7.0,0.14963872892287533,0.13297379201078796,1.0,8.0,0.23311434189937952,0.19654743210378156,0.13297379201078796,1.0,0.14867229201805698,6.0,3.0,0.13297379201078796,0.40764712340432063,0.220199223624159,0.14556794452450617,1.0,0.3481466187588449,1.0,4.0,1.0,7.0,5.0,2.0,1.0,0.13297379201078796,11.0,3.0,0.13297379201078796,4.0
3,11,3.0,2.0,0.1776487186723591,0.13297379201078796,2.0,0.13739614050242688,4.0,2.0,7.0,4.0,2.0,2.0,3.0,1.0,4.0,3.0,0.13297379201078796,0.4451339117640043,6.0,6.0,1.0,2.0,0.13297379201078796,1.0,2.0,3.0,1.0,1.0,0.15624322518544298,7.0,2.0,3.0,0.13297379201078796,0.187793439151141,1.0,0.40874581367761453,3.0,0.14163623772674783,1.0,1.0,0.6648668622962692,1.0,0.13297379201078796,0.13297379201078796,10.0,0.13297379201078796,2.0,3.0,2.0,0.24541882234062795,0.27181940770776425,0.13297379201078796,0.13297379201078796,0.18531168368550188,0.13833401176608806,5.0,2.0,9.0,2.0,5.0,2.0,0.22674323500808713,4.0,11.0,3.0,2.0,3.0,3.0,1.0,0.1891738546028321,7.0,0.14963872892287533,0.13297379201078796,1.0,8.0,0.23311434189937952,0.19654743210378156,0.13297379201078796,1.0,0.14867229201805698,6.0,3.0,0.13297379201078796,0.40764712340432063,0.220199223624159,0.14556794452450617,1.0,0.3481466187588449,1.0,4.0,1.0,7.0,5.0,2.0,1.0,0.13297379201078796,11.0,3.0,0.13297379201078796,4.0
3,12,3.0,2.0,0.1776487186723591,0.13297379201078796,2.0,0.13739614050242688,4.0,2.0,7.0,4.0,2.0,2.0,3.0,1.0,4.0,3.0,0.13297379201078796,0.4451339117640043,6.0,6.0,1.0,2.0,0.13297379201078796,1.0,2.0,3.0,1.0,1.0,0.15624322518544298,7.0,2.0,3.0,0.13297379201078796,0.187793439151141,1.0,0.40874581367761453,3.0,0.14163623772674783,1.0,1.0,0.6648668622962692,1.0,0.13297379201078796,0.13297379201078796,10.0,0.13297379201078796,2.0,3.0,2.0,0.24541882234062795,0.27181940770776425,0.13297379201078796,0.13297379201078796,0.18531168368550188,0.13833401176608806,5.0,2.0,9.0,2.0,5.0,2.0,0.22674323500808713,4.0,11.0,3.0,2.0,3.0,3.0,1.0,0.1891738546028321,7.0,0.14963872892287533,0.13297379201078796,1.0,8.0,0.23311434189937952,0.19654743210378156,0.13297379201078796,1.0,0.14867229201805698,6.0,3.0,0.13297379201078796,0.40764712340432063,0.220199223624159,0.14556794452450617,1.0,0.3481466187588449,1.0,4.0,1.0,7.0,5.0,2.0,1.0,0.13297379201078796,11.0,3.0,0.13297379201078796,4.0
3,13,3.0,2.0,0.1776487186723591,0.13297379201078796,2.0,0.13739614050242688,4.0,2.0,7.0,4.0,2.0,2.0,3.0,1.0,4.0,3.0,0.13297379201078796,0.4451339117640043,6.0,6.0,1.0,2.0,0.13297379201078796,1.0,2.0,3.0,1.0,1.0,0.15624322518544298,7.0,2.0,3.0,0.13297379201078796,0.187793439151141,1.0,0.40874581367761453,3.0,0.14163623772674783,1.0,1.0,0.6648668622962692,1.0,0.13297379201078796,0.13297379201078796,10.0,0.13297379201078796,2.0,3.0,2.0,0.24541882234062795,0.27181940770776425,0.13297379201078796,0.13297379201078796,0.18531168368550188,0.13833401176608806,5.0,2.0,9.0,2.0,5.0,2.0,0.22674323500808713,4.0,11.0,3.0,2.0,3.0,3.0,1.0,0.1891738546028321,7.0,0.14963872892287533,0.13297379201078796,1.0,8.0,0.23311434189937952,0.19654743210378156,0.13297379201078796,1.0,0.14867229201805698,6.0,3.0,0.13297379201078796,0.40764712340432063,0.220199223624159,0.14556794452450617,1.0,0.3481466187588449,1.0,4.0,1.0,7.0,5.0,2.0,1.0,0.13297379201078796,11.0,3.0,0.13297379201078796,4.0
3,14,3.0,2.0,0.1776487186723591,0.13297379201078796,2.0,0.13739614050242688,4.0,2.0,7.0,4.0,2.0,2.0,3.0,1.0,4.0,3.0,0.13297379201078796,0.4451339117640043,6.0,6.0,1.0,2.0,0.13297379201078796,1.0,2.0,3.0,1.0,1.0,0.15624322518544298,7.0,2.0,3.0,0.13297379201078796,0.187793439151141,1.0,0.40874581367761453,3.0,0.14163623772674783,1.0,1.0,0.6648668622962692,1.0,0.13297379201078796,0.13297379201078796,10.0,0.13297379201078796,2.0,3.0,2.0,0.24541882234062795,0.27181940770776425,0.13297379201078796,0.13297379201078796,0.18531168368550188,0.13833401176608806,5.0,2.0,9.0,2.0,5.0,2.0,0.22674323500808713,4.0,11.0,3.0,2.0,3.0,3.0,1.0,0.1891738546028321,7.0,0.14963872892287533,0.13297379201078796,1.0,8.0,0.23311434189937952,0.19654743210378156,0.13297379201078796,1.0,0.14867229201805698,6.0,3.0,0.13297379201078796,0.40764712340432063,0.220199223624159,0.14556794452450617,1.0,0.3481466187588449,1.0,4.0,1.0,7.0,5.0,2.0,1.0,0.13297379201078796,11.0,3.0,0.13297379201078796,4.0
3,15,3.0,2.0,0.1776487186723591,0.13297379201078796,2.0,0.13739614050242688,4.0,2.0,7.0,4.0,2.0,2.0,3.0,1.0,4.0,3.0,0.13297379201078796,0.4451339117640043,6.0,6.0,1.0,2.0,0.13297379201078796,1.0,2.0,3.0,1.0,1.0,0.15624322518544298,7.0,2.0,3.0,0.13297379201078796,0.187793439151141,1.0,0.40874581367761453,3.0,0.14163623772674783,1.0,1.0,0.6648668622962692,1.0,0.13297379201078796,0.13297379201078796,10.0,0.13297379201078796,2.0,3.0,2.0,0.24541882234062795,0.27181940770776425,0.13297379201078796,0.13297379201078796,0.18531168368550188,0.13833401176608806,5.0,2.0,9.0,2.0,5.0,2.0,0.22674323500808713,4.0,11.0,3.0,2.0,3.0,3.0,1.0,0.1891738546028321,7.0,0.14963872892287533,0.13297379201078796,1.0,8.0,0.23311434189937952,0.19654743210378156,0.13297379201078796,1.0,0.14867229201805698,6.0,3.0,0.13297379201078796,0.40764712340432063,0.220199223624159,0.14556794452450617,1.0,0.3481466187588449,1.0,4.0,1.0,7.0,5.0,2.0,1.0,0.13297379201078796,11.0,3.0,0.13297379201078796,4.0
3,16,3.0,2.0,0.1776487186723591,0.13297379201078796,2.0,0.13739614050242688,4.0,2.0,7.0,4.0,2.0,2.0,3.0,1.0,4.0,3.0,0.13297379201078796,0.4451339117640043,6.0,6.0,1.0,2.0,0.13297379201078796,1.0,2.0,3.0,1.0,1.0,0.15624322518544298,7.0,2.0,3.0,0.13297379201078796,0.187793439151141,1.0,0.40874581367761453,3.0,0.14163623772674783,1.0,1.0,0.6648668622962692,1.0,0.13297379201078796,0.13297379201078796,10.0,0.13297379201078796,2.0,3.0,2.0,0.24541882234062795,0.27181940770776425,0.13297379201078796,0.13297379201078796,0.18531168368550188,0.13833401176608806,5.0,2.0,9.0,2.0,5.0,2.0,0.22674323500808713,4.0,11.0,3.0,2.0,3.0,3.0,1.0,0.1891738546028321,7.0,0.14963872892287533,0.13297379201078796,1.0,8.0,0.23311434189937952,0.19654743210378156,0.13297379201078796,1.0,0.14867229201805698,6.0,3.0,0.13297379201078796,0.40764712340432063,0.220199223624159,0.14556794452450617,1.0,0.3481466187588449,1.0,4.0,1.0,7.0,5.0,2.0,1.0,0.13297379201078796,11.0,3.0,0.13297379201078796,4.0
3,17,3.0,2.0,0.1776487186723591,0.13297379201078796,2.0,0.13739614050242688,4.0,2.0,7.0,4.0,2.0,2.0,3.0,1.0,4.0,3.0,0.13297379201078796,0.4451339117640043,6.0,6.0,1.0,2.0,0.13297379201078796,1.0,2.0,3.0,1.0,1.0,0.15624322518544298,7.0,2.0,3.0,0.13297379201078796,0.187793439151141,1.0,0.40874581367761453,3.0,0.14163623772674783,1.0,1.0,0.6648668622962692,1.0,0.13297379201078796,0.13297379201078796,10.0,0.13297379201078796,2.0,3.0,2.0,0.24541882234062795,0.27181940770776425,0.13297379201078796,0.13297379201078796,0.18531168368550188,0.13833401176608806,5.0,2.0,9.0,2.0,5.0,2.0,0.22674323500808713,4.0,11.0,3.0,2.0,3.0,3.0,1.0,0.1891738546028321,7.0,0.14963872892287533,0.13297379201078796,1.0,8.0,0.23311434189937952,0.19654743210378156,0.13297379201078796,1.0,0.14867229201805698,6.0,3.0,0.13297379201078796,0.40764712340432063,0.220199223624159,0.14556794452450617,1.0,0.3481466187588449,1.0,4.0,1.0,7.0,5.0,2.0,1.0,0.13297379201078796,11.0,3.0,0.13297379201078796,4.0
3,18,3.0,2.0,0.1776487186723591,0.13297379201078796,2.0,0.13739614050242688,4.0,2.0,7.0,4.0,2.0,2.0,3.0,1.0,4.0,3.0,0.13297379201078796,0.4451339117640043,6.0,6.0,1.0,2.0,0.13297379201078796,1.0,2.0,3.0,1.0,1.0,0.15624322518544298,7.0,2.0,3.0,0.13297379201078796,0.187793439151141,1.0,0.40874581367761453,3.0,0.14163623772674783,1.0,1.0,0.6648668622962692,1.0,0.13297379201078796,0.13297379201078796,10.0,0.13297379201078796,2.0,3.0,2.0,0.24541882234062795,0.27181940770776425,0.13297379201078796,0.13297379201078796,0.18531168368550188,0.13833401176608806,5.0,2.0,9.0,2.0,5.0,2.0,0.22674323500808713,4.0,11.0,3.0,2.0,3.0,3.0,1.0,0.1891738546028321,7.0,0.14963872892287533,0.13297379201078796,1.0,8.0,0.23311434189937952,0.19654743210378156,0.13297379201078796,1.0,0.14867229201805698,6.0,3.0,0.13297379201078796,0.40764712340432063,0.220199223624159,0.14556794452450617,1.0,0.3481466187588449,1.0,4.0,1.0,7.0,5.0,2.0,1.0,0.13297379201078796,11.0,3.0,0.13297379201078796,4.0
3,19,3.0,2.0,0.1776487186723591,0.13297379201078796,2.0,0.13739614050242688,4.0,2.0,7.0,4.0,2.0,2.0,3.0,1.0,4.0,3.0,0.13297379201078796,0.4451339117640043,6.0,6.0,1.0,2.0,0.13297379201078796,1.0,2.0,3.0,1.0,1.0,0.15624322518544298,7.0,2.0,3.0,0.13297379201078796,0.187793439151141,1.0,0.40874581367761453,3.0,0.14163623772674783,1.0,1.0,0.6648668622962692,1.0,0.13297379201078796,0.13297379201078796,10.0,0.13297379201078796,2.0,3.0,2.0,0.24541882234062795,0.27181940770776425,0.13297379201078796,0.13297379201078796,0.18531168368550188,0.13833401176608806,5.0,2.0,9.0,2.0,5.0,2.0,0.22674323500808713,4.0,11.0,3.0,2.0,3.0,3.0,1.0,0.1891738546028321,7.0,0.14963872892287533,0.13297379201078796,1.0,8.0,0.23311434189937952,0.19654743210378156,0.13297379201078796,1.0,0.14867229201805698,6.0,3.0,0.13297379201078796,0.40764712340432063,0.220199223624159,0.14556794452450617,1.0,0.3481466187588449,1.0,4.0,1.0,7.0,5.0,2.0,1.0,0.13297379201078796,11.0,3.0,0.13297379201078796,4.0
3,20,3.0,2.0,0.1776487186723591,0.13297379201078796,2.0,0.13739614050242688,4.0,2.0,7.0,4.0,2.0,2.0,3.0,1.0,4.0,3.0,0.13297379201078796,0.4451339117640043,6.0,6.0,1.0,2.0,0.13297379201078796,1.0,2.0,3.0,1.0,1.0,0.15624322518544298,7.0,2.0,3.0,0.13297379201078796,0.187793439151141,1.0,0.40874581367761453,3.0,0.14163623772674783,1.0,1.0,0.6648668622962692,1.0,0.13297379201078796,0.13297379201078796,10.0,0.13297379201078796,2.0,3.0,2.0,0.24541882234062795,0.27181940770776425,0.13297379201078796,0.13297379201078796,0.18531168368550188,0.13833401176608806,5.0,2.0,9.0,2.0,5.0,2.0,0.22674323500808713,4.0,11.0,3.0,2.0,3.0,3.0,1.0,0.1891738546028321,7.0,0.14963872892287533,0.13297379201078796,1.0,8.0,0.23311434189937952,0.19654743210378156,0.13297379201078796,1.0,0.14867229201805698,6.0,3.0,0.13297379201078796,0.40764712340432063,0.220199223624159,0.14556794452450617,1.0,0.3481466187588449,1.0,4.0,1.0,7.0,5.0,2.0,1.0,0.13297379201078796,11.0,3.0,0.13297379201078796,4.0
3,21,3.0,2.0,0.1776487186723591,0.13297379201078796,2.0,0.13739614050242688,4.0,2.0,7.0,4.0,2.0,2.0,3.0,1.0,4.0,3.0,0.13297379201078796,0.4451339117640043,6.0,6.0,1.0,2.0,0.13297379201078796,1.0,2.0,3.0,1.0,1.0,0.15624322518544298,7.0,2.0,3.0,0.13297379201078796,0.187793439151141,1.0,0.40874581367761453,3.0,0.14163623772674783,1.0,1.0,0.6648668622962692,1.0,0.13297379201078796,0.13297379201078796,10.0,0.13297379201078796,2.0,3.0,2.0,0.24541882234062795,0.27181940770776425,0.13297379201078796,0.13297379201078796,0.18531168368550188,0.13833401176608806,5.0,2.0,9.0,2.0,5.0,2.0,0.22674323500808713,4.0,11.0,3.0,2.0,3.0,3.0,1.0,0.1891738546028321,7.0,0.14963872892287533,0.13297379201078796,1.0,8.0,0.23311434189937952,0.19654743210378156,0.13297379201078796,1.0,0.14867229201805698,6.0,3.0,0.13297379201078796,0.40764712340432063,0.220199223624159,0.14556794452450617,1.0,0.3481466187588449,1.0,4.0,1.0,7.0,5.0,2.0,1.0,0.13297379201078796,11.0,3.0,0.13297379201078796,4.0
3,22,3.0,2.0,0.1776487186723591,0.13297379201078796,2.0,0.13739614050242688,4.0,2.0,7.0,4.0,2.0,2.0,3.0,1.0,4.0,3.0,0.13297379201078796,0.4451339117640043,6.0,6.0,1.0,2.0,0.13297379201078796,1.0,2.0,3.0,1.0,1.0,0.15624322518544298,7.0,2.0,3.0,0.13297379201078796,0.187793439151141,1.0,0.40874581367761453,3.0,0.14163623772674783,1.0,1.0,0.6648668622962692,1.0,0.13297379201078796,0.13297379201078796,10.0,0.13297379201078796,2.0,3.0,2.0,0.24541882234062795,0.27181940770776425,0.13297379201078796,0.13297379201078796,0.18531168368550188,0.13833401176608806,5.0,2.0,9.0,2.0,5.0,2.0,0.22674323500808713,4.0,11.0,3.0,2.0,3.0,3.0,1.0,0.1891738546028321,7.0,0.14963872892287533,0.13297379201078796,1.0,8.0,0.23311434189937952,0.19654743210378156,0.13297379201078796,1.0,0.14867229201805698,6.0,3.0,0.13297379201078796,0.40764712340432063,0.220199223624159,0.14556794452450617,1.0,0.3481466187588449,1.0,4.0,1.0,7.0,5.0,2.0,1.0,0.13297379201078796,11.0,3.0,0.13297379201078796,4.0
3,23,3.0,2.0,0.1776487186723591,0.13297379201078796,2.0,0.13739614050242688,4.0,2.0,7.0,4.0,2.0,2.0,3.0,1.0,4.0,3.0,0.13297379201078796,0.4451339117640043,6.0,6.0,1.0,2.0,0.13297379201078796,1.0,2.0,3.0,1.0,1.0,0.15624322518544298,7.0,2.0,3.0,0.13297379201078796,0.187793439151141,1.0,0.40874581367761453,3.0,0.14163623772674783,1.0,1.0,0.6648668622962692,1.0,0.13297379201078796,0.13297379201078796,10.0,0.13297379201078796,2.0,3.0,2.0,0.24541882234062795,0.27181940770776425,0.13297379201078796,0.13297379201078796,0.18531168368550188,0.13833401176608806,5.0,2.0,9.0,2.0,5.0,2.0,0.22674323500808713,4.0,11.0,3.0,2.0,3.0,3.0,1.0,0.1891738546028321,7.0,0.14963872892287533,0.13297379201078796,1.0,8.0,0.23311434189937952,0.19654743210378156,0.13297379201078796,1.0,0.14867229201805698,6.0,3.0,0.13297379201078796,0.40764712340432063,0.220199223624159,0.14556794452450617,1.0,0.3481466187588449,1.0,4.0,1.0,7.0,5.0,2.0,1.0,0.13297379201078796,11.0,3.0,0.13297379201078796,4.0
3,24,3.0,2.0,0.1776487186723591,0.13297379201078796,2.0,0.13739614050242688,4.0,2.0,7.0,4.0,2.0,2.0,3.0,1.0,4.0,3.0,0.13297379201078796,0.4451339117640043,6.0,6.0,1.0,2.0,0.13297379201078796,1.0,2.0,3.0,1.0,1.0,0.15624322518544298,7.0,2.0,3.0,0.13297379201078796,0.187793439151141,1.0,0.40874581367761453,3.0,0.14163623772674783,1.0,1.0,0.6648668622962692,1.0,0.13297379201078796,0.13297379201078796,10.0,0.13297379201078796,2.0,3.0,2.0,0.24541882234062795,0.27181940770776425,0.13297379201078796,0.13297379201078796,0.18531168368550188,0.13833401176608806,5.0,2.0,9.0,2.0,5.0,2.0,0.22674323500808713,4.0,11.0,3.0,2.0,3.0,3.0,1.0,0.1891738546028321,7.0,0.14963872892287533,0.13297379201078796,1.0,8.0,0.23311434189937952,0.19654743210378156,0.13297379201078796,1.0,0.14867229201805698,6.0,3.0,0.13297379201078796,0.40764712340432063,0.220199223624159,0.14556794452450617,1.0,0.3481466187588449,1.0,4.0,1.0,7.0,5.0,2.0,1.0,0.13297379201078796,11.0,3.0,0.13297379201078796,4.0
3,25,3.0,2.0,0.1776487186723591,0.13297379201078796,2.0,0.13739614050242688,4.0,2.0,7.0,4.0,2.0,2.0,3.0,1.0,4.0,3.0,0.13297379201078796,0.4451339117640043,6.0,6.0,1.0,2.0,0.13297379201078796,1.0,2.0,3.0,1.0,1.0,0.15624322518544298,7.0,2.0,3.0,0.13297379201078796,0.187793439151141,1.0,0.40874581367761453,3.0,0.14163623772674783,1.0,1.0,0.6648668622962692,1.0,0.13297379201078796,0.13297379201078796,10.0,0.13297379201078796,2.0,3.0,2.0,0.24541882234062795,0.27181940770776425,0.13297379201078796,0.13297379201078796,0.18531168368550188,0.13833401176608806,5.0,2.0,9.0,2.0,5.0,2.0,0.22674323500808713,4.0,11.0,3.0,2.0,3.0,3.0,1.0,0.1891738546028321,7.0,0.14963872892287533,0.13297379201078796,1.0,8.0,0.23311434189937952,0.19654743210378156,0.13297379201078796,1.0,0.14867229201805698,6.0,3.0,0.13297379201078796,0.40764712340432063,0.220199223624159,0.14556794452450617,1.0,0.3481466187588449,1.0,4.0,1.0,7.0,5.0,2.0,1.0,0.13297379201078796,11.0,3.0,0.13297379201078796,4.0
3,26,3.0,2.0,0.1776487186723591,0.13297379201078796,2.0,0.13739614050242688,4.0,2.0,7.0,4.0,2.0,2.0,3.0,1.0,4.0,3.0,0.13297379201078796,0.4451339117640043,6.0,6.0,1.0,2.0,0.13297379201078796,1.0,2.0,3.0,1.0,1.0,0.15624322518544298,7.0,2.0,3.0,0.13297379201078796,0.187793439151141,1.0,0.40874581367761453,3.0,0.14163623772674783,1.0,1.0,0.6648668622962692,1.0,0.13297379201078796,0.13297379201078796,10.0,0.13297379201078796,2.0,3.0,2.0,0.24541882234062795,0.27181940770776425,0.13297379201078796,0.13297379201078796,0.18531168368550188,0.13833401176608806,5.0,2.0,9.0,2.0,5.0,2.0,0.22674323500808713,4.0,11.0,3.0,2.0,3.0,3.0,1.0,0.1891738546028321,7.0,0.14963872892287533,0.13297379201078796,1.0,8.0,0.23311434189937952,0.19654743210378156,0.13297379201078796,1.0,0.14867229201805698,6.0,3.0,0.13297379201078796,0.40764712340432063,0.220199223624159,0.14556794452450617,1.0,0.3481466187588449,1.0,4.0,1.0,7.0,5.0,2.0,1.0,0.13297379201078796,11.0,3.0,0.13297379201078796,4.0
3,27,3.0,2.0,0.1776487186723591,0.13297379201078796,2.0,0.13739614050242688,4.0,2.0,7.0,4.0,2.0,2.0,3.0,1.0,4.0,3.0,0.13297379201078796,0.4451339117640043,6.0,6.0,1.0,2.0,0.13297379201078796,1.0,2.0,3.0,1.0,1.0,0.15624322518544298,7.0,2.0,3.0,0.13297379201078796,0.187793439151141,1.0,0.40874581367761453,3.0,0.14163623772674783,1.0,1.0,0.6648668622962692,1.0,0.13297379201078796,0.13297379201078796,10.0,0.13297379201078796,2.0,3.0,2.0,0.24541882234062795,0.27181940770776425,0.13297379201078796,0.13297379201078796,0.18531168368550188,0.13833401176608806,5.0,2.0,9.0,2.0,5.0,2.0,0.22674323500808713,4.0,11.0,3.0,2.0,3.0,3.0,1.0,0.1891738546028321,7.0,0.14963872892287533,0.13297379201078796,1.0,8.0,0.23311434189937952,0.19654743210378156,0.13297379201078796,1.0,0.14867229201805698,6.0,3.0,0.13297379201078796,0.40764712340432063,0.220199223624159,0.14556794452450617,1.0,0.3481466187588449,1.0,4.0,1.0,7.0,5.0,2.0,1.0,0.13297379201078796,11.0,3.0,0.13297379201078796,4.0
3,28,3.0,2.0,0.1776487186723591,0.13297379201078796,2.0,0.13739614050242688,4.0,2.0,7.0,4.0,2.0,2.0,3.0,1.0,4.0,3.0,0.13297379201078796,0.4451339117640043,6.0,6.0,1.0,2.0,0.13297379201078796,1.0,2.0,3.0,1.0,1.0,0.15624322518544298,7.0,2.0,3.0,0.13297379201078796,0.187793439151141,1.0,0.40874581367761453,3.0,0.14163623772674783,1.0,1.0,0.6648668622962692,1.0,0.13297379201078796,0.13297379201078796,10.0,0.13297379201078796,2.0,3.0,2.0,0.24541882234062795,0.27181940770776425,0.13297379201078796,0.13297379201078796,0.18531168368550188,0.13833401176608806,5.0,2.0,9.0,2.0,5.0,2.0,0.22674323500808713,4.0,11.0,3.0,2.0,3.0,3.0,1.0,0.1891738546028321,7.0,0.14963872892287533,0.13297379201078796,1.0,8.0,0.23311434189937952,0.19654743210378156,0.13297379201078796,1.0,0.14867229201805698,6.0,3.0,0.13297379201078796,0.40764712340432063,0.220199223624159,0.14556794452450617,1.0,0.3481466187588449,1.0,4.0,1.0,7.0,5.0,2.0,1.0,0.13297379201078796,11.0,3.0,0.13297379201078796,4.0
3,29,3.0,2.0,0.1776487186723591,0.13297379201078796,2.0,0.13739614050242688,4.0,2.0,7.0,4.0,2.0,2.0,3.0,1.0,4.0,3.0,0.13297379201078796,0.4451339117640043,6.0,6.0,1.0,2.0,0.13297379201078796,1.0,2.0,3.0,1.0,1.0,0.15624322518544298,7.0,2.0,3.0,0.13297379201078796,0.187793439151141,1.0,0.40874581367761453,3.0,0.14163623772674783,1.0,1.0,0.6648668622962692,1.0,0.13297379201078796,0.13297379201078796,10.0,0.13297379201078796,2.0,3.0,2.0,0.24541882234062795,0.27181940770776425,0.13297379201078796,0.13297379201078796,0.18531168368550188,0.13833401176608806,5.0,2.0,9.0,2.0,5.0,2.0,0.22674323500808713,4.0,11.0,3.0,2.0,3.0,3.0,1.0,0.1891738546028321,7.0,0.14963872892287533,0.13297379201078796,1.0,8.0,0.23311434189937952,0.19654743210378156,0.13297379201078796,1.0,0.14867229201805698,6.0,3.0,0.13297379201078796,0.40764712340432063,0.220199223624159,0.14556794452450617,1.0,0.3481466187588449,1.0,4.0,1.0,7.0,5.0,2.0,1.0,0.13297379201078796,11.0,3.0,0.13297379201078796,4.0
3,30,3.0,2.0,0.1776487186723591,0.13297379201078796,2.0,0.13739614050242688,4.0,2.0,7.0,4.0,2.0,2.0,3.0,1.0,4.0,3.0,0.13297379201078796,0.4451339117640043,6.0,6.0,1.0,2.0,0.13297379201078796,1.0,2.0,3.0,1.0,1.0,0.15624322518544298,7.0,2.0,3.0,0.13297379201078796,0.187793439151141,1.0,0.40874581367761453,3.0,0.14163623772674783,1.0,1.0,0.6648668622962692,1.0,0.13297379201078796,0.13297379201078796,10.0,0.13297379201078796,2.0,3.0,2.0,0.24541882234062795,0.27181940770776425,0.13297379201078796,0.13297379201078796,0.18531168368550188,0.13833401176608806,5.0,2.0,9.0,2.0,5.0,2.0,0.22674323500808713,4.0,11.0,3.0,2.0,3.0,3.0,1.0,0.1891738546028321,7.0,0.14963872892287533,0.13297379201078796,1.0,8.0,0.23311434189937952,0.19654743210378156,0.13297379201078796,1.0,0.14867229201805698,6.0,3.0,0.13297379201078796,0.40764712340432063,0.220199223624159,0.14556794452450617,1.0,0.3481466187588449,1.0,4.0,1.0,7.0,5.0,2.0,1.0,0.13297379201078796,11.0,3.0,0.13297379201078796,4.0
3,31,3.0,2.0,0.1776487186723591,0.13297379201078796,2.0,0.13739614050242688,4.0,2.0,7.0,4.0,2.0,2.0,3.0,1.0,4.0,3.0,0.13297379201078796,0.4451339117640043,6.0,6.0,1.0,2.0,0.13297379201078796,1.0,2.0,3.0,1.0,1.0,0.15624322518544298,7.0,2.0,3.0,0.13297379201078796,0.187793439151141,1.0,0.40874581367761453,3.0,0.14163623772674783,1.0,1.0,0.6648668622962692,1.0,0.13297379201078796,0.13297379201078796,10.0,0.13297379201078796,2.0,3.0,2.0,0.24541882234062795,0.27181940770776425,0.13297379201078796,0.13297379201078796,0.18531168368550188,0.13833401176608806,5.0,2.0,9.0,2.0,5.0,2.0,0.22674323500808713,4.0,11.0,3.0,2.0,3.0,3.0,1.0,0.1891738546028321,7.0,0.14963872892287533,0.13297379201078796,1.0,8.0,0.23311434189937952,0.19654743210378156,0.13297379201078796,1.0,0.14867229201805698,6.0,3.0,0.13297379201078796,0.40764712340432063,0.220199223624159,0.14556794452450617,1.0,0.3481466187588449,1.0,4.0,1.0,7.0,5.0,2.0,1.0,0.13297379201078796,11.0,3.0,0.13297379201078796,4.0
3,32,3.0,2.0,0.1776487186723591,0.13297379201078796,2.0,0.13739614050242688,4.0,2.0,7.0,4.0,2.0,2.0,3.0,1.0,4.0,3.0,0.13297379201078796,0.4451339117640043,6.0,6.0,1.0,2.0,0.13297379201078796,1.0,2.0,3.0,1.0,1.0,0.15624322518544298,7.0,2.0,3.0,0.13297379201078796,0.187793439151141,1.0,0.40874581367761453,3.0,0.14163623772674783,1.0,1.0,0.6648668622962692,1.0,0.13297379201078796,0.13297379201078796,10.0,0.13297379201078796,2.0,3.0,2.0,0.24541882234062795,0.27181940770776425,0.13297379201078796,0.13297379201078796,0.18531168368550188,0.13833401176608806,5.0,2.0,9.0,2.0,5.0,2.0,0.22674323500808713,4.0,11.0,3.0,2.0,3.0,3.0,1.0,0.1891738546028321,7.0,0.14963872892287533,0.13297379201078796,1.0,8.0,0.23311434189937952,0.19654743210378156,0.13297379201078796,1.0,0.14867229201805698,6.0,3.0,0.13297379201078796,0.40764712340432063,0.220199223624159,0.14556794452450617,1.0,0.3481466187588449,1.0,4.0,1.0,7.0,5.0,2.0,1.0,0.13297379201078796,11.0,3.0,0.13297379201078796,4.0
3,33,3.0,2.0,0.1776487186723591,0.13297379201078796,2.0,0.13739614050242688,4.0,2.0,7.0,4.0,2.0,2.0,3.0,1.0,4.0,3.0,0.13297379201078796,0.4451339117640043,6.0,6.0,1.0,2.0,0.13297379201078796,1.0,2.0,3.0,1.0,1.0,0.15624322518544298,7.0,2.0,3.0,0.13297379201078796,0.187793439151141,1.0,0.40874581367761453,3.0,0.14163623772674783,1.0,1.0,0.6648668622962692,1.0,0.13297379201078796,0.13297379201078796,10.0,0.13297379201078796,2.0,3.0,2.0,0.24541882234062795,0.27181940770776425,0.13297379201078796,0.13297379201078796,0.18531168368550188,0.13833401176608806,5.0,2.0,9.0,2.0,5.0,2.0,0.22674323500808713,4.0,11.0,3.0,2.0,3.0,3.0,1.0,0.1891738546028321,7.0,0.14963872892287533,0.13297379201078796,1.0,8.0,0.23311434189937952,0.19654743210378156,0.13297379201078796,1.0,0.14867229201805698,6.0,3.0,0.13297379201078796,0.40764712340432063,0.220199223624159,0.14556794452450617,1.0,0.3481466187588449,1.0,4.0,1.0,7.0,5.0,2.0,1.0,0.13297379201078796,11.0,3.0,0.13297379201078796,4.0
3,34,3.0,2.0,0.1776487186723591,0.13297379201078796,2.0,0.13739614050242688,4.0,2.0,7.0,4.0,2.0,2.0,3.0,1.0,4.0,3.0,0.13297379201078796,0.4451339117640043,6.0,6.0,1.0,2.0,0.13297379201078796,1.0,2.0,3.0,1.0,1.0,0.15624322518544298,7.0,2.0,3.0,0.13297379201078796,0.187793439151141,1.0,0.40874581367761453,3.0,0.14163623772674783,1.0,1.0,0.6648668622962692,1.0,0.13297379201078796,0.13297379201078796,10.0,0.13297379201078796,2.0,3.0,2.0,0.24541882234062795,0.27181940770776425,0.13297379201078796,0.13297379201078796,0.18531168368550188,0.13833401176608806,5.0,2.0,9.0,2.0,5.0,2.0,0.22674323500808713,4.0,11.0,3.0,2.0,3.0,3.0,1.0,0.1891738546028321,7.0,0.14963872892287533,0.13297379201078796,1.0,8.0,0.23311434189937952,0.19654743210378156,0.13297379201078796,1.0,0.14867229201805698,6.0,3.0,0.13297379201078796,0.40764712340432063,0.220199223624159,0.14556794452450617,1.0,0.3481466187588449,1.0,4.0,1.0,7.0,5.0,2.0,1.0,0.13297379201078796,11.0,3.0,0.13297379201078796,4.0
3,35,3.0,2.0,0.1776487186723591,0.13297379201078796,2.0,0.13739614050242688,4.0,2.0,7.0,4.0,2.0,2.0,3.0,1.0,4.0,3.0,0.13297379201078796,0.4451339117640043,6.0,6.0,1.0,2.0,0.13297379201078796,1.0,2.0,3.0,1.0,1.0,0.15624322518544298,7.0,2.0,3.0,0.13297379201078796,0.187793439151141,1.0,0.40874581367761453,3.0,0.14163623772674783,1.0,1.0,0.6648668622962692,1.0,0.13297379201078796,0.13297379201078796,10.0,0.13297379201078796,2.0,3.0,2.0,0.24541882234062795,0.27181940770776425,0.13297379201078796,0.13297379201078796,0.18531168368550188,0.13833401176608806,5.0,2.0,9.0,2.0,5.0,2.0,0.22674323500808713,4.0,11.0,3.0,2.0,3.0,3.0,1.0,0.1891738546028321,7.0,0.14963872892287533,0.13297379201078796,1.0,8.0,0.23311434189937952,0.19654743210378156,0.13297379201078796,1.0,0.14867229201805698,6.0,3.0,0.13297379201078796,0.40764712340432063,0.220199223624159,0.14556794452450617,1.0,0.3481466187588449,1.0,4.0,1.0,7.0,5.0,2.0,1.0,0.13297379201078796,11.0,3.0,0.13297379201078796,4.0
3,36,3.0,2.0,0.1776487186723591,0.13297379201078796,2.0,0.13739614050242688,4.0,2.0,7.0,4.0,2.0,2.0,3.0,1.0,4.0,3.0,0.13297379201078796,0.4451339117640043,6.0,6.0,1.0,2.0,0.13297379201078796,1.0,2.0,3.0,1.0,1.0,0.15624322518544298,7.0,2.0,3.0,0.13297379201078796,0.187793439151141,1.0,0.40874581367761453,3.0,0.14163623772674783,1.0,1.0,0.6648668622962692,1.0,0.13297379201078796,0.13297379201078796,10.0,0.13297379201078796,2.0,3.0,2.0,0.24541882234062795,0.27181940770776425,0.13297379201078796,0.13297379201078796,0.18531168368550188,0.13833401176608806,5.0,2.0,9.0,2.0,5.0,2.0,0.22674323500808713,4.0,11.0,3.0,2.0,3.0,3.0,1.0,0.1891738546028321,7.0,0.14963872892287533,0.13297379201078796,1.0,8.0,0.23311434189937952,0.19654743210378156,0.13297379201078796,1.0,0.14867229201805698,6.0,3.0,0.13297379201078796,0.40764712340432063,0.220199223624159,0.14556794452450617,1.0,0.3481466187588449,1.0,4.0,1.0,7.0,5.0,2.0,1.0,0.13297379201078796,11.0,3.0,0.13297379201078796,4.0
3,37,3.0,2.0,0.1776487186723591,0.13297379201078796,2.0,0.13739614050242688,4.0,2.0,7.0,4.0,2.0,2.0,3.0,1.0,4.0,3.0,0.13297379201078796,0.4451339117640043,6.0,6.0,1.0,2.0,0.13297379201078796,1.0,2.0,3.0,1.0,1.0,0.15624322518544298,7.0,2.0,3.0,0.13297379201078796,0.187793439151141,1.0,0.40874581367761453,3.0,0.14163623772674783,1.0,1.0,0.6648668622962692,1.0,0.13297379201078796,0.13297379201078796,10.0,0.13297379201078796,2.0,3.0,2.0,0.24541882234062795,0.27181940770776425,0.13297379201078796,0.13297379201078796,0.18531168368550188,0.13833401176608806,5.0,2.0,9.0,2.0,5.0,2.0,0.22674323500808713,4.0,11.0,3.0,2.0,3.0,3.0,1.0,0.1891738546028321,7.0,0.14963872892287533,0.13297379201078796,1.0,8.0,0.23311434189937952,0.19654743210378156,0.13297379201078796,1.0,0.14867229201805698,6.0,3.0,0.13297379201078796,0.40764712340432063,0.220199223624159,0.14556794452450617,1.0,0.3481466187588449,1.0,4.0,1.0,7.0,5.0,2.0,1.0,0.13297379201078796,11.0,3.0,0.13297379201078796,4.0
3,38,3.0,2.0,0.1776487186723591,0.13297379201078796,2.0,0.13739614050242688,4.0,2.0,7.0,4.0,2.0,2.0,3.0,1.0,4.0,3.0,0.13297379201078796,0.4451339117640043,6.0,6.0,1.0,2.0,0.13297379201078796,1.0,2.0,3.0,1.0,1.0,0.15624322518544298,7.0,2.0,3.0,0.13297379201078796,0.187793439151141,1.0,0.40874581367761453,3.0,0.14163623772674783,1.0,1.0,0.6648668622962692,1.0,0.13297379201078796,0.13297379201078796,10.0,0.13297379201078796,2.0,3.0,2.0,0.24541882234062795,0.27181940770776425,0.13297379201078796,0.13297379201078796,0.18531168368550188,0.13833401176608806,5.0,2.0,9.0,2.0,5.0,2.0,0.22674323500808713,4.0,11.0,3.0,2.0,3.0,3.0,1.0,0.1891738546028321,7.0,0.14963872892287533,0.13297379201078796,1.0,8.0,0.23311434189937952,0.19654743210378156,0.13297379201078796,1.0,0.14867229201805698,6.0,3.0,0.13297379201078796,0.40764712340432063,0.220199223624159,0.14556794452450617,1.0,0.3481466187588449,1.0,4.0,1.0,7.0,5.0,2.0,1.0,0.13297379201078796,11.0,3.0,0.13297379201078796,4.0
3,39,3.0,2.0,0.1776487186723591,0.13297379201078796,2.0,0.13739614050242688,4.0,2.0,7.0,4.0,2.0,2.0,3.0,1.0,4.0,3.0,0.13297379201078796,0.4451339117640043,6.0,6.0,1.0,2.0,0.13297379201078796,1.0,2.0,3.0,1.0,1.0,0.15624322518544298,7.0,2.0,3.0,0.13297379201078796,0.187793439151141,1.0,0.40874581367761453,3.0,0.14163623772674783,1.0,1.0,0.6648668622962692,1.0,0.13297379201078796,0.13297379201078796,10.0,0.13297379201078796,2.0,3.0,2.0,0.24541882234062795,0.27181940770776425,0.13297379201078796,0.13297379201078796,0.18531168368550188,0.13833401176608806,5.0,2.0,9.0,2.0,5.0,2.0,0.22674323500808713,4.0,11.0,3.0,2.0,3.0,3.0,1.0,0.1891738546028321,7.0,0.14963872892287533,0.13297379201078796,1.0,8.0,0.23311434189937952,0.19654743210378156,0.13297379201078796,1.0,0.14867229201805698,6.0,3.0,0.13297379201078796,0.40764712340432063,0.220199223624159,0.14556794452450617,1.0,0.3481466187588449,1.0,4.0,1.0,7.0,5.0,2.0,1.0,0.13297379201078796,11.0,3.0,0.13297379201078796,4.0
4,0,1.0,1.0,1.0,1.0,1.0,12.0,0.40874581367761453,0.13297379201078796,0.1854845370606486,9.0,0.187793439151141,2.0,0.24541882234062795,0.2380933267562514,0.14739218356479844,3.0,2.0,1.0,1.0,0.13297379201078796,11.0,0.3765728182035103,3.0,0.6648668622962692,11.0,1.0,1.0,0.13297379201078796,2.0,2.0,3.0,0.15365960686067093,0.28812481949131385,0.3528260203296699,1.0,0.17986639187315978,0.17151429702448084,1.0,0.1977835618122482,0.2062424637252589,0.16136779532363288,0.15624322518544298,3.0,3.0,0.13297379201078796,0.4727758060616625,0.204424758360772,7.0,0.3304124764294619,9.0,0.4706502672488262,0.14671400588970696,0.13297379201078796,14.0,0.26840264292073457,1.0,4.0,2.0,10.0,0.5173465251066804,0.13432021685560191,0.22034407426238367,3.0,1.0,0.14948472325387718,0.217576994994793,5.0,6.0,1.0,1.0,1.0,0.21246301658067857,1.0,0.27121497572688424,0.13794333718668617,0.35994458807715046,4.0,0.3028575430866005,9.0,7.0,5.0,1.0,3.0,3.0,3.0,0.1955617920713394,1.0,0.3864611815059772,7.0,0.13297379201078796,2.0,0.19039314574123012,0.13297379201078796,1.0,2.0,1.0,0.2406392710481874,0.24410356467935668,1.0,0.2171032303163456
4,1,1.0,1.0,1.0,1.0,1.0,12.0,0.40874581367761453,0.13297379201078796,0.1854845370606486,9.0,0.187793439151141,2.0,0.24541882234062795,0.2380933267562514,0.14739218356479844,3.0,2.0,1.0,1.0,0.13297379201078796,11.0,0.3765728182035103,3.0,0.6648668622962692,11.0,2.0,5.0,3.0,0.2815589570978102,4.0,1.0,1.0,4.0,0.17754155790176096,5.0,1.0,4.0,1.0,0.1977835618122482,0.2062424637252589,0.16136779532363288,0.15624322518544298,3.0,3.0,0.13297379201078796,0.4727758060616625,0.204424758360772,7.0,0.3304124764294619,9.0,0.4706502672488262,0.14671400588970696,0.13297379201078796,14.0,0.26840264292073457,1.0,4.0,2.0,10.0,0.5173465251066804,0.13432021685560191,0.22034407426238367,3.0,0.43457376325261987,2.0,3.0,0.26328578668564795,0.14112999958313366,15.0,1.0,1.0,0.21246301658067857,1.0,0.27121497572688424,0.13794333718668617,0.35994458807715046,4.0,0.3028575430866005,9.0,7.0,5.0,1.0,4.0,3.0,0.4371238531973479,0.1955617920713394,1.0,0.3864611815059772,7.0,0.13297379201078796,2.0,1.0,6.0,1.0,2.0,1.0,0.13297379201078796,0.24410356467935668,1.0,0.22325689713307195
4,2,1.0,1.0,1.0,1.0,1.0,12.0,0.40874581367761453,0.13297379201078796,0.1854845370606486,9.0,0.187793439151141,2.0,0.24541882234062795,2.0,4.0,3.0,0.1493059535016854,1.0,6.0,0.13297379201078796,0.1810708073140871,0.3765728182035103,3.0,0.6648668622962692,11.0,2.0,5.0,3.0,0.2815589570978102,4.0,1.0,1.0,4.0,2.0,5.0,0.15239436200270773,2.0,1.0,0.1977835618122482,0.2062424637252589,0.16136779532363288,0.15624322518544298,3.0,3.0,0.13297379201078796,0.4727758060616625,0.204424758360772,7.0,0.3304124764294619,9.0,0.4706502672488262,0.14671400588970696,0.13297379201078796,14.0,3.0,1.0,0.13297379201078796,2.0,0.1629010726795208,0.13297379201078796,12.0,0.22034407426238367,3.0,0.43457376325261987,2.0,3.0,0.26328578668564795,2.0,3.0,1.0,1.0,0.21246301658067857,1.0,0.27121497572688424,0.13794333718668617,0.35994458807715046,4.0,0.1925386573034893,3.0,3.0,0.14145764089144008,1.0,4.0,3.0,0.29079349793748677,0.1955617920713394,1.0,0.3864611815059772,7.0,0.13297379201078796,2.0,1.0,4.0,1.0,2.0,1.0,0.13297379201078796,0.24410356467935668,3.0,0.13297379201078796
4,3,1.0,1.0,1.0,1.0,1.0,12.0,0.37333196826288473,0.13297379201078796,0.1854845370606486,9.0,1.0,2.0,0.24541882234062795,2.0,4.0,1.0,1.0,1.0,1.0,0.13297379201078796,0.1810708073140871,0.3765728182035103,3.0,0.6648668622962692,11.0,2.0,5.0,3.0,0.2815589570978102,4.0,1.0,1.0,4.0,2.0,5.0,0.15239436200270773,2.0,1.0,0.1977835618122482,0.2062424637252589,0.16136779532363288,0.15624322518544298,3.0,3.0,0.13297379201078796,0.4727758060616625,0.204424758360772,7.0,0.3304124764294619,9.0,0.4706502672488262,0.14671400588970696,0.13297379201078796,4.0,3.0,1.0,0.13297379201078796,2.0,0.14068990692739736,0.13297379201078796,12.0,0.22034407426238367,3.0,0.43457376325261987,2.0,3.0,0.26328578668564795,2.0,3.0,1.0,1.0,0.21246301658067857,1.0,0.27121497572688424,0.13794333718668617,0.35994458807715046,4.0,0.13297379201078796,1.0,9.0,0.13297379201078796,1.0,4.0,3.0,0.29079349793748677,0.1955617920713394,1.0,0.3864611815059772,7.0,0.13297379201078796,2.0,1.0,4.0,1.0,2.0,1.0,0.13297379201078796,0.24410356467935668,3.0,0.14816633441301863
4,4,1.0,1.0,1.0,1.0,1.0,12.0,0.37333196826288473,0.13297379201078796,0.1854845370606486,1.0,1.0,2.0,0.24541882234062795,2.0,4.0,1.0,1.0,1.0,1.0,0.13297379201078796,0.1810708073140871,0.3765728182035103,3.0,0.6648668622962692,11.0,2.0,7.0,3.0,0.2815589570978102,4.0,1.0,1.0,4.0,2.0,5.0,0.15239436200270773,2.0,1.0,0.1977835618122482,0.2062424637252589,0.16136779532363288,0.15624322518544298,3.0,3.0,0.13297379201078796,0.4727758060616625,0.204424758360772,7.0,0.3304124764294619,9.0,0.4706502672488262,0.14671400588970696,0.13297379201078796,4.0,3.0,1.0,0.13297379201078796,2.0,0.14068990692739736,0.13297379201078796,12.0,0.22034407426238367,3.0,0.13297379201078796,2.0,3.0,0.26328578668564795,2.0,3.0,1.0,1.0,0.21246301658067857,1.0,0.27121497572688424,0.13794333718668617,0.35994458807715046,4.0,0.13297379201078796,3.0,9.0,0.13297379201078796,1.0,4.0,3.0,0.29079349793748677,0.1955617920713394,1.0,0.3864611815059772,7.0,0.13297379201078796,2.0,1.0,4.0,1.0,2.0,1.0,0.13297379201078796,0.24410356467935668,3.0,0.13297379201078796
4,5,1.0,1.0,1.0,1.0,1.0,12.0,0.37333196826288473,0.13297379201078796,0.1854845370606486,1.0,1.0,2.0,0.24541882234062795,2.0,4.0,1.0,1.0,1.0,1.0,0.13297379201078796,0.1810708073140871,0.3765728182035103,3.0,0.6648668622962692,11.0,2.0,7.0,3.0,0.2815589570978102,4.0,1.0,2.0,4.0,5.0,5.0,0.15239436200270773,2.0,1.0,0.1977835618122482,0.13297379201078796,2.0,0.15624322518544298,3.0,3.0,0.13297379201078796,0.4727758060616625,0.204424758360772,7.0,0.3304124764294619,9.0,0.4706502672488262,0.14671400588970696,0.13297379201078796,4.0,3.0,1.0,0.13297379201078796,2.0,0.14068990692739736,0.13297379201078796,12.0,0.22034407426238367,3.0,0.13297379201078796,2.0,3.0,0.13297379201078796,2.0,3.0,1.0,1.0,0.21246301658067857,1.0,0.27121497572688424,0.13794333718668617,0.35994458807715046,4.0,0.13297379201078796,3.0,9.0,0.13297379201078796,1.0,4.0,3.0,0.13409523975739768,0.21267928743662745,1.0,0.17297295618892805,0.18442540805601249,0.13297379201078796,2.0,1.0,4.0,1.0,2.0,1.0,0.13374915116951358,0.13297379201078796,3.0,0.13297379201078796
4,6,1.0,1.0,1.0,1.0,1.0,12.0,0.37333196826288473,0.13297379201078796,0.1854845370606486,1.0,1.0,2.0,0.24541882234062795,2.0,4.0,1.0,1.0,1.0,1.0,0.13297379201078796,0.1810708073140871,0.3765728182035103,3.0,0.6648668622962692,11.0,2.0,7.0,3.0,0.2815589570978102,4.0,1.0,2.0,4.0,5.0,5.0,0.15239436200270773,2.0,1.0,0.1977835618122482,0.13297379201078796,2.0,0.15624322518544298,3.0,3.0,0.13297379201078796,0.4727758060616625,0.204424758360772,7.0,0.3304124764294619,9.0,0.4706502672488262,0.14671400588970696,0.13297379201078796,4.0,3.0,1.0,0.13297379201078796,2.0,0.14068990692739736,0.13297379201078796,12.0,0.22034407426238367,3.0,0.13297379201078796,2.0,3.0,0.13297379201078796,2.0,3.0,1.0,1.0,0.21246301658067857,3.0,0.27121497572688424,0.13794333718668617,0.35994458807715046,4.0,0.13297379201078796,3.0,9.0,0.13297379201078796,1.0,4.0,3.0,0.13409523975739768,0.16334386540069679,6.0,0.17297295618892805,0.18442540805601249,0.13297379201078796,2.0,1.0,4.0,1.0,2.0,1.0,0.13374915116951358,0.13297379201078796,3.0,0.13297379201078796
4,7,1.0,1.0,1.0,1.0,1.0,12.0,0.37333196826288473,0.13297379201078796,0.1854845370606486,1.0,1.0,2.0,0.24541882234062795,2.0,4.0,1.0,1.0,1.0,1.0,0.13297379201078796,0.1810708073140871,0.3765728182035103,3.0,0.6648668622962692,11.0,2.0,7.0,3.0,0.2815589570978102,4.0,1.0,2.0,4.0,5.0,5.0,0.15239436200270773,2.0,1.0,0.1977835618122482,0.13297379201078796,2.0,0.15624322518544298,3.0,3.0,0.13297379201078796,0.4727758060616625,0.204424758360772,7.0,0.3304124764294619,6.0,0.4706502672488262,0.14671400588970696,0.13297379201078796,4.0,1.0,1.0,0.13297379201078796,2.0,0.14068990692739736,0.13297379201078796,12.0,0.22034407426238367,3.0,0.13297379201078796,2.0,3.0,0.13297379201078796,2.0,3.0,1.0,1.0,0.21246301658067857,3.0,0.27121497572688424,0.13794333718668617,0.13297379201078796,4.0,0.13297379201078796,3.0,9.0,0.13297379201078796,1.0,4.0,3.0,0.13409523975739768,0.16334386540069679,6.0,0.17297295618892805,0.1368626911639319,0.13297379201078796,0.13322228626718535,1.0,4.0,1.0,2.0,1.0,0.13297379201078796,0.13297379201078796,3.0,0.13297379201078796
4,8,1.0,1.0,4.0,1.0,1.0,12.0,0.37333196826288473,0.13297379201078796,0.1854845370606486,1.0,1.0,2.0,0.24541882234062795,2.0,4.0,4.0,1.0,1.0,1.0,0.13297379201078796,0.1810708073140871,0.3765728182035103,3.0,0.6648668622962692,11.0,2.0,7.0,3.0,0.2815589570978102,4.0,1.0,2.0,4.0,5.0,5.0,0.15239436200270773,2.0,1.0,0.1977835618122482,0.13297379201078796,2.0,0.15624322518544298,3.0,3.0,0.13297379201078796,0.4727758060616625,0.204424758360772,7.0,0.3304124764294619,6.0,0.4706502672488262,0.13297379201078796,0.13297379201078796,4.0,1.0,1.0,0.13297379201078796,2.0,0.13297379201078796,0.13297379201078796,12.0,0.22034407426238367,3.0,0.13297379201078796,2.0,3.0,0.13297379201078796,2.0,3.0,1.0,1.0,0.21246301658067857,3.0,0.27121497572688424,0.13794333718668617,0.13297379201078796,4.0,0.13297379201078796,3.0,9.0,0.13297379201078796,1.0,4.0,3.0,0.13409523975739768,2.0,6.0,0.17297295618892805,0.13297379201078796,0.16807090299188476,0.13297379201078796,1.0,4.0,1.0,2.0,1.0,0.13297379201078796,0.13297379201078796,3.0,0.13297379201078796
4,9,1.0,1.0,4.0,1.0,1.0,12.0,0.37333196826288473,0.13297379201078796,0.1854845370606486,1.0,1.0,2.0,0.24541882234062795,2.0,4.0,6.0,1.0,1.0,1.0,0.13297379201078796,0.1810708073140871,0.3765728182035103,3.0,0.6648668622962692,11.0,2.0,7.0,3.0,0.2815589570978102,4.0,1.0,2.0,4.0,5.0,5.0,0.15239436200270773,2.0,1.0,0.1977835618122482,0.13297379201078796,2.0,0.15624322518544298,3.0,3.0,0.13297379201078796,0.4727758060616625,0.204424758360772,7.0,0.3304124764294619,6.0,0.4706502672488262,0.13297379201078796,0.13297379201078796,4.0,1.0,1.0,0.13297379201078796,2.0,0.13297379201078796,0.13297379201078796,12.0,0.22034407426238367,3.0,0.13297379201078796,2.0,3.0,0.13297379201078796,2.0,3.0,1.0,1.0,0.21246301658067857,3.0,0.27121497572688424,0.13794333718668617,0.13297379201078796,4.0,0.13297379201078796,3.0,9.0,0.13297379201078796,1.0,4.0,3.0,0.13409523975739768,2.0,6.0,0.17297295618892805,0.13297379201078796,0.16807090299188476,0.13297379201078796,1.0,4.0,1.0,2.0,1.0,0.13297379201078796,0.13297379201078796,3.0,0.13297379201078796
4,10,1.0,1.0,4.0,1.0,1.0,12.0,0.37333196826288473,0.13297379201078796,0.1854845370606486,1.0,1.0,2.0,0.24541882234062795,2.0,4.0,6.0,1.0,1.0,1.0,0.13297379201078796,0.1810708073140871,0.3765728182035103,3.0,0.6648668622962692,11.0,2.0,7.0,3.0,0.2815589570978102,4.0,1.0,2.0,4.0,5.0,5.0,0.15239436200270773,2.0,1.0,0.1977835618122482,0.13297379201078796,2.0,0.15624322518544298,3.0,3.0,0.13297379201078796,0.4727758060616625,0.204424758360772,11.0,0.1422078315396872,6.0,0.4706502672488262,0.13297379201078796,0.13297379201078796,4.0,1.0,1.0,0.13297379201078796,2.0,0.13297379201078796,0.13297379201078796,12.0,0.22034407426238367,3.0,0.13297379201078796,2.0,3.0,0.13297379201078796,2.0,3.0,1.0,1.0,0.21246301658067857,3.0,0.13297379201078796,0.13297379201078796,0.13297379201078796,4.0,0.13297379201078796,3.0,9.0,0.13297379201078796,1.0,4.0,3.0,0.13409523975739768,2.0,6.0,0.13297379201078796,0.13297379201078796,0.16807090299188476,0.13297379201078796,1.0,4.0,1.0,2.0,1.0,0.13297379201078796,0.13297379201078796,3.0,0.13297379201078796
4,11,1.0,1.0,4.0,1.0,1.0,12.0,0.37333196826288473,0.13297379201078796,0.1854845370606486,1.0,1.0,2.0,0.24541882234062795,2.0,4.0,6.0,1.0,1.0,1.0,0.13297379201078796,0.1810708073140871,0.3765728182035103,3.0,0.6648668622962692,11.0,2.0,7.0,3.0,0.2815589570978102,4.0,1.0,2.0,4.0,5.0,5.0,0.15239436200270773,2.0,1.0,0.1977835618122482,0.13297379201078796,2.0,0.15624322518544298,3.0,3.0,0.13297379201078796,0.4727758060616625,0.204424758360772,11.0,0.1422078315396872,6.0,0.4706502672488262,0.13297379201078796,0.13297379201078796,4.0,1.0,1.0,0.13297379201078796,2.0,0.13297379201078796,0.13297379201078796,12.0,0.22034407426238367,3.0,0.13297379201078796,2.0,3.0,0.13297379201078796,2.0,3.0,1.0,1.0,0.21246301658067857,3.0,0.13297379201078796,0.13297379201078796,0.13297379201078796,4.0,0.13297379201078796,3.0,9.0,0.13297379201078796,1.0,4.0,3.0,0.13409523975739768,2.0,6.0,0.13297379201078796,0.13297379201078796,0.16807090299188476,0.13297379201078796,1.0,4.0,1.0,2.0,1.0,0.13297379201078796,0.13297379201078796,3.0,0.13297379201078796
4,12,1.0,1.0,4.0,1.0,1.0,12.0,0.37333196826288473,0.13297379201078796,0.1854845370606486,1.0,1.0,2.0,0.24541882234062795,2.0,4.0,6.0,1.0,1.0,1.0,0.13297379201078796,0.1810708073140871,0.3765728182035103,3.0,0.6648668622962692,11.0,2.0,7.0,3.0,0.2815589570978102,4.0,1.0,2.0,4.0,5.0,5.0,0.15239436200270773,2.0,1.0,0.1977835618122482,0.13297379201078796,2.0,0.15624322518544298,3.0,3.0,0.13297379201078796,0.4727758060616625,0.204424758360772,11.0,0.1422078315396872,6.0,0.4706502672488262,0.13297379201078796,0.13297379201078796,4.0,1.0,1.0,0.13297379201078796,2.0,0.13297379201078796,0.13297379201078796,12.0,0.22034407426238367,3.0,0.13297379201078796,2.0,3.0,0.13297379201078796,2.0,3.0,1.0,1.0,0.21246301658067857,3.0,0.13297379201078796,0.13297379201078796,0.13297379201078796,4.0,0.13297379201078796,3.0,9.0,0.13297379201078796,1.0,4.0,3.0,0.13409523975739768,2.0,6.0,0.13297379201078796,0.13297379201078796,0.16807090299188476,0.13297379201078796,1.0,4.0,1.0,2.0,1.0,0.13297379201078796,0.13297379201078796,3.0,0.13297379201078796
4,13,1.0,1.0,4.0,1.0,1.0,12.0,0.37333196826288473,0.13297379201078796,0.1854845370606486,1.0,1.0,2.0,0.24541882234062795,2.0,4.0,6.0,1.0,1.0,1.0,0.13297379201078796,0.1810708073140871,0.3765728182035103,3.0,0.6648668622962692,11.0,2.0,7.0,3.0,0.2815589570978102,4.0,1.0,2.0,4.0,5.0,5.0,0.15239436200270773,2.0,1.0,0.1977835618122482,0.13297379201078796,2.0,0.15624322518544298,3.0,3.0,0.13297379201078796,0.4727758060616625,0.204424758360772,11.0,0.1422078315396872,6.0,0.4706502672488262,0.13297379201078796,0.13297379201078796,4.0,1.0,1.0,0.13297379201078796,2.0,0.13297379201078796,0.13297379201078796,12.0,0.22034407426238367,3.0,0.13297379201078796,2.0,3.0,0.13297379201078796,2.0,3.0,1.0,1.0,0.21246301658067857,3.0,0.13297379201078796,0.13297379201078796,0.13297379201078796,4.0,0.13297379201078796,3.0,9.0,0.13297379201078796,1.0,4.0,3.0,0.13409523975739768,2.0,6.0,0.13297379201078796,0.13297379201078796,0.16807090299188476,0.13297379201078796,1.0,4.0,1.0,2.0,1.0,0.13297379201078796,0.13297379201078796,3.0,0.13297379201078796
4,14,1.0,1.0,4.0,1.0,1.0,12.0,0.37333196826288473,0.13297379201078796,0.1854845370606486,1.0,1.0,2.0,0.24541882234062795,2.0,4.0,6.0,1.0,1.0,1.0,0.13297379201078796,0.1810708073140871,0.3765728182035103,3.0,0.6648668622962692,11.0,2.0,7.0,3.0,0.2815589570978102,4.0,1.0,2.0,4.0,5.0,5.0,0.15239436200270773,2.0,1.0,0.1977835618122482,0.13297379201078796,2.0,0.15624322518544298,3.0,3.0,0.13297379201078796,0.4727758060616625,0.204424758360772,11.0,0.1422078315396872,6.0,0.4706502672488262,0.13297379201078796,0.13297379201078796,4.0,1.0,1.0,0.13297379201078796,2.0,0.13297379201078796,0.13297379201078796,12.0,0.22034407426238367,3.0,0.13297379201078796,2.0,3.0,0.13297379201078796,2.0,3.0,1.0,1.0,0.21246301658067857,3.0,0.13297379201078796,0.13297379201078796,0.13297379201078796,4.0,0.13297379201078796,3.0,9.0,0.13297379201078796,1.0,4.0,3.0,0.13409523975739768,2.0,6.0,0.13297379201078796,0.13297379201078796,0.16807090299188476,0.13297379201078796,1.0,4.0,1.0,2.0,1.0,0.13297379201078796,0.13297379201078796,3.0,0.13297379201078796
4,15,1.0,1.0,4.0,1.0,1.0,12.0,0.37333196826288473,0.13297379201078796,0.1854845370606486,1.0,1.0,2.0,0.24541882234062795,2.0,4.0,6.0,1.0,1.0,1.0,0.13297379201078796,0.1810708073140871,0.3765728182035103,3.0,0.6648668622962692,11.0,2.0,7.0,3.0,0.2815589570978102,4.0,1.0,2.0,4.0,5.0,5.0,0.15239436200270773,2.0,1.0,0.1977835618122482,0.13297379201078796,2.0,0.15624322518544298,3.0,3.0,0.13297379201078796,0.4727758060616625,0.204424758360772,11.0,0.1422078315396872,6.0,0.4706502672488262,0.13297379201078796,0.13297379201078796,4.0,1.0,1.0,0.13297379201078796,2.0,0.13297379201078796,0.13297379201078796,12.0,0.22034407426238367,3.0,0.13297379201078796,2.0,3.0,0.13297379201078796,2.0,3.0,1.0,1.0,0.21246301658067857,3.0,0.13297379201078796,0.13297379201078796,0.13297379201078796,4.0,0.13297379201078796,3.0,9.0,0.13297379201078796,1.0,4.0,3.0,0.13409523975739768,2.0,6.0,0.13297379201078796,0.13297379201078796,0.16807090299188476,0.13297379201078796,1.0,4.0,1.0,2.0,1.0,0.13297379201078796,0.13297379201078796,3.0,0.13297379201078796
4,16,1.0,1.0,4.0,1.0,1.0,12.0,0.37333196826288473,0.13297379201078796,0.1854845370606486,1.0,1.0,2.0,0.24541882234062795,2.0,4.0,6.0,1.0,1.0,1.0,0.13297379201078796,0.1810708073140871,0.3765728182035103,3.0,0.6648668622962692,11.0,2.0,7.0,3.0,0.2815589570978102,4.0,1.0,2.0,4.0,5.0,5.0,0.15239436200270773,2.0,1.0,0.1977835618122482,0.13297379201078796,2.0,0.15624322518544298,3.0,3.0,0.13297379201078796,0.4727758060616625,0.204424758360772,11.0,0.1422078315396872,6.0,0.4706502672488262,0.13297379201078796,0.13297379201078796,4.0,1.0,1.0,0.13297379201078796,2.0,0.13297379201078796,0.13297379201078796,12.0,0.22034407426238367,3.0,0.13297379201078796,2.0,3.0,0.13297379201078796,2.0,3.0,1.0,1.0,0.21246301658067857,3.0,0.13297379201078796,0.13297379201078796,0.13297379201078796,4.0,0.13297379201078796,3.0,9.0,0.13297379201078796,1.0,4.0,3.0,0.13409523975739768,2.0,6.0,0.13297379201078796,0.13297379201078796,0.16807090299188476,0.13297379201078796,1.0,4.0,1.0,2.0,1.0,0.13297379201078796,0.13297379201078796,3.0,0.13297379201078796
4,17,1.0,1.0,4.0,1.0,1.0,12.0,0.37333196826288473,0.13297379201078796,0.1854845370606486,1.0,1.0,2.0,0.24541882234062795,2.0,4.0,6.0,1.0,1.0,1.0,0.13297379201078796,0.1810708073140871,0.3765728182035103,3.0,0.6648668622962692,11.0,2.0,7.0,3.0,0.2815589570978102,4.0,1.0,2.0,4.0,5.0,5.0,0.15239436200270773,2.0,1.0,0.1977835618122482,0.13297379201078796,2.0,0.15624322518544298,3.0,3.0,0.13297379201078796,0.4727758060616625,0.204424758360772,11.0,0.1422078315396872,6.0,0.4706502672488262,0.13297379201078796,0.13297379201078796,4.0,1.0,1.0,0.13297379201078796,2.0,0.13297379201078796,0.13297379201078796,12.0,0.22034407426238367,3.0,0.13297379201078796,2.0,3.0,0.13297379201078796,2.0,3.0,1.0,1.0,0.21246301658067857,3.0,0.13297379201078796,0.13297379201078796,0.13297379201078796,4.0,0.13297379201078796,3.0,9.0,0.13297379201078796,1.0,4.0,3.0,0.13409523975739768,2.0,6.0,0.13297379201078796,0.13297379201078796,0.16807090299188476,0.13297379201078796,1.0,4.0,1.0,2.0,1.0,0.13297379201078796,0.13297379201078796,3.0,0.13297379201078796
4,18,1.0,1.0,4.0,1.0,1.0,12.0,0.37333196826288473,0.13297379201078796,0.1854845370606486,1.0,1.0,2.0,0.24541882234062795,2.0,4.0,6.0,1.0,1.0,1.0,0.13297379201078796,0.1810708073140871,0.3765728182035103,3.0,0.6648668622962692,11.0,2.0,7.0,3.0,0.2815589570978102,4.0,1.0,2.0,4.0,5.0,5.0,0.15239436200270773,2.0,1.0,0.1977835618122482,0.13297379201078796,2.0,0.15624322518544298,3.0,3.0,0.13297379201078796,0.4727758060616625,0.204424758360772,11.0,0.1422078315396872,6.0,0.4706502672488262,0.13297379201078796,0.13297379201078796,4.0,1.0,1.0,0.13297379201078796,2.0,0.13297379201078796,0.13297379201078796,12.0,0.22034407426238367,3.0,0.13297379201078796,2.0,3.0,0.13297379201078796,2.0,3.0,1.0,1.0,0.21246301658067857,3.0,0.13297379201078796,0.13297379201078796,0.13297379201078796,4.0,0.13297379201078796,3.0,9.0,0.13297379201078796,1.0,4.0,3.0,0.13409523975739768,2.0,6.0,0.13297379201078796,0.13297379201078796,0.16807090299188476,0.13297379201078796,1.0,4.0,1.0,2.0,1.0,0.13297379201078796,0.13297379201078796,3.0,0.13297379201078796
4,19,1.0,1.0,4.0,1.0,1.0,12.0,0.37333196826288473,0.13297379201078796,0.1854845370606486,1.0,1.0,2.0,0.24541882234062795,2.0,4.0,6.0,1.0,1.0,1.0,0.13297379201078796,0.1810708073140871,0.3765728182035103,3.0,0.6648668622962692,11.0,2.0,7.0,3.0,0.2815589570978102,4.0,1.0,2.0,4.0,5.0,5.0,0.15239436200270773,2.0,1.0,0.1977835618122482,0.13297379201078796,2.0,0.15624322518544298,3.0,3.0,0.13297379201078796,0.4727758060616625,0.204424758360772,11.0,0.1422078315396872,6.0,0.4706502672488262,0.13297379201078796,0.13297379201078796,4.0,1.0,1.0,0.13297379201078796,2.0,0.13297379201078796,0.13297379201078796,12.0,0.22034407426238367,3.0,0.13297379201078796,2.0,3.0,0.13297379201078796,2.0,3.0,1.0,1.0,0.21246301658067857,3.0,0.13297379201078796,0.13297379201078796,0.13297379201078796,4.0,0.13297379201078796,3.0,9.0,0.13297379201078796,1.0,4.0,3.0,0.13409523975739768,2.0,6.0,0.13297379201078796,0.13297379201078796,0.16807090299188476,0.13297379201078796,1.0,4.0,1.0,2.0,1.0,0.13297379201078796,0.13297379201078796,3.0,0.13297379201078796
4,20,1.0,1.0,4.0,1.0,1.0,12.0,0.37333196826288473,0.13297379201078796,0.1854845370606486,1.0,1.0,2.0,0.24541882234062795,2.0,4.0,6.0,1.0,1.0,1.0,0.13297379201078796,0.1810708073140871,0.3765728182035103,3.0,0.6648668622962692,11.0,2.0,7.0,3.0,0.2815589570978102,4.0,1.0,2.0,4.0,5.0,5.0,0.15239436200270773,2.0,1.0,0.1977835618122482,0.13297379201078796,2.0,0.15624322518544298,3.0,3.0,0.13297379201078796,0.4727758060616625,0.204424758360772,11.0,0.1422078315396872,6.0,0.4706502672488262,0.13297379201078796,0.13297379201078796,4.0,1.0,1.0,0.13297379201078796,2.0,0.13297379201078796,0.13297379201078796,12.0,0.22034407426238367,3.0,0.13297379201078796,2.0,3.0,0.13297379201078796,2.0,3.0,1.0,1.0,0.21246301658067857,3.0,0.13297379201078796,0.13297379201078796,0.13297379201078796,4.0,0.13297379201078796,3.0,9.0,0.13297379201078796,1.0,4.0,3.0,0.13409523975739768,2.0,6.0,0.13297379201078796,0.13297379201078796,0.16807090299188476,0.13297379201078796,1.0,4.0,1.0,2.0,1.0,0.13297379201078796,0.13297379201078796,3.0,0.13297379201078796
4,21,1.0,1.0,4.0,1.0,1.0,12.0,0.37333196826288473,0.13297379201078796,0.1854845370606486,1.0,1.0,2.0,0.24541882234062795,2.0,4.0,6.0,1.0,1.0,1.0,0.13297379201078796,0.1810708073140871,0.3765728182035103,3.0,0.6648668622962692,11.0,2.0,7.0,3.0,0.2815589570978102,4.0,1.0,2.0,4.0,5.0,5.0,0.15239436200270773,2.0,1.0,0.1977835618122482,0.13297379201078796,2.0,0.15624322518544298,3.0,3.0,0.13297379201078796,0.4727758060616625,0.204424758360772,11.0,0.1422078315396872,6.0,0.4706502672488262,0.13297379201078796,0.13297379201078796,4.0,1.0,1.0,0.13297379201078796,2.0,0.13297379201078796,0.13297379201078796,12.0,0.22034407426238367,3.0,0.13297379201078796,2.0,3.0,0.13297379201078796,2.0,3.0,1.0,1.0,0.21246301658067857,3.0,0.13297379201078796,0.13297379201078796,0.13297379201078796,4.0,0.13297379201078796,3.0,9.0,0.13297379201078796,1.0,4.0,3.0,0.13409523975739768,2.0,6.0,0.13297379201078796,0.13297379201078796,0.16807090299188476,0.13297379201078796,1.0,4.0,1.0,2.0,1.0,0.13297379201078796,0.13297379201078796,3.0,0.13297379201078796
4,22,1.0,1.0,4.0,1.0,1.0,12.0,0.37333196826288473,0.13297379201078796,0.1854845370606486,1.0,1.0,2.0,0.24541882234062795,2.0,4.0,6.0,1.0,1.0,1.0,0.13297379201078796,0.1810708073140871,0.3765728182035103,3.0,0.6648668622962692,11.0,2.0,7.0,3.0,0.2815589570978102,4.0,1.0,2.0,4.0,5.0,5.0,0.15239436200270773,2.0,1.0,0.1977835618122482,0.13297379201078796,2.0,0.15624322518544298,3.0,3.0,0.13297379201078796,0.4727758060616625,0.204424758360772,11.0,0.1422078315396872,6.0,0.4706502672488262,0.13297379201078796,0.13297379201078796,4.0,1.0,1.0,0.13297379201078796,2.0,0.13297379201078796,0.13297379201078796,12.0,0.22034407426238367,3.0,0.13297379201078796,2.0,3.0,0.13297379201078796,2.0,3.0,1.0,1.0,0.21246301658067857,3.0,0.13297379201078796,0.13297379201078796,0.13297379201078796,4.0,0.13297379201078796,3.0,9.0,0.13297379201078796,1.0,4.0,3.0,0.13409523975739768,2.0,6.0,0.13297379201078796,0.13297379201078796,0.16807090299188476,0.13297379201078796,1.0,4.0,1.0,2.0,1.0,0.13297379201078796,0.13297379201078796,3.0,0.13297379201078796
4,23,1.0,1.0,4.0,1.0,1.0,12.0,0.37333196826288473,0.13297379201078796,0.1854845370606486,1.0,1.0,2.0,0.24541882234062795,2.0,4.0,6.0,1.0,1.0,1.0,0.13297379201078796,0.1810708073140871,0.3765728182035103,3.0,0.6648668622962692,11.0,2.0,7.0,3.0,0.2815589570978102,4.0,1.0,2.0,4.0,5.0,5.0,0.15239436200270773,2.0,1.0,0.1977835618122482,0.13297379201078796,2.0,0.15624322518544298,3.0,3.0,0.13297379201078796,0.4727758060616625,0.204424758360772,11.0,0.1422078315396872,6.0,0.4706502672488262,0.13297379201078796,0.13297379201078796,4.0,1.0,1.0,0.13297379201078796,2.0,0.13297379201078796,0.13297379201078796,12.0,0.22034407426238367,3.0,0.13297379201078796,2.0,3.0,0.13297379201078796,2.0,3.0,1.0,1.0,0.21246301658067857,3.0,0.13297379201078796,0.13297379201078796,0.13297379201078796,4.0,0.13297379201078796,3.0,9.0,0.13297379201078796,1.0,4.0,3.0,0.13409523975739768,2.0,6.0,0.13297379201078796,0.13297379201078796,0.16807090299188476,0.13297379201078796,1.0,4.0,1.0,2.0,1.0,0.13297379201078796,0.13297379201078796,3.0,0.13297379201078796
4,24,1.0,1.0,4.0,1.0,1.0,12.0,0.37333196826288473,0.13297379201078796,0.1854845370606486,1.0,1.0,2.0,0.24541882234062795,2.0,4.0,6.0,1.0,1.0,1.0,0.13297379201078796,0.1810708073140871,0.3765728182035103,3.0,0.6648668622962692,11.0,2.0,7.0,3.0,0.2815589570978102,4.0,1.0,2.0,4.0,5.0,5.0,0.15239436200270773,2.0,1.0,0.1977835618122482,0.13297379201078796,2.0,0.15624322518544298,3.0,3.0,0.13297379201078796,0.4727758060616625,0.204424758360772,11.0,0.1422078315396872,6.0,0.4706502672488262,0.13297379201078796,0.13297379201078796,4.0,1.0,1.0,0.13297379201078796,2.0,0.13297379201078796,0.13297379201078796,12.0,0.22034407426238367,3.0,0.13297379201078796,2.0,3.0,0.13297379201078796,2.0,3.0,1.0,1.0,0.21246301658067857,3.0,0.13297379201078796,0.13297379201078796,0.13297379201078796,4.0,0.13297379201078796,3.0,9.0,0.13297379201078796,1.0,4.0,3.0,0.13409523975739768,2.0,6.0,0.13297379201078796,0.13297379201078796,0.16807090299188476,0.13297379201078796,1.0,4.0,1.0,2.0,1.0,0.13297379201078796,0.13297379201078796,3.0,0.13297379201078796
4,25,1.0,1.0,4.0,1.0,1.0,12.0,0.37333196826288473,0.13297379201078796,0.1854845370606486,1.0,1.0,2.0,0.24541882234062795,2.0,4.0,6.0,1.0,1.0,1.0,0.13297379201078796,0.1810708073140871,0.3765728182035103,3.0,0.6648668622962692,11.0,2.0,7.0,3.0,0.2815589570978102,4.0,1.0,2.0,4.0,5.0,5.0,0.15239436200270773,2.0,1.0,0.1977835618122482,0.13297379201078796,2.0,0.15624322518544298,3.0,3.0,0.13297379201078796,0.4727758060616625,0.204424758360772,11.0,0.1422078315396872,6.0,0.4706502672488262,0.13297379201078796,0.13297379201078796,4.0,1.0,1.0,0.13297379201078796,2.0,0.13297379201078796,0.13297379201078796,12.0,0.22034407426238367,3.0,0.13297379201078796,2.0,3.0,0.13297379201078796,2.0,3.0,1.0,1.0,0.21246301658067857,3.0,0.13297379201078796,0.13297379201078796,0.13297379201078796,4.0,0.13297379201078796,3.0,9.0,0.13297379201078796,1.0,4.0,3.0,0.13409523975739768,2.0,6.0,0.13297379201078796,0.13297379201078796,0.16807090299188476,0.13297379201078796,1.0,4.0,1.0,2.0,1.0,0.13297379201078796,0.13297379201078796,3.0,0.13297379201078796
4,26,1.0,1.0,4.0,1.0,1.0,12.0,0.37333196826288473,0.13297379201078796,0.1854845370606486,1.0,1.0,2.0,0.24541882234062795,2.0,4.0,6.0,1.0,1.0,1.0,0.13297379201078796,0.1810708073140871,0.3765728182035103,3.0,0.6648668622962692,11.0,2.0,7.0,3.0,0.2815589570978102,4.0,1.0,2.0,4.0,5.0,5.0,0.15239436200270773,2.0,1.0,0.1977835618122482,0.13297379201078796,2.0,0.15624322518544298,3.0,3.0,0.13297379201078796,0.4727758060616625,0.204424758360772,11.0,0.1422078315396872,6.0,0.4706502672488262,0.13297379201078796,0.13297379201078796,4.0,1.0,1.0,0.13297379201078796,2.0,0.13297379201078796,0.13297379201078796,12.0,0.22034407426238367,3.0,0.13297379201078796,2.0,3.0,0.13297379201078796,2.0,3.0,1.0,1.0,0.21246301658067857,3.0,0.13297379201078796,0.13297379201078796,0.13297379201078796,4.0,0.13297379201078796,3.0,9.0,0.13297379201078796,1.0,4.0,3.0,0.13409523975739768,2.0,6.0,0.13297379201078796,0.13297379201078796,0.16807090299188476,0.13297379201078796,1.0,4.0,1.0,2.0,1.0,0.13297379201078796,0.13297379201078796,3.0,0.13297379201078796
4,27,1.0,1.0,4.0,1.0,1.0,12.0,0.37333196826288473,0.13297379201078796,0.1854845370606486,1.0,1.0,2.0,0.24541882234062795,2.0,4.0,6.0,1.0,1.0,1.0,0.13297379201078796,0.1810708073140871,0.3765728182035103,3.0,0.6648668622962692,11.0,2.0,7.0,3.0,0.2815589570978102,4.0,1.0,2.0,4.0,5.0,5.0,0.15239436200270773,2.0,1.0,0.1977835618122482,0.13297379201078796,2.0,0.15624322518544298,3.0,3.0,0.13297379201078796,0.4727758060616625,0.204424758360772,11.0,0.1422078315396872,6.0,0.4706502672488262,0.13297379201078796,0.13297379201078796,4.0,1.0,1.0,0.13297379201078796,2.0,0.13297379201078796,0.13297379201078796,12.0,0.22034407426238367,3.0,0.13297379201078796,2.0,3.0,0.13297379201078796,2.0,3.0,1.0,1.0,0.21246301658067857,3.0,0.13297379201078796,0.13297379201078796,0.13297379201078796,4.0,0.13297379201078796,3.0,9.0,0.13297379201078796,1.0,4.0,3.0,0.13409523975739768,2.0,6.0,0.13297379201078796,0.13297379201078796,0.16807090299188476,0.13297379201078796,1.0,4.0,1.0,2.0,1.0,0.13297379201078796,0.13297379201078796,3.0,0.13297379201078796
4,28,1.0,1.0,4.0,1.0,1.0,12.0,0.37333196826288473,0.13297379201078796,0.1854845370606486,1.0,1.0,2.0,0.24541882234062795,2.0,4.0,6.0,1.0,1.0,1.0,0.13297379201078796,0.1810708073140871,0.3765728182035103,3.0,0.6648668622962692,11.0,2.0,7.0,3.0,0.2815589570978102,4.0,1.0,2.0,4.0,5.0,5.0,0.15239436200270773,2.0,1.0,0.1977835618122482,0.13297379201078796,2.0,0.15624322518544298,3.0,3.0,0.13297379201078796,0.4727758060616625,0.204424758360772,11.0,0.1422078315396872,6.0,0.4706502672488262,0.13297379201078796,0.13297379201078796,4.0,1.0,1.0,0.13297379201078796,2.0,0.13297379201078796,0.13297379201078796,12.0,0.22034407426238367,3.0,0.13297379201078796,2.0,3.0,0.13297379201078796,2.0,3.0,1.0,1.0,0.21246301658067857,3.0,0.13297379201078796,0.13297379201078796,0.13297379201078796,4.0,0.13297379201078796,3.0,9.0,0.13297379201078796,1.0,4.0,3.0,0.13409523975739768,2.0,6.0,0.13297379201078796,0.13297379201078796,0.16807090299188476,0.13297379201078796,1.0,4.0,1.0,2.0,1.0,0.13297379201078796,0.13297379201078796,3.0,0.13297379201078796
4,29,1.0,1.0,4.0,1.0,1.0,12.0,0.37333196826288473,0.13297379201078796,0.1854845370606486,1.0,1.0,2.0,0.24541882234062795,2.0,4.0,6.0,1.0,1.0,1.0,0.13297379201078796,0.1810708073140871,0.3765728182035103,3.0,0.6648668622962692,11.0,2.0,7.0,3.0,0.2815589570978102,4.0,1.0,2.0,4.0,5.0,5.0,0.15239436200270773,2.0,1.0,0.1977835618122482,0.13297379201078796,2.0,0.15624322518544298,3.0,3.0,0.13297379201078796,0.4727758060616625,0.204424758360772,11.0,0.1422078315396872,6.0,0.4706502672488262,0.13297379201078796,0.13297379201078796,4.0,1.0,1.0,0.13297379201078796,2.0,0.13297379201078796,0.13297379201078796,12.0,0.22034407426238367,3.0,0.13297379201078796,2.0,3.0,0.13297379201078796,2.0,3.0,1.0,1.0,0.21246301658067857,3.0,0.13297379201078796,0.13297379201078796,0.13297379201078796,4.0,0.13297379201078796,3.0,9.0,0.13297379201078796,1.0,4.0,3.0,0.13409523975739768,2.0,6.0,0.13297379201078796,0.13297379201078796,0.16807090299188476,0.13297379201078796,1.0,4.0,1.0,2.0,1.0,0.13297379201078796,0.13297379201078796,3.0,0.13297379201078796
4,30,1.0,1.0,4.0,1.0,1.0,12.0,0.37333196826288473,0.13297379201078796,0.1854845370606486,1.0,1.0,2.0,0.24541882234062795,2.0,4.0,6.0,1.0,1.0,1.0,0.13297379201078796,0.1810708073140871,0.3765728182035103,3.0,0.6648668622962692,11.0,2.0,7.0,3.0,0.2815589570978102,4.0,1.0,2.0,4.0,5.0,5.0,0.15239436200270773,2.0,1.0,0.1977835618122482,0.13297379201078796,2.0,0.15624322518544298,3.0,3.0,0.13297379201078796,0.4727758060616625,0.204424758360772,11.0,0.1422078315396872,6.0,0.4706502672488262,0.13297379201078796,0.13297379201078796,4.0,1.0,1.0,0.13297379201078796,2.0,0.13297379201078796,0.13297379201078796,12.0,0.22034407426238367,3.0,0.13297379201078796,2.0,3.0,0.13297379201078796,2.0,3.0,1.0,1.0,0.21246301658067857,3.0,0.13297379201078796,0.13297379201078796,0.13297379201078796,4.0,0.13297379201078796,3.0,9.0,0.13297379201078796,1.0,4.0,3.0,0.13409523975739768,2.0,6.0,0.13297379201078796,0.13297379201078796,0.16807090299188476,0.13297379201078796,1.0,4.0,1.0,2.0,1.0,0.13297379201078796,0.13297379201078796,3.0,0.13297379201078796
4,31,1.0,1.0,4.0,1.0,1.0,12.0,0.37333196826288473,0.13297379201078796,0.1854845370606486,1.0,1.0,2.0,0.24541882234062795,2.0,4.0,6.0,1.0,1.0,1.0,0.13297379201078796,0.1810708073140871,0.3765728182035103,3.0,0.6648668622962692,11.0,2.0,7.0,3.0,0.2815589570978102,4.0,1.0,2.0,4.0,5.0,5.0,0.15239436200270773,2.0,1.0,0.1977835618122482,0.13297379201078796,2.0,0.15624322518544298,3.0,3.0,0.13297379201078796,0.4727758060616625,0.204424758360772,11.0,0.1422078315396872,6.0,0.4706502672488262,0.13297379201078796,0.13297379201078796,4.0,1.0,1.0,0.13297379201078796,2.0,0.13297379201078796,0.13297379201078796,12.0,0.22034407426238367,3.0,0.13297379201078796,2.0,3.0,0.13297379201078796,2.0,3.0,1.0,1.0,0.21246301658067857,3.0,0.13297379201078796,0.13297379201078796,0.13297379201078796,4.0,0.13297379201078796,3.0,9.0,0.13297379201078796,1.0,4.0,3.0,0.13409523975739768,2.0,6.0,0.13297379201078796,0.13297379201078796,0.16807090299188476,0.13297379201078796,1.0,4.0,1.0,2.0,1.0,0.13297379201078796,0.13297379201078796,3.0,0.13297379201078796
4,32,1.0,1.0,4.0,1.0,1.0,12.0,0.37333196826288473,0.13297379201078796,0.1854845370606486,1.0,1.0,2.0,0.24541882234062795,2.0,4.0,6.0,1.0,1.0,1.0,0.13297379201078796,0.1810708073140871,0.3765728182035103,3.0,0.6648668622962692,11.0,2.0,7.0,3.0,0.2815589570978102,4.0,1.0,2.0,4.0,5.0,5.0,0.15239436200270773,2.0,1.0,0.1977835618122482,0.13297379201078796,2.0,0.15624322518544298,3.0,3.0,0.13297379201078796,0.4727758060616625,0.204424758360772,11.0,0.1422078315396872,6.0,0.4706502672488262,0.13297379201078796,0.13297379201078796,4.0,1.0,1.0,0.13297379201078796,2.0,0.13297379201078796,0.13297379201078796,12.0,0.22034407426238367,3.0,0.13297379201078796,2.0,3.0,0.13297379201078796,2.0,3.0,1.0,1.0,0.21246301658067857,3.0,0.13297379201078796,0.13297379201078796,0.13297379201078796,4.0,0.13297379201078796,3.0,9.0,0.13297379201078796,1.0,4.0,3.0,0.13409523975739768,2.0,6.0,0.13297379201078796,0.13297379201078796,0.16807090299188476,0.13297379201078796,1.0,4.0,1.0,2.0,1.0,0.13297379201078796,0.13297379201078796,3.0,0.13297379201078796
4,33,1.0,1.0,4.0,1.0,1.0,12.0,0.37333196826288473,0.13297379201078796,0.1854845370606486,1.0,1.0,2.0,0.24541882234062795,2.0,4.0,6.0,1.0,1.0,1.0,0.13297379201078796,0.1810708073140871,0.3765728182035103,3.0,0.6648668622962692,11.0,2.0,7.0,3.0,0.2815589570978102,4.0,1.0,2.0,4.0,5.0,5.0,0.15239436200270773,2.0,1.0,0.1977835618122482,0.13297379201078796,2.0,0.15624322518544298,3.0,3.0,0.13297379201078796,0.4727758060616625,0.204424758360772,11.0,0.1422078315396872,6.0,0.4706502672488262,0.13297379201078796,0.13297379201078796,4.0,1.0,1.0,0.13297379201078796,2.0,0.13297379201078796,0.13297379201078796,12.0,0.22034407426238367,3.0,0.13297379201078796,2.0,3.0,0.13297379201078796,2.0,3.0,1.0,1.0,0.21246301658067857,3.0,0.13297379201078796,0.13297379201078796,0.13297379201078796,4.0,0.13297379201078796,3.0,9.0,0.13297379201078796,1.0,4.0,3.0,0.13409523975739768,2.0,6.0,0.13297379201078796,0.13297379201078796,0.16807090299188476,0.13297379201078796,1.0,4.0,1.0,2.0,1.0,0.13297379201078796,0.13297379201078796,3.0,0.13297379201078796
4,34,1.0,1.0,4.0,1.0,1.0,12.0,0.37333196826288473,0.13297379201078796,0.1854845370606486,1.0,1.0,2.0,0.24541882234062795,2.0,4.0,6.0,1.0,1.0,1.0,0.13297379201078796,0.1810708073140871,0.3765728182035103,3.0,0.6648668622962692,11.0,2.0,7.0,3.0,0.2815589570978102,4.0,1.0,2.0,4.0,5.0,5.0,0.15239436200270773,2.0,1.0,0.1977835618122482,0.13297379201078796,2.0,0.15624322518544298,3.0,3.0,0.13297379201078796,0.4727758060616625,0.204424758360772,11.0,0.1422078315396872,6.0,0.4706502672488262,0.13297379201078796,0.13297379201078796,4.0,1.0,1.0,0.13297379201078796,2.0,0.13297379201078796,0.13297379201078796,12.0,0.22034407426238367,3.0,0.13297379201078796,2.0,3.0,0.13297379201078796,2.0,3.0,1.0,1.0,0.21246301658067857,3.0,0.13297379201078796,0.13297379201078796,0.13297379201078796,4.0,0.13297379201078796,3.0,9.0,0.13297379201078796,1.0,4.0,3.0,0.13409523975739768,2.0,6.0,0.13297379201078796,0.13297379201078796,0.16807090299188476,0.13297379201078796,1.0,4.0,1.0,2.0,1.0,0.13297379201078796,0.13297379201078796,3.0,0.13297379201078796
4,35,1.0,1.0,4.0,1.0,1.0,12.0,0.37333196826288473,0.13297379201078796,0.1854845370606486,1.0,1.0,2.0,0.24541882234062795,2.0,4.0,6.0,1.0,1.0,1.0,0.13297379201078796,0.1810708073140871,0.3765728182035103,3.0,0.6648668622962692,11.0,2.0,7.0,3.0,0.2815589570978102,4.0,1.0,2.0,4.0,5.0,5.0,0.15239436200270773,2.0,1.0,0.1977835618122482,0.13297379201078796,2.0,0.15624322518544298,3.0,3.0,0.13297379201078796,0.4727758060616625,0.204424758360772,11.0,0.1422078315396872,6.0,0.4706502672488262,0.13297379201078796,0.13297379201078796,4.0,1.0,1.0,0.13297379201078796,2.0,0.13297379201078796,0.13297379201078796,12.0,0.22034407426238367,3.0,0.13297379201078796,2.0,3.0,0.13297379201078796,2.0,3.0,1.0,1.0,0.21246301658067857,3.0,0.13297379201078796,0.13297379201078796,0.13297379201078796,4.0,0.13297379201078796,3.0,9.0,0.13297379201078796,1.0,4.0,3.0,0.13409523975739768,2.0,6.0,0.13297379201078796,0.13297379201078796,0.16807090299188476,0.13297379201078796,1.0,4.0,1.0,2.0,1.0,0.13297379201078796,0.13297379201078796,3.0,0.13297379201078796
4,36,1.0,1.0,4.0,1.0,1.0,12.0,0.37333196826288473,0.13297379201078796,0.1854845370606486,1.0,1.0,2.0,0.24541882234062795,2.0,4.0,6.0,1.0,1.0,1.0,0.13297379201078796,0.1810708073140871,0.3765728182035103,3.0,0.6648668622962692,11.0,2.0,7.0,3.0,0.2815589570978102,4.0,1.0,2.0,4.0,5.0,5.0,0.15239436200270773,2.0,1.0,0.1977835618122482,0.13297379201078796,2.0,0.15624322518544298,3.0,3.0,0.13297379201078796,0.4727758060616625,0.204424758360772,11.0,0.1422078315396872,6.0,0.4706502672488262,0.13297379201078796,0.13297379201078796,4.0,1.0,1.0,0.13297379201078796,2.0,0.13297379201078796,0.13297379201078796,12.0,0.22034407426238367,3.0,0.13297379201078796,2.0,3.0,0.13297379201078796,2.0,3.0,1.0,1.0,0.21246301658067857,3.0,0.13297379201078796,0.13297379201078796,0.13297379201078796,4.0,0.13297379201078796,3.0,9.0,0.13297379201078796,1.0,4.0,3.0,0.13409523975739768,2.0,6.0,0.13297379201078796,0.13297379201078796,0.16807090299188476,0.13297379201078796,1.0,4.0,1.0,2.0,1.0,0.13297379201078796,0.13297379201078796,3.0,0.13297379201078796
4,37,1.0,1.0,4.0,1.0,1.0,12.0,0.37333196826288473,0.13297379201078796,0.1854845370606486,1.0,1.0,2.0,0.24541882234062795,2.0,4.0,6.0,1.0,1.0,1.0,0.13297379201078796,0.1810708073140871,0.3765728182035103,3.0,0.6648668622962692,11.0,2.0,7.0,3.0,0.2815589570978102,4.0,1.0,2.0,4.0,5.0,5.0,0.15239436200270773,2.0,1.0,0.1977835618122482,0.13297379201078796,2.0,0.15624322518544298,3.0,3.0,0.13297379201078796,0.4727758060616625,0.204424758360772,11.0,0.1422078315396872,6.0,0.4706502672488262,0.13297379201078796,0.13297379201078796,4.0,1.0,1.0,0.13297379201078796,2.0,0.13297379201078796,0.13297379201078796,12.0,0.22034407426238367,3.0,0.13297379201078796,2.0,3.0,0.13297379201078796,2.0,3.0,1.0,1.0,0.21246301658067857,3.0,0.13297379201078796,0.13297379201078796,0.13297379201078796,4.0,0.13297379201078796,3.0,9.0,0.13297379201078796,1.0,4.0,3.0,0.13409523975739768,2.0,6.0,0.13297379201078796,0.13297379201078796,0.16807090299188476,0.13297379201078796,1.0,4.0,1.0,2.0,1.0,0.13297379201078796,0.13297379201078796,3.0,0.13297379201078796
4,38,1.0,1.0,4.0,1.0,1.0,12.0,0.37333196826288473,0.13297379201078796,0.1854845370606486,1.0,1.0,2.0,0.24541882234062795,2.0,4.0,6.0,1.0,1.0,1.0,0.13297379201078796,0.1810708073140871,0.3765728182035103,3.0,0.6648668622962692,11.0,2.0,7.0,3.0,0.2815589570978102,4.0,1.0,2.0,4.0,5.0,5.0,0.15239436200270773,2.0,1.0,0.1977835618122482,0.13297379201078796,2.0,0.15624322518544298,3.0,3.0,0.13297379201078796,0.4727758060616625,0.204424758360772,11.0,0.1422078315396872,6.0,0.4706502672488262,0.13297379201078796,0.13297379201078796,4.0,1.0,1.0,0.13297379201078796,2.0,0.13297379201078796,0.13297379201078796,12.0,0.22034407426238367,3.0,0.13297379201078796,2.0,3.0,0.13297379201078796,2.0,3.0,1.0,1.0,0.21246301658067857,3.0,0.13297379201078796,0.13297379201078796,0.13297379201078796,4.0,0.13297379201078796,3.0,9.0,0.13297379201078796,1.0,4.0,3.0,0.13409523975739768,2.0,6.0,0.13297379201078796,0.13297379201078796,0.16807090299188476,0.13297379201078796,1.0,4.0,1.0,2.0,1.0,0.13297379201078796,0.13297379201078796,3.0,0.13297379201078796
4,39,1.0,1.0,4.0,1.0,1.0,12.0,0.37333196826288473,0.13297379201078796,0.1854845370606486,1.0,1.0,2.0,0.24541882234062795,2.0,4.0,6.0,1.0,1.0,1.0,0.13297379201078796,0.1810708073140871,0.3765728182035103,3.0,0.6648668622962692,11.0,2.0,7.0,3.0,0.2815589570978102,4.0,1.0,2.0,4.0,5.0,5.0,0.15239436200270773,2.0,1.0,0.1977835618122482,0.13297379201078796,2.0,0.15624322518544298,3.0,3.0,0.13297379201078796,0.4727758060616625,0.204424758360772,11.0,0.1422078315396872,6.0,0.4706502672488262,0.13297379201078796,0.13297379201078796,4.0,1.0,1.0,0.13297379201078796,2.0,0.13297379201078796,0.13297379201078796,12.0,0.22034407426238367,3.0,0.13297379201078796,2.0,3.0,0.13297379201078796,2.0,3.0,1.0,1.0,0.21246301658067857,3.0,0.13297379201078796,0.13297379201078796,0.13297379201078796,4.0,0.13297379201078796,3.0,9.0,0.13297379201078796,1.0,4.0,3.0,0.13409523975739768,2.0,6.0,0.13297379201078796,0.13297379201078796,0.16807090299188476,0.13297379201078796,1.0,4.0,1.0,2.0,1.0,0.13297379201078796,0.13297379201078796,3.0,0.13297379201078796
5,0,0.14739218356479844,7.0,2.0,2.0,0.13297379201078796,0.2094679208156216,0.13297379201078796,0.14163623772674783,1.0,0.187793439151141,11.0,1.0,2.0,1.0,0.17151429702448084,0.4162592873633021,0.40874581367761453,3.0,2.0,0.13297379201078796,1.0,3.0,0.3765728182035103,0.15365960686067093,3.0,0.13297379201078796,11.0,3.0,2.0,0.2062424637252589,1.0,1.0,0.1854845370606486,0.4727758060616625,9.0,1.0,12.0,2.0,0.13297379201078796,3.0,1.0,0.3528260203296699,0.2699798438763664,0.13297379201078796,0.13297379201078796,2.0,0.3304124764294619,1.0,0.15624322518544298,1.0,0.18791564858641352,2.0,0.27608605603775327,0.1752233042335939,3.0,3.0,0.21292197662377876,0.1371815122713581,3.0,4.0,0.20440850588413906,1.0,8.0,0.16186437891765382,1.0,1.0,1.0,0.26356878062393774,0.3577503538527048,8.0,5.0,0.26474933714079807,2.0,0.25132031461106874,9.0,1.0,5.0,0.36946920333868205,1.0,5.0,3.0,1.0,1.0,0.4402303325641269,1.0,1.0,2.0,0.1542860950265399,0.6290609609768327,0.20346002514459427,0.13297379201078796,3.0,7.0,1.0,4.0,2.0,3.0,3.0,0.26356841960466326,6.0
5,1,0.14739218356479844,2.0,1.0,0.3961633260101485,2.0,0.2094679208156216,0.13297379201078796,0.14163623772674783,1.0,0.187793439151141,11.0,1.0,2.0,1.0,0.17151429702448084,0.4162592873633021,0.40874581367761453,3.0,2.0,0.13297379201078796,1.0,3.0,0.3765728182035103,0.15365960686067093,3.0,0.13297379201078796,11.0,3.0,2.0,0.2062424637252589,1.0,1.0,0.1854845370606486,0.4727758060616625,9.0,1.0,12.0,1.0,0.13297379201078796,2.0,1.0,2.0,0.2699798438763664,4.0,0.36036734262277825,5.0,4.0,2.0,0.15624322518544298,1.0,0.18791564858641352,2.0,0.13297379201078796,0.1752233042335939,3.0,3.0,0.21292197662377876,0.1371815122713581,3.0,4.0,0.20440850588413906,1.0,8.0,0.16186437891765382,1.0,1.0,1.0,0.26356878062393774,0.3577503538527048,1.0,0.5443683307007898,0.23883457757500148,0.19528261383300194,4.0,8.0,1.0,2.0,0.36946920333868205,1.0,5.0,3.0,1.0,1.0,0.4402303325641269,1.0,0.27011966228056294,3.0,0.17544560107989504,1.0,0.20346002514459427,0.13297379201078796,3.0,7.0,0.13297379201078796,15.0,2.0,3.0,1.0,0.26356841960466326,0.1745647968586046
5,2,0.14739218356479844,2.0,2.0,0.3961633260101485,0.15547414499663303,0.2094679208156216,0.13297379201078796,0.14163623772674783,1.0,0.187793439151141,11.0,1.0,2.0,1.0,0.17151429702448084,0.4162592873633021,0.40874581367761453,3.0,2.0,0.13297379201078796,1.0,6.0,0.3765728182035103,0.15365960686067093,3.0,0.13297379201078796,3.0,0.22217391887887583,0.13297379201078796,0.2062424637252589,1.0,1.0,0.1854845370606486,0.4727758060616625,9.0,1.0,12.0,1.0,0.13297379201078796,2.0,2.0,2.0,2.0,4.0,0.36036734262277825,3.0,4.0,2.0,0.15624322518544298,5.0,1.0,2.0,0.13297379201078796,0.1752233042335939,3.0,3.0,0.21292197662377876,0.1371815122713581,3.0,4.0,0.20440850588413906,1.0,8.0,0.1526754077186676,5.0,1.0,1.0,0.26356878062393774,0.3577503538527048,1.0,0.6299385263089905,0.13297379201078796,0.19528261383300194,8.0,8.0,0.3413749916576322,2.0,0.36946920333868205,1.0,5.0,3.0,2.0,1.0,0.4402303325641269,1.0,0.18298571737149383,2.0,0.1364927606586781,1.0,0.20346002514459427,0.13297379201078796,3.0,7.0,0.13297379201078796,15.0,2.0,3.0,2.0,0.16882299442176252,0.13297379201078796
5,3,0.14739218356479844,2.0,0.22550474889486938,0.3961633260101485,2.0,0.2094679208156216,0.13297379201078796,0.14163623772674783,1.0,0.187793439151141,11.0,1.0,2.0,1.0,0.17151429702448084,0.4162592873633021,0.40874581367761453,3.0,2.0,0.13297379201078796,1.0,6.0,0.3765728182035103,0.15365960686067093,3.0,0.13297379201078796,3.0,0.22217391887887583,0.13297379201078796,0.2062424637252589,1.0,1.0,0.1854845370606486,0.4727758060616625,9.0,1.0,12.0,1.0,0.13297379201078796,2.0,2.0,2.0,2.0,4.0,0.36036734262277825,5.0,4.0,2.0,0.15624322518544298,5.0,1.0,2.0,0.13297379201078796,0.1752233042335939,3.0,3.0,0.21292197662377876,0.1371815122713581,3.0,4.0,0.20440850588413906,1.0,8.0,0.1526754077186676,5.0,1.0,1.0,0.26356878062393774,0.3577503538527048,1.0,0.6299385263089905,0.13297379201078796,0.19528261383300194,3.0,8.0,0.3413749916576322,2.0,0.36946920333868205,1.0,5.0,3.0,2.0,1.0,0.4402303325641269,1.0,0.18298571737149383,2.0,13.0,1.0,0.20346002514459427,0.13297379201078796,3.0,7.0,0.13297379201078796,15.0,2.0,3.0,0.15273316191417363,0.16882299442176252,0.13297379201078796
5,4,0.14739218356479844,2.0,0.22550474889486938,0.3961633260101485,2.0,0.2094679208156216,0.13297379201078796,0.14163623772674783,1.0,0.13297379201078796,4.0,4.0,2.0,8.0,0.23979205940396886,0.4162592873633021,0.40874581367761453,3.0,2.0,0.13297379201078796,1.0,6.0,0.3765728182035103,0.15365960686067093,3.0,0.13297379201078796,3.0,0.22217391887887583,0.13297379201078796,0.2062424637252589,1.0,1.0,0.1854845370606486,0.4727758060616625,9.0,1.0,12.0,1.0,0.13297379201078796,2.0,2.0,2.0,2.0,4.0,0.36036734262277825,5.0,4.0,2.0,0.15624322518544298,5.0,1.0,2.0,0.13297379201078796,1.0,0.1499305543742141,3.0,0.13750042944430318,0.25546519975018267,3.0,4.0,0.13297379201078796,1.0,8.0,0.1526754077186676,5.0,1.0,1.0,0.26356878062393774,0.3577503538527048,1.0,0.6299385263089905,0.13297379201078796,0.19528261383300194,3.0,8.0,0.3413749916576322,2.0,0.19346834701136084,1.0,5.0,3.0,2.0,1.0,0.4402303325641269,1.0,0.18298571737149383,2.0,13.0,1.0,0.13297379201078796,0.13297379201078796,3.0,7.0,0.13297379201078796,15.0,2.0,3.0,0.15273316191417363,0.13297379201078796,0.13297379201078796
5,5,0.14739218356479844,2.0,0.22550474889486938,0.3961633260101485,2.0,0.2094679208156216,0.13297379201078796,0.14163623772674783,1.0,0.13297379201078796,4.0,4.0,2.0,8.0,0.23979205940396886,0.4162592873633021,0.40874581367761453,3.0,2.0,0.13297379201078796,1.0,6.0,0.3765728182035103,0.15365960686067093,3.0,0.13297379201078796,3.0,0.22217391887887583,0.13297379201078796,0.2062424637252589,1.0,1.0,0.1854845370606486,0.13297379201078796,2.0,1.0,12.0,1.0,0.13297379201078796,2.0,2.0,2.0,2.0,4.0,0.36036734262277825,5.0,4.0,2.0,0.15624322518544298,5.0,1.0,2.0,0.13297379201078796,1.0,0.1499305543742141,3.0,0.13750042944430318,0.25546519975018267,3.0,4.0,0.13297379201078796,1.0,8.0,0.1526754077186676,5.0,1.0,1.0,0.14575723406602437,0.13297379201078796,1.0,0.6299385263089905,0.13297379201078796,0.19528261383300194,3.0,8.0,0.3413749916576322,2.0,0.19346834701136084,1.0,5.0,3.0,2.0,1.0,1.0,1.0,0.18298571737149383,2.0,13.0,1.0,0.13297379201078796,0.13297379201078796,3.0,0.16963787838669997,0.13297379201078796,15.0,2.0,3.0,0.15273316191417363,0.13297379201078796,0.13297379201078796
5,6,0.14739218356479844,2.0,0.22550474889486938,0.3961633260101485,2.0,0.2094679208156216,0.13297379201078796,0.14163623772674783,1.0,0.13297379201078796,4.0,4.0,2.0,8.0,0.23979205940396886,0.4162592873633021,0.40874581367761453,3.0,2.0,0.13297379201078796,1.0,6.0,0.3765728182035103,0.15365960686067093,3.0,0.13297379201078796,3.0,0.22217391887887583,0.13297379201078796,0.2062424637252589,1.0,2.0,0.32812544419474765,0.13297379201078796,2.0,1.0,12.0,1.0,0.13297379201078796,2.0,2.0,2.0,2.0,4.0,0.36036734262277825,5.0,4.0,2.0,0.15624322518544298,5.0,1.0,2.0,0.13297379201078796,1.0,0.1499305543742141,3.0,0.13750042944430318,0.25546519975018267,3.0,4.0,0.13297379201078796,1.0,9.0,0.1526754077186676,5.0,1.0,1.0,0.14575723406602437,0.13297379201078796,1.0,0.6299385263089905,0.13297379201078796,0.19528261383300194,3.0,8.0,0.3413749916576322,2.0,0.19346834701136084,1.0,5.0,3.0,2.0,1.0,1.0,1.0,0.18298571737149383,2.0,13.0,1.0,0.13297379201078796,0.13297379201078796,3.0,0.13297379201078796,0.13297379201078796,15.0,2.0,3.0,0.15273316191417363,0.13297379201078796,0.13297379201078796
5,7,0.14739218356479844,2.0,0.22550474889486938,0.3961633260101485,2.0,0.2094679208156216,0.13297379201078796,0.14163623772674783,1.0,0.13297379201078796,4.0,4.0,2.0,8.0,0.23979205940396886,0.4162592873633021,0.40874581367761453,3.0,2.0,0.13297379201078796,1.0,6.0,0.3765728182035103,0.15365960686067093,3.0,0.13297379201078796,3.0,0.22217391887887583,0.13297379201078796,0.2062424637252589,1.0,2.0,0.32812544419474765,0.13297379201078796,2.0,1.0,7.0,1.0,0.13297379201078796,2.0,2.0,2.0,2.0,4.0,0.36036734262277825,5.0,4.0,2.0,0.15624322518544298,5.0,1.0,2.0,0.13297379201078796,1.0,0.1499305543742141,3.0,0.13750042944430318,0.25546519975018267,3.0,4.0,0.13297379201078796,1.0,9.0,0.1526754077186676,5.0,1.0,1.0,0.14575723406602437,0.13297379201078796,1.0,0.6299385263089905,0.13297379201078796,0.19528261383300194,3.0,8.0,0.3413749916576322,2.0,0.19346834701136084,1.0,5.0,3.0,2.0,1.0,1.0,1.0,0.18298571737149383,2.0,13.0,1.0,0.13297379201078796,0.13297379201078796,3.0,2.0,0.13297379201078796,15.0,2.0,3.0,0.13297379201078796,0.13964288776733513,0.13297379201078796
5,8,0.14739218356479844,2.0,0.22550474889486938,0.3961633260101485,2.0,0.2094679208156216,0.13297379201078796,0.14163623772674783,1.0,0.13297379201078796,4.0,4.0,2.0,8.0,0.23979205940396886,0.4162592873633021,0.40874581367761453,3.0,2.0,0.13297379201078796,1.0,6.0,0.3765728182035103,0.15365960686067093,3.0,0.13297379201078796,3.0,0.22217391887887583,0.13297379201078796,0.2062424637252589,1.0,2.0,0.32812544419474765,0.13297379201078796,2.0,1.0,7.0,1.0,0.13297379201078796,2.0,2.0,2.0,2.0,4.0,0.36036734262277825,5.0,4.0,2.0,0.15624322518544298,5.0,1.0,2.0,0.13297379201078796,1.0,0.1499305543742141,3.0,0.13750042944430318,0.25546519975018267,3.0,4.0,0.13297379201078796,1.0,9.0,0.1526754077186676,5.0,1.0,1.0,0.14575723406602437,0.13297379201078796,1.0,0.6299385263089905,0.13297379201078796,0.19528261383300194,3.0,8.0,0.3413749916576322,2.0,0.19346834701136084,1.0,5.0,3.0,2.0,1.0,1.0,1.0,0.18298571737149383,2.0,13.0,1.0,0.13297379201078796,0.13297379201078796,3.0,2.0,0.13297379201078796,3.0,2.0,3.0,0.13297379201078796,0.13964288776733513,0.13297379201078796
5,9,0.14739218356479844,2.0,0.22550474889486938,0.3961633260101485,2.0,0.2094679208156216,0.13297379201078796,0.14163623772674783,1.0,0.13297379201078796,4.0,4.0,2.0,8.0,0.23979205940396886,0.4162592873633021,0.40874581367761453,3.0,2.0,0.13297379201078796,1.0,6.0,0.3765728182035103,0.15365960686067093,3.0,0.13297379201078796,3.0,0.22217391887887583,0.13297379201078796,0.2062424637252589,1.0,2.0,0.32812544419474765,0.13297379201078796,2.0,1.0,7.0,1.0,0.13297379201078796,2.0,2.0,2.0,2.0,4.0,0.36036734262277825,5.0,4.0,2.0,0.15624322518544298,5.0,1.0,2.0,0.13297379201078796,1.0,0.1499305543742141,3.0,0.13750042944430318,0.25546519975018267,3.0,4.0,0.13297379201078796,1.0,9.0,0.1526754077186676,5.0,1.0,1.0,0.14575723406602437,0.13297379201078796,1.0,0.6299385263089905,0.13297379201078796,0.19528261383300194,3.0,8.0,0.3413749916576322,2.0,0.19346834701136084,1.0,5.0,3.0,2.0,2.0,1.0,1.0,0.18298571737149383,2.0,13.0,1.0,0.13297379201078796,0.13297379201078796,3.0,2.0,0.13297379201078796,3.0,2.0,1.0,0.13297379201078796,0.13432645300533053,0.13297379201078796
5,10,0.14739218356479844,2.0,0.22550474889486938,0.3961633260101485,2.0,0.2094679208156216,0.13297379201078796,0.14163623772674783,1.0,0.13297379201078796,4.0,4.0,2.0,8.0,0.23979205940396886,0.4162592873633021,0.40874581367761453,3.0,2.0,0.13297379201078796,1.0,6.0,0.3765728182035103,0.15365960686067093,3.0,0.13297379201078796,3.0,0.22217391887887583,0.13297379201078796,0.2062424637252589,1.0,2.0,0.32812544419474765,0.13297379201078796,2.0,1.0,7.0,1.0,0.13297379201078796,2.0,2.0,2.0,2.0,4.0,0.36036734262277825,5.0,4.0,2.0,0.15624322518544298,5.0,1.0,2.0,0.13297379201078796,1.0,0.1499305543742141,3.0,0.13750042944430318,0.25546519975018267,3.0,4.0,0.13297379201078796,1.0,9.0,0.1526754077186676,5.0,1.0,1.0,0.14575723406602437,0.13297379201078796,1.0,0.6299385263089905,0.13297379201078796,0.19528261383300194,3.0,8.0,0.3413749916576322,2.0,0.19346834701136084,1.0,5.0,3.0,2.0,2.0,1.0,1.0,0.18298571737149383,2.0,13.0,1.0,0.13297379201078796,0.13297379201078796,3.0,2.0,0.13297379201078796,3.0,2.0,1.0,0.13297379201078796,0.13432645300533053,0.13297379201078796
5,11,0.14739218356479844,2.0,0.22550474889486938,0.3961633260101485,2.0,0.2094679208156216,0.13297379201078796,0.14163623772674783,1.0,0.13297379201078796,4.0,4.0,2.0,8.0,0.23979205940396886,0.4162592873633021,0.40874581367761453,3.0,2.0,0.13297379201078796,1.0,6.0,0.3765728182035103,0.15365960686067093,3.0,0.13297379201078796,3.0,0.22217391887887583,0.13297379201078796,0.2062424637252589,1.0,2.0,0.32812544419474765,0.13297379201078796,2.0,1.0,7.0,1.0,0.13297379201078796,2.0,2.0,2.0,2.0,4.0,0.36036734262277825,5.0,4.0,2.0,0.15624322518544298,5.0,1.0,2.0,0.13297379201078796,1.0,0.1499305543742141,3.0,0.13750042944430318,0.25546519975018267,3.0,4.0,0.13297379201078796,1.0,9.0,0.1526754077186676,5.0,1.0,1.0,0.14575723406602437,0.13297379201078796,1.0,0.6299385263089905,0.13297379201078796,0.19528261383300194,3.0,8.0,0.3413749916576322,2.0,0.19346834701136084,1.0,5.0,3.0,2.0,2.0,1.0,1.0,0.18298571737149383,2.0,13.0,1.0,0.13297379201078796,0.13297379201078796,3.0,2.0,0.13297379201078796,3.0,2.0,1.0,0.13297379201078796,0.13432645300533053,0.13297379201078796
5,12,0.14739218356479844,2.0,0.22550474889486938,0.3961633260101485,2.0,0.2094679208156216,0.13297379201078796,0.14163623772674783,1.0,0.13297379201078796,4.0,4.0,2.0,8.0,0.23979205940396886,0.4162592873633021,0.40874581367761453,3.0,2.0,0.13297379201078796,1.0,6.0,0.3765728182035103,0.15365960686067093,3.0,0.13297379201078796,3.0,0.22217391887887583,0.13297379201078796,0.2062424637252589,1.0,2.0,0.32812544419474765,0.13297379201078796,2.0,1.0,7.0,1.0,0.13297379201078796,2.0,2.0,2.0,2.0,4.0,0.36036734262277825,5.0,4.0,2.0,0.15624322518544298,5.0,1.0,2.0,0.13297379201078796,1.0,0.1499305543742141,3.0,0.13750042944430318,0.25546519975018267,3.0,4.0,0.13297379201078796,1.0,9.0,0.1526754077186676,5.0,1.0,1.0,0.14575723406602437,0.13297379201078796,1.0,0.6299385263089905,0.13297379201078796,0.19528261383300194,3.0,8.0,0.3413749916576322,2.0,0.19346834701136084,1.0,5.0,3.0,2.0,2.0,1.0,1.0,0.18298571737149383,2.0,13.0,1.0,0.13297379201078796,0.13297379201078796,3.0,2.0,0.13297379201078796,3.0,2.0,1.0,0.13297379201078796,0.13432645300533053,0.13297379201078796
5,13,0.14739218356479844,2.0,0.22550474889486938,0.3961633260101485,2.0,0.2094679208156216,0.13297379201078796,0.14163623772674783,1.0,0.13297379201078796,4.0,4.0,2.0,8.0,0.23979205940396886,0.4162592873633021,0.40874581367761453,3.0,2.0,0.13297379201078796,1.0,6.0,0.3765728182035103,0.15365960686067093,3.0,0.13297379201078796,3.0,0.22217391887887583,0.13297379201078796,0.2062424637252589,1.0,2.0,0.32812544419474765,0.13297379201078796,2.0,1.0,7.0,1.0,0.13297379201078796,2.0,2.0,2.0,2.0,4.0,0.36036734262277825,5.0,4.0,2.0,0.15624322518544298,5.0,1.0,2.0,0.13297379201078796,1.0,0.1499305543742141,3.0,0.13750042944430318,0.25546519975018267,3.0,4.0,0.13297379201078796,1.0,9.0,0.1526754077186676,5.0,1.0,1.0,0.14575723406602437,0.13297379201078796,1.0,0.6299385263089905,0.13297379201078796,0.19528261383300194,3.0,8.0,0.3413749916576322,2.0,0.19346834701136084,1.0,5.0,3.0,2.0,2.0,1.0,1.0,0.18298571737149383,2.0,13.0,1.0,0.13297379201078796,0.13297379201078796,3.0,2.0,0.13297379201078796,3.0,2.0,1.0,0.13297379201078796,0.13432645300533053,0.13297379201078796
5,14,0.14739218356479844,2.0,0.22550474889486938,0.3961633260101485,2.0,0.2094679208156216,0.13297379201078796,0.14163623772674783,1.0,0.13297379201078796,4.0,4.0,2.0,8.0,0.23979205940396886,0.4162592873633021,0.40874581367761453,3.0,2.0,0.13297379201078796,1.0,6.0,0.3765728182035103,0.15365960686067093,3.0,0.13297379201078796,3.0,0.22217391887887583,0.13297379201078796,0.2062424637252589,1.0,2.0,0.32812544419474765,0.13297379201078796,2.0,1.0,7.0,1.0,0.13297379201078796,2.0,2.0,2.0,2.0,4.0,0.36036734262277825,5.0,4.0,2.0,0.15624322518544298,5.0,1.0,2.0,0.13297379201078796,1.0,0.1499305543742141,3.0,0.13750042944430318,0.25546519975018267,3.0,4.0,0.13297379201078796,1.0,9.0,0.1526754077186676,5.0,1.0,1.0,0.14575723406602437,0.13297379201078796,1.0,0.6299385263089905,0.13297379201078796,0.19528261383300194,3.0,8.0,0.3413749916576322,2.0,0.19346834701136084,1.0,5.0,3.0,2.0,2.0,1.0,1.0,0.18298571737149383,2.0,13.0,1.0,0.13297379201078796,0.13297379201078796,3.0,2.0,0.13297379201078796,3.0,2.0,1.0,0.13297379201078796,0.13432645300533053,0.13297379201078796
5,15,0.14739218356479844,2.0,0.22550474889486938,0.3961633260101485,2.0,0.2094679208156216,0.13297379201078796,0.14163623772674783,1.0,0.13297379201078796,4.0,4.0,2.0,8.0,0.23979205940396886,0.4162592873633021,0.40874581367761453,3.0,2.0,0.13297379201078796,1.0,6.0,0.3765728182035103,0.15365960686067093,3.0,0.13297379201078796,3.0,0.22217391887887583,0.13297379201078796,0.2062424637252589,1.0,2.0,0.32812544419474765,0.13297379201078796,2.0,1.0,7.0,1.0,0.13297379201078796,2.0,2.0,2.0,2.0,4.0,0.36036734262277825,5.0,4.0,2.0,0.15624322518544298,5.0,1.0,2.0,0.13297379201078796,1.0,0.1499305543742141,3.0,0.13750042944430318,0.25546519975018267,3.0,4.0,0.13297379201078796,1.0,9.0,0.1526754077186676,5.0,1.0,1.0,0.14575723406602437,0.13297379201078796,1.0,0.6299385263089905,0.13297379201078796,0.19528261383300194,3.0,8.0,0.3413749916576322,2.0,0.19346834701136084,1.0,5.0,3.0,2.0,2.0,1.0,1.0,0.18298571737149383,2.0,13.0,1.0,0.13297379201078796,0.13297379201078796,3.0,2.0,0.13297379201078796,3.0,2.0,1.0,0.13297379201078796,0.13432645300533053,0.13297379201078796
5,16,0.14739218356479844,2.0,0.22550474889486938,0.3961633260101485,2.0,0.2094679208156216,0.13297379201078796,0.14163623772674783,1.0,0.13297379201078796,4.0,4.0,2.0,8.0,0.23979205940396886,0.4162592873633021,0.40874581367761453,3.0,2.0,0.13297379201078796,1.0,6.0,0.3765728182035103,0.15365960686067093,3.0,0.13297379201078796,3.0,0.22217391887887583,0.13297379201078796,0.2062424637252589,1.0,2.0,0.32812544419474765,0.13297379201078796,2.0,1.0,7.0,1.0,0.13297379201078796,2.0,2.0,2.0,2.0,4.0,0.36036734262277825,5.0,4.0,2.0,0.15624322518544298,5.0,1.0,2.0,0.13297379201078796,1.0,0.1499305543742141,3.0,0.13750042944430318,0.25546519975018267,3.0,4.0,0.13297379201078796,1.0,9.0,0.1526754077186676,5.0,1.0,1.0,0.14575723406602437,0.13297379201078796,1.0,0.6299385263089905,0.13297379201078796,0.19528261383300194,3.0,8.0,0.3413749916576322,2.0,0.19346834701136084,1.0,5.0,3.0,2.0,2.0,1.0,1.0,0.18298571737149383,2.0,13.0,1.0,0.13297379201078796,0.13297379201078796,3.0,2.0,0.13297379201078796,3.0,2.0,1.0,0.13297379201078796,0.13432645300533053,0.13297379201078796
5,17,0.14739218356479844,2.0,0.22550474889486938,0.3961633260101485,2.0,0.2094679208156216,0.13297379201078796,0.14163623772674783,1.0,0.13297379201078796,4.0,4.0,2.0,8.0,0.23979205940396886,0.4162592873633021,0.40874581367761453,3.0,2.0,0.13297379201078796,1.0,6.0,0.3765728182035103,0.15365960686067093,3.0,0.13297379201078796,3.0,0.22217391887887583,0.13297379201078796,0.2062424637252589,1.0,2.0,0.32812544419474765,0.13297379201078796,2.0,1.0,7.0,1.0,0.13297379201078796,2.0,2.0,2.0,2.0,4.0,0.36036734262277825,5.0,4.0,2.0,0.15624322518544298,5.0,1.0,2.0,0.13297379201078796,1.0,0.1499305543742141,3.0,0.13750042944430318,0.25546519975018267,3.0,4.0,0.13297379201078796,1.0,9.0,0.1526754077186676,5.0,1.0,1.0,0.14575723406602437,0.13297379201078796,1.0,0.6299385263089905,0.13297379201078796,0.19528261383300194,3.0,8.0,0.3413749916576322,2.0,0.19346834701136084,1.0,5.0,3.0,2.0,2.0,1.0,1.0,0.18298571737149383,2.0,13.0,1.0,0.13297379201078796,0.13297379201078796,3.0,2.0,0.13297379201078796,3.0,2.0,1.0,0.13297379201078796,0.13432645300533053,0.13297379201078796
5,18,0.14739218356479844,2.0,0.22550474889486938,0.3961633260101485,2.0,0.2094679208156216,0.13297379201078796,0.14163623772674783,1.0,0.13297379201078796,4.0,4.0,2.0,8.0,0.23979205940396886,0.4162592873633021,0.40874581367761453,3.0,2.0,0.13297379201078796,1.0,6.0,0.3765728182035103,0.15365960686067093,3.0,0.13297379201078796,3.0,0.22217391887887583,0.13297379201078796,0.2062424637252589,1.0,2.0,0.32812544419474765,0.13297379201078796,2.0,1.0,7.0,1.0,0.13297379201078796,2.0,2.0,2.0,2.0,4.0,0.36036734262277825,5.0,4.0,2.0,0.15624322518544298,5.0,1.0,2.0,0.13297379201078796,1.0,0.1499305543742141,3.0,0.13750042944430318,0.25546519975018267,3.0,4.0,0.13297379201078796,1.0,9.0,0.1526754077186676,5.0,1.0,1.0,0.14575723406602437,0.13297379201078796,1.0,0.6299385263089905,0.13297379201078796,0.19528261383300194,3.0,8.0,0.3413749916576322,2.0,0.19346834701136084,1.0,5.0,3.0,2.0,2.0,1.0,1.0,0.18298571737149383,2.0,13.0,1.0,0.13297379201078796,0.13297379201078796,3.0,2.0,0.13297379201078796,3.0,2.0,1.0,0.13297379201078796,0.13432645300533053,0.13297379201078796
5,19,0.14739218356479844,2.0,0.22550474889486938,0.3961633260101485,2.0,0.2094679208156216,0.13297379201078796,0.14163623772674783,1.0,0.13297379201078796,4.0,4.0,2.0,8.0,0.23979205940396886,0.4162592873633021,0.40874581367761453,3.0,2.0,0.13297379201078796,1.0,6.0,0.3765728182035103,0.15365960686067093,3.0,0.13297379201078796,3.0,0.22217391887887583,0.13297379201078796,0.2062424637252589,1.0,2.0,0.32812544419474765,0.13297379201078796,2.0,1.0,7.0,1.0,0.13297379201078796,2.0,2.0,2.0,2.0,4.0,0.36036734262277825,5.0,4.0,2.0,0.15624322518544298,5.0,1.0,2.0,0.13297379201078796,1.0,0.1499305543742141,3.0,0.13750042944430318,0.25546519975018267,3.0,4.0,0.13297379201078796,1.0,9.0,0.1526754077186676,5.0,1.0,1.0,0.14575723406602437,0.13297379201078796,1.0,0.6299385263089905,0.13297379201078796,0.19528261383300194,3.0,8.0,0.3413749916576322,2.0,0.19346834701136084,1.0,5.0,3.0,2.0,2.0,1.0,1.0,0.18298571737149383,2.0,13.0,1.0,0.13297379201078796,0.13297379201078796,3.0,2.0,0.13297379201078796,3.0,2.0,1.0,0.13297379201078796,0.13432645300533053,0.13297379201078796
5,20,0.14739218356479844,2.0,0.22550474889486938,0.3961633260101485,2.0,0.2094679208156216,0.13297379201078796,0.14163623772674783,1.0,0.13297379201078796,4.0,4.0,2.0,8.0,0.23979205940396886,0.4162592873633021,0.40874581367761453,3.0,2.0,0.13297379201078796,1.0,6.0,0.3765728182035103,0.15365960686067093,3.0,0.13297379201078796,3.0,0.22217391887887583,0.13297379201078796,0.2062424637252589,1.0,2.0,0.32812544419474765,0.13297379201078796,2.0,1.0,7.0,1.0,0.13297379201078796,2.0,2.0,2.0,2.0,4.0,0.36036734262277825,5.0,4.0,2.0,0.15624322518544298,5.0,1.0,2.0,0.13297379201078796,1.0,0.1499305543742141,3.0,0.13750042944430318,0.25546519975018267,3.0,4.0,0.13297379201078796,1.0,9.0,0.1526754077186676,5.0,1.0,1.0,0.14575723406602437,0.13297379201078796,1.0,0.6299385263089905,0.13297379201078796,0.19528261383300194,3.0,8.0,0.3413749916576322,2.0,0.19346834701136084,1.0,5.0,3.0,2.0,2.0,1.0,1.0,0.18298571737149383,2.0,13.0,1.0,0.13297379201078796,0.13297379201078796,3.0,2.0,0.13297379201078796,3.0,2.0,1.0,0.13297379201078796,0.13432645300533053,0.13297379201078796
5,21,0.14739218356479844,2.0,0.22550474889486938,0.3961633260101485,2.0,0.2094679208156216,0.13297379201078796,0.14163623772674783,1.0,0.13297379201078796,4.0,4.0,2.0,8.0,0.23979205940396886,0.4162592873633021,0.40874581367761453,3.0,2.0,0.13297379201078796,1.0,6.0,0.3765728182035103,0.15365960686067093,3.0,0.13297379201078796,3.0,0.22217391887887583,0.13297379201078796,0.2062424637252589,1.0,2.0,0.32812544419474765,0.13297379201078796,2.0,1.0,7.0,1.0,0.13297379201078796,2.0,2.0,2.0,2.0,4.0,0.36036734262277825,5.0,4.0,2.0,0.15624322518544298,5.0,1.0,2.0,0.13297379201078796,1.0,0.1499305543742141,3.0,0.13750042944430318,0.25546519975018267,3.0,4.0,0.13297379201078796,1.0,9.0,0.1526754077186676,5.0,1.0,1.0,0.14575723406602437,0.13297379201078796,1.0,0.6299385263089905,0.13297379201078796,0.19528261383300194,3.0,8.0,0.3413749916576322,2.0,0.19346834701136084,1.0,5.0,3.0,2.0,2.0,1.0,1.0,0.18298571737149383,2.0,13.0,1.0,0.13297379201078796,0.13297379201078796,3.0,2.0,0.13297379201078796,3.0,2.0,1.0,0.13297379201078796,0.13432645300533053,0.13297379201078796
5,22,0.14739218356479844,2.0,0.22550474889486938,0.3961633260101485,2.0,0.2094679208156216,0.13297379201078796,0.14163623772674783,1.0,0.13297379201078796,4.0,4.0,2.0,8.0,0.23979205940396886,0.4162592873633021,0.40874581367761453,3.0,2.0,0.13297379201078796,1.0,6.0,0.3765728182035103,0.15365960686067093,3.0,0.13297379201078796,3.0,0.22217391887887583,0.13297379201078796,0.2062424637252589,1.0,2.0,0.32812544419474765,0.13297379201078796,2.0,1.0,7.0,1.0,0.13297379201078796,2.0,2.0,2.0,2.0,4.0,0.36036734262277825,5.0,4.0,2.0,0.15624322518544298,5.0,1.0,2.0,0.13297379201078796,1.0,0.1499305543742141,3.0,0.13750042944430318,0.25546519975018267,3.0,4.0,0.13297379201078796,1.0,9.0,0.1526754077186676,5.0,1.0,1.0,0.14575723406602437,0.13297379201078796,1.0,0.6299385263089905,0.13297379201078796,0.19528261383300194,3.0,8.0,0.3413749916576322,2.0,0.19346834701136084,1.0,5.0,3.0,2.0,2.0,1.0,1.0,0.18298571737149383,2.0,13.0,1.0,0.13297379201078796,0.13297379201078796,3.0,2.0,0.13297379201078796,3.0,2.0,1.0,0.13297379201078796,0.13432645300533053,0.13297379201078796
5,23,0.14739218356479844,2.0,0.22550474889486938,0.3961633260101485,2.0,0.2094679208156216,0.13297379201078796,0.14163623772674783,1.0,0.13297379201078796,4.0,4.0,2.0,8.0,0.23979205940396886,0.4162592873633021,0.40874581367761453,3.0,2.0,0.13297379201078796,1.0,6.0,0.3765728182035103,0.15365960686067093,3.0,0.13297379201078796,3.0,0.22217391887887583,0.13297379201078796,0.2062424637252589,1.0,2.0,0.32812544419474765,0.13297379201078796,2.0,1.0,7.0,1.0,0.13297379201078796,2.0,2.0,2.0,2.0,4.0,0.36036734262277825,5.0,4.0,2.0,0.15624322518544298,5.0,1.0,2.0,0.13297379201078796,1.0,0.1499305543742141,3.0,0.13750042944430318,0.25546519975018267,3.0,4.0,0.13297379201078796,1.0,9.0,0.1526754077186676,5.0,1.0,1.0,0.14575723406602437,0.13297379201078796,1.0,0.6299385263089905,0.13297379201078796,0.19528261383300194,3.0,8.0,0.3413749916576322,2.0,0.19346834701136084,1.0,5.0,3.0,2.0,2.0,1.0,1.0,0.18298571737149383,2.0,13.0,1.0,0.13297379201078796,0.13297379201078796,3.0,2.0,0.13297379201078796,3.0,2.0,1.0,0.13297379201078796,0.13432645300533053,0.13297379201078796
5,24,0.14739218356479844,2.0,0.22550474889486938,0.3961633260101485,2.0,0.2094679208156216,0.13297379201078796,0.14163623772674783,1.0,0.13297379201078796,4.0,4.0,2.0,8.0,0.23979205940396886,0.4162592873633021,0.40874581367761453,3.0,2.0,0.13297379201078796,1.0,6.0,0.3765728182035103,0.15365960686067093,3.0,0.13297379201078796,3.0,0.22217391887887583,0.13297379201078796,0.2062424637252589,1.0,2.0,0.32812544419474765,0.13297379201078796,2.0,1.0,7.0,1.0,0.13297379201078796,2.0,2.0,2.0,2.0,4.0,0.36036734262277825,5.0,4.0,2.0,0.15624322518544298,5.0,1.0,2.0,0.13297379201078796,1.0,0.1499305543742141,3.0,0.13750042944430318,0.25546519975018267,3.0,4.0,0.13297379201078796,1.0,9.0,0.1526754077186676,5.0,1.0,1.0,0.14575723406602437,0.13297379201078796,1.0,0.6299385263089905,0.13297379201078796,0.19528261383300194,3.0,8.0,0.3413749916576322,2.0,0.19346834701136084,1.0,5.0,3.0,2.0,2.0,1.0,1.0,0.18298571737149383,2.0,13.0,1.0,0.13297379201078796,0.13297379201078796,3.0,2.0,0.13297379201078796,3.0,2.0,1.0,0.13297379201078796,0.13432645300533053,0.13297379201078796
5,25,0.14739218356479844,2.0,0.22550474889486938,0.3961633260101485,2.0,0.2094679208156216,0.13297379201078796,0.14163623772674783,1.0,0.13297379201078796,4.0,4.0,2.0,8.0,0.23979205940396886,0.4162592873633021,0.40874581367761453,3.0,2.0,0.13297379201078796,1.0,6.0,0.3765728182035103,0.15365960686067093,3.0,0.13297379201078796,3.0,0.22217391887887583,0.13297379201078796,0.2062424637252589,1.0,2.0,0.32812544419474765,0.13297379201078796,2.0,1.0,7.0,1.0,0.13297379201078796,2.0,2.0,2.0,2.0,4.0,0.36036734262277825,5.0,4.0,2.0,0.15624322518544298,5.0,1.0,2.0,0.13297379201078796,1.0,0.1499305543742141,3.0,0.13750042944430318,0.25546519975018267,3.0,4.0,0.13297379201078796,1.0,9.0,0.1526754077186676,5.0,1.0,1.0,0.14575723406602437,0.13297379201078796,1.0,0.6299385263089905,0.13297379201078796,0.19528261383300194,3.0,8.0,0.3413749916576322,2.0,0.19346834701136084,1.0,5.0,3.0,2.0,2.0,1.0,1.0,0.18298571737149383,2.0,13.0,1.0,0.13297379201078796,0.13297379201078796,3.0,2.0,0.13297379201078796,3.0,2.0,1.0,0.13297379201078796,0.13432645300533053,0.13297379201078796
5,26,0.14739218356479844,2.0,0.22550474889486938,0.3961633260101485,2.0,0.2094679208156216,0.13297379201078796,0.14163623772674783,1.0,0.13297379201078796,4.0,4.0,2.0,8.0,0.23979205940396886,0.4162592873633021,0.40874581367761453,3.0,2.0,0.13297379201078796,1.0,6.0,0.3765728182035103,0.15365960686067093,3.0,0.13297379201078796,3.0,0.22217391887887583,0.13297379201078796,0.2062424637252589,1.0,2.0,0.32812544419474765,0.13297379201078796,2.0,1.0,7.0,1.0,0.13297379201078796,2.0,2.0,2.0,2.0,4.0,0.36036734262277825,5.0,4.0,2.0,0.15624322518544298,5.0,1.0,2.0,0.13297379201078796,1.0,0.1499305543742141,3.0,0.13750042944430318,0.25546519975018267,3.0,4.0,0.13297379201078796,1.0,9.0,0.1526754077186676,5.0,1.0,1.0,0.14575723406602437,0.13297379201078796,1.0,0.6299385263089905,0.13297379201078796,0.19528261383300194,3.0,8.0,0.3413749916576322,2.0,0.19346834701136084,1.0,5.0,3.0,2.0,2.0,1.0,1.0,0.18298571737149383,2.0,13.0,1.0,0.13297379201078796,0.13297379201078796,3.0,2.0,0.13297379201078796,3.0,2.0,1.0,0.13297379201078796,0.13432645300533053,0.13297379201078796
5,27,0.14739218356479844,2.0,0.22550474889486938,0.3961633260101485,2.0,0.2094679208156216,0.13297379201078796,0.14163623772674783,1.0,0.13297379201078796,4.0,4.0,2.0,8.0,0.23979205940396886,0.4162592873633021,0.40874581367761453,3.0,2.0,0.13297379201078796,1.0,6.0,0.3765728182035103,0.15365960686067093,3.0,0.13297379201078796,3.0,0.22217391887887583,0.13297379201078796,0.2062424637252589,1.0,2.0,0.32812544419474765,0.13297379201078796,2.0,1.0,7.0,1.0,0.13297379201078796,2.0,2.0,2.0,2.0,4.0,0.36036734262277825,5.0,4.0,2.0,0.15624322518544298,5.0,1.0,2.0,0.13297379201078796,1.0,0.1499305543742141,3.0,0.13750042944430318,0.25546519975018267,3.0,4.0,0.13297379201078796,1.0,9.0,0.1526754077186676,5.0,1.0,1.0,0.14575723406602437,0.13297379201078796,1.0,0.6299385263089905,0.13297379201078796,0.19528261383300194,3.0,8.0,0.3413749916576322,2.0,0.19346834701136084,1.0,5.0,3.0,2.0,2.0,1.0,1.0,0.18298571737149383,2.0,13.0,1.0,0.13297379201078796,0.13297379201078796,3.0,2.0,0.13297379201078796,3.0,2.0,1.0,0.13297379201078796,0.13432645300533053,0.13297379201078796
5,28,0.14739218356479844,2.0,0.22550474889486938,0.3961633260101485,2.0,0.2094679208156216,0.13297379201078796,0.14163623772674783,1.0,0.13297379201078796,4.0,4.0,2.0,8.0,0.23979205940396886,0.4162592873633021,0.40874581367761453,3.0,2.0,0.13297379201078796,1.0,6.0,0.3765728182035103,0.15365960686067093,3.0,0.13297379201078796,3.0,0.22217391887887583,0.13297379201078796,0.2062424637252589,1.0,2.0,0.32812544419474765,0.13297379201078796,2.0,1.0,7.0,1.0,0.13297379201078796,2.0,2.0,2.0,2.0,4.0,0.36036734262277825,5.0,4.0,2.0,0.15624322518544298,5.0,1.0,2.0,0.13297379201078796,1.0,0.1499305543742141,3.0,0.13750042944430318,0.25546519975018267,3.0,4.0,0.13297379201078796,1.0,9.0,0.1526754077186676,5.0,1.0,1.0,0.14575723406602437,0.13297379201078796,1.0,0.6299385263089905,0.13297379201078796,0.19528261383300194,3.0,8.0,0.3413749916576322,2.0,0.19346834701136084,1.0,5.0,3.0,2.0,2.0,1.0,1.0,0.18298571737149383,2.0,13.0,1.0,0.13297379201078796,0.13297379201078796,3.0,2.0,0.13297379201078796,3.0,2.0,1.0,0.13297379201078796,0.13432645300533053,0.13297379201078796
5,29,0.14739218356479844,2.0,0.22550474889486938,0.3961633260101485,2.0,0.2094679208156216,0.13297379201078796,0.14163623772674783,1.0,0.13297379201078796,4.0,4.0,2.0,8.0,0.23979205940396886,0.4162592873633021,0.40874581367761453,3.0,2.0,0.13297379201078796,1.0,6.0,0.3765728182035103,0.15365960686067093,3.0,0.13297379201078796,3.0,0.22217391887887583,0.13297379201078796,0.2062424637252589,1.0,2.0,0.32812544419474765,0.13297379201078796,2.0,1.0,7.0,1.0,0.13297379201078796,2.0,2.0,2.0,2.0,4.0,0.36036734262277825,5.0,4.0,2.0,0.15624322518544298,5.0,1.0,2.0,0.13297379201078796,1.0,0.1499305543742141,3.0,0.13750042944430318,0.25546519975018267,3.0,4.0,0.13297379201078796,1.0,9.0,0.1526754077186676,5.0,1.0,1.0,0.14575723406602437,0.13297379201078796,1.0,0.6299385263089905,0.13297379201078796,0.19528261383300194,3.0,8.0,0.3413749916576322,2.0,0.19346834701136084,1.0,5.0,3.0,2.0,2.0,1.0,1.0,0.18298571737149383,2.0,13.0,1.0,0.13297379201078796,0.13297379201078796,3.0,2.0,0.13297379201078796,3.0,2.0,1.0,0.13297379201078796,0.13432645300533053,0.13297379201078796
5,30,0.14739218356479844,2.0,0.22550474889486938,0.3961633260101485,2.0,0.2094679208156216,0.13297379201078796,0.14163623772674783,1.0,0.13297379201078796,4.0,4.0,2.0,8.0,0.23979205940396886,0.4162592873633021,0.40874581367761453,3.0,2.0,0.13297379201078796,1.0,6.0,0.3765728182035103,0.15365960686067093,3.0,0.13297379201078796,3.0,0.22217391887887583,0.13297379201078796,0.2062424637252589,1.0,2.0,0.32812544419474765,0.13297379201078796,2.0,1.0,7.0,1.0,0.13297379201078796,2.0,2.0,2.0,2.0,4.0,0.36036734262277825,5.0,4.0,2.0,0.15624322518544298,5.0,1.0,2.0,0.13297379201078796,1.0,0.1499305543742141,3.0,0.13750042944430318,0.25546519975018267,3.0,4.0,0.13297379201078796,1.0,9.0,0.1526754077186676,5.0,1.0,1.0,0.14575723406602437,0.13297379201078796,1.0,0.6299385263089905,0.13297379201078796,0.19528261383300194,3.0,8.0,0.3413749916576322,2.0,0.19346834701136084,1.0,5.0,3.0,2.0,2.0,1.0,1.0,0.18298571737149383,2.0,13.0,1.0,0.13297379201078796,0.13297379201078796,3.0,2.0,0.13297379201078796,3.0,2.0,1.0,0.13297379201078796,0.13432645300533053,0.13297379201078796
5,31,0.14739218356479844,2.0,0.22550474889486938,0.3961633260101485,2.0,0.2094679208156216,0.13297379201078796,0.14163623772674783,1.0,0.13297379201078796,4.0,4.0,2.0,8.0,0.23979205940396886,0.4162592873633021,0.40874581367761453,3.0,2.0,0.13297379201078796,1.0,6.0,0.3765728182035103,0.15365960686067093,3.0,0.13297379201078796,3.0,0.22217391887887583,0.13297379201078796,0.2062424637252589,1.0,2.0,0.32812544419474765,0.13297379201078796,2.0,1.0,7.0,1.0,0.13297379201078796,2.0,2.0,2.0,2.0,4.0,0.36036734262277825,5.0,4.0,2.0,0.15624322518544298,5.0,1.0,2.0,0.13297379201078796,1.0,0.1499305543742141,3.0,0.13750042944430318,0.25546519975018267,3.0,4.0,0.13297379201078796,1.0,9.0,0.1526754077186676,5.0,1.0,1.0,0.14575723406602437,0.13297379201078796,1.0,0.6299385263089905,0.13297379201078796,0.19528261383300194,3.0,8.0,0.3413749916576322,2.0,0.19346834701136084,1.0,5.0,3.0,2.0,2.0,1.0,1.0,0.18298571737149383,2.0,13.0,1.0,0.13297379201078796,0.13297379201078796,3.0,2.0,0.13297379201078796,3.0,2.0,1.0,0.13297379201078796,0.13432645300533053,0.13297379201078796
5,32,0.14739218356479844,2.0,0.22550474889486938,0.3961633260101485,2.0,0.2094679208156216,0.13297379201078796,0.14163623772674783,1.0,0.13297379201078796,4.0,4.0,2.0,8.0,0.23979205940396886,0.4162592873633021,0.40874581367761453,3.0,2.0,0.13297379201078796,1.0,6.0,0.3765728182035103,0.15365960686067093,3.0,0.13297379201078796,3.0,0.22217391887887583,0.13297379201078796,0.2062424637252589,1.0,2.0,0.32812544419474765,0.13297379201078796,2.0,1.0,7.0,1.0,0.13297379201078796,2.0,2.0,2.0,2.0,4.0,0.36036734262277825,5.0,4.0,2.0,0.15624322518544298,5.0,1.0,2.0,0.13297379201078796,1.0,0.1499305543742141,3.0,0.13750042944430318,0.25546519975018267,3.0,4.0,0.13297379201078796,1.0,9.0,0.1526754077186676,5.0,1.0,1.0,0.14575723406602437,0.13297379201078796,1.0,0.6299385263089905,0.13297379201078796,0.19528261383300194,3.0,8.0,0.3413749916576322,2.0,0.19346834701136084,1.0,5.0,3.0,2.0,2.0,1.0,1.0,0.18298571737149383,2.0,13.0,1.0,0.13297379201078796,0.13297379201078796,3.0,2.0,0.13297379201078796,3.0,2.0,1.0,0.13297379201078796,0.13432645300533053,0.13297379201078796
5,33,0.14739218356479844,2.0,0.22550474889486938,0.3961633260101485,2.0,0.2094679208156216,0.13297379201078796,0.14163623772674783,1.0,0.13297379201078796,4.0,4.0,2.0,8.0,0.23979205940396886,0.4162592873633021,0.40874581367761453,3.0,2.0,0.13297379201078796,1.0,6.0,0.3765728182035103,0.15365960686067093,3.0,0.13297379201078796,3.0,0.22217391887887583,0.13297379201078796,0.2062424637252589,1.0,2.0,0.32812544419474765,0.13297379201078796,2.0,1.0,7.0,1.0,0.13297379201078796,2.0,2.0,2.0,2.0,4.0,0.36036734262277825,5.0,4.0,2.0,0.15624322518544298,5.0,1.0,2.0,0.13297379201078796,1.0,0.1499305543742141,3.0,0.13750042944430318,0.25546519975018267,3.0,4.0,0.13297379201078796,1.0,9.0,0.1526754077186676,5.0,1.0,1.0,0.14575723406602437,0.13297379201078796,1.0,0.6299385263089905,0.13297379201078796,0.19528261383300194,3.0,8.0,0.3413749916576322,2.0,0.19346834701136084,1.0,5.0,3.0,2.0,2.0,1.0,1.0,0.18298571737149383,2.0,13.0,1.0,0.13297379201078796,0.13297379201078796,3.0,2.0,0.13297379201078796,3.0,2.0,1.0,0.13297379201078796,0.13432645300533053,0.13297379201078796
5,34,0.14739218356479844,2.0,0.22550474889486938,0.3961633260101485,2.0,0.2094679208156216,0.13297379201078796,0.14163623772674783,1.0,0.13297379201078796,4.0,4.0,2.0,8.0,0.23979205940396886,0.4162592873633021,0.40874581367761453,3.0,2.0,0.13297379201078796,1.0,6.0,0.3765728182035103,0.15365960686067093,3.0,0.13297379201078796,3.0,0.22217391887887583,0.13297379201078796,0.2062424637252589,1.0,2.0,0.32812544419474765,0.13297379201078796,2.0,1.0,7.0,1.0,0.13297379201078796,2.0,2.0,2.0,2.0,4.0,0.36036734262277825,5.0,4.0,2.0,0.15624322518544298,5.0,1.0,2.0,0.13297379201078796,1.0,0.1499305543742141,3.0,0.13750042944430318,0.25546519975018267,3.0,4.0,0.13297379201078796,1.0,9.0,0.1526754077186676,5.0,1.0,1.0,0.14575723406602437,0.13297379201078796,1.0,0.6299385263089905,0.13297379201078796,0.19528261383300194,3.0,8.0,0.3413749916576322,2.0,0.19346834701136084,1.0,5.0,3.0,2.0,2.0,1.0,1.0,0.18298571737149383,2.0,13.0,1.0,0.13297379201078796,0.13297379201078796,3.0,2.0,0.13297379201078796,3.0,2.0,1.0,0.13297379201078796,0.13432645300533053,0.13297379201078796
5,35,0.14739218356479844,2.0,0.22550474889486938,0.3961633260101485,2.0,0.2094679208156216,0.13297379201078796,0.14163623772674783,1.0,0.13297379201078796,4.0,4.0,2.0,8.0,0.23979205940396886,0.4162592873633021,0.40874581367761453,3.0,2.0,0.13297379201078796,1.0,6.0,0.3765728182035103,0.15365960686067093,3.0,0.13297379201078796,3.0,0.22217391887887583,0.13297379201078796,0.2062424637252589,1.0,2.0,0.32812544419474765,0.13297379201078796,2.0,1.0,7.0,1.0,0.13297379201078796,2.0,2.0,2.0,2.0,4.0,0.36036734262277825,5.0,4.0,2.0,0.15624322518544298,5.0,1.0,2.0,0.13297379201078796,1.0,0.1499305543742141,3.0,0.13750042944430318,0.25546519975018267,3.0,4.0,0.13297379201078796,1.0,9.0,0.1526754077186676,5.0,1.0,1.0,0.14575723406602437,0.13297379201078796,1.0,0.6299385263089905,0.13297379201078796,0.19528261383300194,3.0,8.0,0.3413749916576322,2.0,0.19346834701136084,1.0,5.0,3.0,2.0,2.0,1.0,1.0,0.18298571737149383,2.0,13.0,1.0,0.13297379201078796,0.13297379201078796,3.0,2.0,0.13297379201078796,3.0,2.0,1.0,0.13297379201078796,0.13432645300533053,0.13297379201078796
5,36,0.14739218356479844,2.0,0.22550474889486938,0.3961633260101485,2.0,0.2094679208156216,0.13297379201078796,0.14163623772674783,1.0,0.13297379201078796,4.0,4.0,2.0,8.0,0.23979205940396886,0.4162592873633021,0.40874581367761453,3.0,2.0,0.13297379201078796,1.0,6.0,0.3765728182035103,0.15365960686067093,3.0,0.13297379201078796,3.0,0.22217391887887583,0.13297379201078796,0.2062424637252589,1.0,2.0,0.32812544419474765,0.13297379201078796,2.0,1.0,7.0,1.0,0.13297379201078796,2.0,2.0,2.0,2.0,4.0,0.36036734262277825,5.0,4.0,2.0,0.15624322518544298,5.0,1.0,2.0,0.13297379201078796,1.0,0.1499305543742141,3.0,0.13750042944430318,0.25546519975018267,3.0,4.0,0.13297379201078796,1.0,9.0,0.1526754077186676,5.0,1.0,1.0,0.14575723406602437,0.13297379201078796,1.0,0.6299385263089905,0.13297379201078796,0.19528261383300194,3.0,8.0,0.3413749916576322,2.0,0.19346834701136084,1.0,5.0,3.0,2.0,2.0,1.0,1.0,0.18298571737149383,2.0,13.0,1.0,0.13297379201078796,0.13297379201078796,3.0,2.0,0.13297379201078796,3.0,2.0,1.0,0.13297379201078796,0.13432645300533053,0.13297379201078796
5,37,0.14739218356479844,2.0,0.22550474889486938,0.3961633260101485,2.0,0.2094679208156216,0.13297379201078796,0.14163623772674783,1.0,0.13297379201078796,4.0,4.0,2.0,8.0,0.23979205940396886,0.4162592873633021,0.40874581367761453,3.0,2.0,0.13297379201078796,1.0,6.0,0.3765728182035103,0.15365960686067093,3.0,0.13297379201078796,3.0,0.22217391887887583,0.13297379201078796,0.2062424637252589,1.0,2.0,0.32812544419474765,0.13297379201078796,2.0,1.0,7.0,1.0,0.13297379201078796,2.0,2.0,2.0,2.0,4.0,0.36036734262277825,5.0,4.0,2.0,0.15624322518544298,5.0,1.0,2.0,0.13297379201078796,1.0,0.1499305543742141,3.0,0.13750042944430318,0.25546519975018267,3.0,4.0,0.13297379201078796,1.0,9.0,0.1526754077186676,5.0,1.0,1.0,0.14575723406602437,0.13297379201078796,1.0,0.6299385263089905,0.13297379201078796,0.19528261383300194,3.0,8.0,0.3413749916576322,2.0,0.19346834701136084,1.0,5.0,3.0,2.0,2.0,1.0,1.0,0.18298571737149383,2.0,13.0,1.0,0.13297379201078796,0.13297379201078796,3.0,2.0,0.13297379201078796,3.0,2.0,1.0,0.13297379201078796,0.13432645300533053,0.13297379201078796
5,38,0.14739218356479844,2.0,0.22550474889486938,0.3961633260101485,2.0,0.2094679208156216,0.13297379201078796,0.14163623772674783,1.0,0.13297379201078796,4.0,4.0,2.0,8.0,0.23979205940396886,0.4162592873633021,0.40874581367761453,3.0,2.0,0.13297379201078796,1.0,6.0,0.3765728182035103,0.15365960686067093,3.0,0.13297379201078796,3.0,0.22217391887887583,0.13297379201078796,0.2062424637252589,1.0,2.0,0.32812544419474765,0.13297379201078796,2.0,1.0,7.0,1.0,0.13297379201078796,2.0,2.0,2.0,2.0,4.0,0.36036734262277825,5.0,4.0,2.0,0.15624322518544298,5.0,1.0,2.0,0.13297379201078796,1.0,0.1499305543742141,3.0,0.13750042944430318,0.25546519975018267,3.0,4.0,0.13297379201078796,1.0,9.0,0.1526754077186676,5.0,1.0,1.0,0.14575723406602437,0.13297379201078796,1.0,0.6299385263089905,0.13297379201078796,0.19528261383300194,3.0,8.0,0.3413749916576322,2.0,0.19346834701136084,1.0,5.0,3.0,2.0,2.0,1.0,1.0,0.18298571737149383,2.0,13.0,1.0,0.13297379201078796,0.13297379201078796,3.0,2.0,0.13297379201078796,3.0,2.0,1.0,0.13297379201078796,0.13432645300533053,0.13297379201078796
5,39,0.14739218356479844,2.0,0.22550474889486938,0.3961633260101485,2.0,0.2094679208156216,0.13297379201078796,0.14163623772674783,1.0,0.13297379201078796,4.0,4.0,2.0,8.0,0.23979205940396886,0.4162592873633021,0.40874581367761453,3.0,2.0,0.13297379201078796,1.0,6.0,0.3765728182035103,0.15365960686067093,3.0,0.13297379201078796,3.0,0.22217391887887583,0.13297379201078796,0.2062424637252589,1.0,2.0,0.32812544419474765,0.13297379201078796,2.0,1.0,7.0,1.0,0.13297379201078796,2.0,2.0,2.0,2.0,4.0,0.36036734262277825,5.0,4.0,2.0,0.15624322518544298,5.0,1.0,2.0,0.13297379201078796,1.0,0.1499305543742141,3.0,0.13750042944430318,0.25546519975018267,3.0,4.0,0.13297379201078796,1.0,9.0,0.1526754077186676,5.0,1.0,1.0,0.14575723406602437,0.13297379201078796,1.0,0.6299385263089905,0.13297379201078796,0.19528261383300194,3.0,8.0,0.3413749916576322,2.0,0.19346834701136084,1.0,5.0,3.0,2.0,2.0,1.0,1.0,0.18298571737149383,2.0,13.0,1.0,0.13297379201078796,0.13297379201078796,3.0,2.0,0.13297379201078796,3.0,2.0,1.0,0.13297379201078796,0.13432645300533053,0.13297379201078796
6,0,10.0,12.0,0.6648668622962692,3.0,0.23938001835437162,0.1977835618122482,1.0,3.0,3.0,1.0,1.0,0.13297379201078796,0.3304124764294619,3.0,0.13297379201078796,2.0,0.17151429702448084,2.0,2.0,3.0,0.15624322518544298,0.204424758360772,0.3553321425950856,0.13297379201078796,0.20447422082502698,0.13297379201078796,1.0,11.0,0.3528260203296699,0.15365960686067093,0.16136779532363288,0.17986639187315978,0.2062424637252589,0.18820724575586112,1.0,2.0,1.0,1.0,0.28812481949131385,0.2699798438763664,11.0,0.13297379201078796,1.0,0.18838405240318423,0.2380933267562514,0.13297379201078796,8.0,0.14163623772674783,1.0,0.1854845370606486,0.3283098512511009,0.14552917190320636,0.158110981633103,0.4226261701876506,1.0,7.0,2.0,0.2749873425828979,0.2614782162713377,1.0,1.0,0.2977213746352002,0.14549715303302357,0.21472578820640154,3.0,1.0,4.0,6.0,0.13297379201078796,0.13297379201078796,3.0,2.0,0.23058914195587665,0.2433746863366837,1.0,0.1407308153747685,4.0,0.6337825069080554,0.1851354977371149,1.0,7.0,11.0,4.0,1.0,1.0,1.0,2.0,4.0,3.0,6.0,0.227795745935227,2.0,0.2950493110672182,1.0,0.3600008953093421,3.0,0.13297379201078796,0.16442300049352654,3.0,0.3563169132650047
6,1,10.0,12.0,0.6648668622962692,3.0,0.23938001835437162,0.3088557676409791,2.0,3.0,4.0,1.0,1.0,1.0,4.0,7.0,2.0,1.0,0.17151429702448084,2.0,0.19010784733259922,3.0,0.15624322518544298,0.204424758360772,0.3553321425950856,0.13297379201078796,0.20447422082502698,0.13297379201078796,1.0,11.0,0.3528260203296699,0.15365960686067093,0.16136779532363288,0.17986639187315978,0.2062424637252589,0.18820724575586112,1.0,2.0,1.0,1.0,0.28812481949131385,0.2699798438763664,11.0,0.13297379201078796,1.0,0.18838405240318423,0.2380933267562514,0.13297379201078796,8.0,0.14163623772674783,1.0,0.1854845370606486,0.3283098512511009,0.14552917190320636,0.158110981633103,6.0,3.0,8.0,3.0,9.0,0.4385719262827509,14.0,10.0,0.2977213746352002,0.14549715303302357,0.21472578820640154,3.0,1.0,4.0,6.0,0.13297379201078796,0.13297379201078796,3.0,2.0,0.23058914195587665,0.2433746863366837,1.0,0.1407308153747685,4.0,0.1694269255130112,0.14042459978480126,0.19198479288202186,3.0,11.0,4.0,1.0,1.0,1.0,2.0,4.0,3.0,5.0,0.5082052130562212,2.0,0.2950493110672182,1.0,0.3600008953093421,2.0,0.13297379201078796,0.16442300049352654,0.1376344308712032,0.1767562309864925
6,2,10.0,12.0,11.0,1.0,0.23938001835437162,0.3088557676409791,2.0,3.0,4.0,1.0,1.0,1.0,4.0,7.0,2.0,1.0,0.17151429702448084,2.0,0.19010784733259922,3.0,0.15624322518544298,0.204424758360772,0.3553321425950856,0.13297379201078796,0.20447422082502698,0.13297379201078796,1.0,11.0,0.3528260203296699,0.15365960686067093,0.16136779532363288,0.17986639187315978,0.2062424637252589,0.18820724575586112,1.0,2.0,1.0,1.0,0.28812481949131385,0.2699798438763664,11.0,0.13297379201078796,1.0,0.18838405240318423,0.2380933267562514,0.13297379201078796,8.0,0.14163623772674783,3.0,0.13297379201078796,1.0,0.13297379201078796,0.13297379201078796,6.0,3.0,8.0,3.0,9.0,0.4385719262827509,14.0,10.0,0.2977213746352002,0.14549715303302357,0.21472578820640154,3.0,1.0,4.0,6.0,0.13297379201078796,0.13297379201078796,3.0,2.0,0.23058914195587665,0.2433746863366837,0.1424308631051041,0.13876321723181406,0.13297379201078796,0.1694269255130112,0.14042459978480126,0.19198479288202186,3.0,11.0,4.0,1.0,1.0,1.0,2.0,0.15233401834780758,2.0,5.0,0.5082052130562212,2.0,0.2950493110672182,1.0,0.13297379201078796,2.0,0.13297379201078796,0.13297379201078796,0.1376344308712032,0.16611903485750235
6,3,10.0,12.0,11.0,1.0,0.23938001835437162,7.0,2.0,3.0,4.0,1.0,1.0,1.0,4.0,7.0,2.0,1.0,2.0,0.145991597600014,0.15127081454932434,3.0,0.15624322518544298,0.204424758360772,0.3553321425950856,0.13297379201078796,0.20447422082502698,0.13297379201078796,1.0,11.0,0.13297379201078796,0.15365960686067093,0.16136779532363288,0.17986639187315978,0.2062424637252589,0.18820724575586112,1.0,2.0,2.0,1.0,0.28812481949131385,0.2699798438763664,11.0,0.13297379201078796,1.0,0.18838405240318423,0.2380933267562514,0.13297379201078796,8.0,0.14163623772674783,3.0,0.13297379201078796,1.0,0.13297379201078796,0.13297379201078796,0.18752383642421333,3.0,8.0,3.0,9.0,0.1809623571623239,3.0,10.0,0.2977213746352002,0.14549715303302357,4.0,3.0,1.0,4.0,6.0,6.0,0.13297379201078796,3.0,2.0,0.23058914195587665,0.2433746863366837,0.1424308631051041,0.13876321723181406,0.13297379201078796,0.13297379201078796,0.14483377031605105,0.13297379201078796,2.0,11.0,0.13949355893088988,1.0,1.0,1.0,2.0,0.15233401834780758,2.0,5.0,0.14515150552754885,2.0,0.13297379201078796,1.0,0.13297379201078796,2.0,0.23123665120909886,0.13297379201078796,0.13297379201078796,0.15934004020067782
6,4,10.0,12.0,11.0,1.0,0.23938001835437162,7.0,2.0,0.13297379201078796,4.0,1.0,1.0,1.0,4.0,7.0,2.0,1.0,0.18928058953977156,2.0,0.23729874592509226,3.0,0.15624322518544298,0.204424758360772,0.3553321425950856,0.13297379201078796,0.20447422082502698,0.13297379201078796,1.0,11.0,0.13297379201078796,0.15365960686067093,0.16136779532363288,0.17986639187315978,0.2062424637252589,0.18820724575586112,1.0,2.0,2.0,1.0,0.28812481949131385,0.2699798438763664,11.0,0.13297379201078796,1.0,0.18838405240318423,0.2380933267562514,0.13297379201078796,8.0,0.14163623772674783,3.0,0.13297379201078796,1.0,0.13297379201078796,0.13297379201078796,0.18752383642421333,3.0,8.0,3.0,9.0,0.15309663654261674,3.0,10.0,0.2977213746352002,0.14549715303302357,4.0,3.0,1.0,4.0,6.0,6.0,0.13297379201078796,3.0,2.0,0.23058914195587665,0.2433746863366837,0.1424308631051041,0.13876321723181406,0.13297379201078796,0.13297379201078796,0.13297379201078796,0.13297379201078796,3.0,11.0,0.13949355893088988,1.0,1.0,1.0,2.0,0.15233401834780758,2.0,5.0,0.13297379201078796,2.0,0.13297379201078796,1.0,0.13297379201078796,2.0,0.23123665120909886,0.13297379201078796,0.17912205113847324,4.0
6,5,10.0,12.0,11.0,1.0,1.0,7.0,2.0,0.13297379201078796,4.0,1.0,1.0,1.0,4.0,7.0,2.0,1.0,0.18928058953977156,2.0,0.23729874592509226,3.0,0.15624322518544298,0.204424758360772,0.3553321425950856,0.13297379201078796,0.20447422082502698,0.13297379201078796,1.0,11.0,0.13297379201078796,0.15365960686067093,0.16136779532363288,0.17986639187315978,0.2062424637252589,0.18820724575586112,1.0,2.0,2.0,1.0,0.28812481949131385,0.20155954765108397,11.0,0.13297379201078796,1.0,0.18838405240318423,8.0,0.13297379201078796,8.0,0.14163623772674783,3.0,0.13297379201078796,1.0,0.13297379201078796,0.13297379201078796,0.18752383642421333,3.0,8.0,3.0,9.0,0.15309663654261674,3.0,10.0,0.2977213746352002,0.14549715303302357,4.0,3.0,1.0,4.0,6.0,6.0,0.13297379201078796,1.0,2.0,0.1403958629504024,0.2433746863366837,0.1424308631051041,0.13297379201078796,0.13297379201078796,0.13297379201078796,0.13297379201078796,0.13297379201078796,3.0,11.0,0.13949355893088988,1.0,1.0,1.0,2.0,0.15233401834780758,9.0,5.0,0.13297379201078796,2.0,0.13297379201078796,1.0,0.1434593065377998,2.0,0.23123665120909886,0.13297379201078796,0.17912205113847324,0.1503579914523665
6,6,10.0,12.0,11.0,1.0,1.0,7.0,2.0,0.13297379201078796,4.0,1.0,1.0,1.0,4.0,7.0,2.0,1.0,0.18928058953977156,2.0,0.23729874592509226,3.0,0.15624322518544298,0.204424758360772,0.3553321425950856,0.13297379201078796,0.20447422082502698,0.13297379201078796,1.0,11.0,0.13297379201078796,0.15365960686067093,0.16136779532363288,0.17986639187315978,0.2062424637252589,0.18820724575586112,1.0,2.0,2.0,1.0,0.28812481949131385,0.20155954765108397,11.0,0.13297379201078796,1.0,1.0,8.0,0.13297379201078796,8.0,0.14163623772674783,3.0,0.13297379201078796,1.0,0.13297379201078796,0.13297379201078796,0.18752383642421333,3.0,8.0,3.0,9.0,0.15309663654261674,3.0,10.0,0.2977213746352002,0.14549715303302357,4.0,3.0,1.0,4.0,6.0,6.0,0.13297379201078796,1.0,2.0,0.13297379201078796,0.2433746863366837,0.1424308631051041,0.13297379201078796,0.13297379201078796,0.13297379201078796,0.13297379201078796,0.13297379201078796,3.0,11.0,0.13949355893088988,1.0,1.0,1.0,2.0,0.15233401834780758,9.0,5.0,0.13297379201078796,2.0,0.13297379201078796,1.0,0.1434593065377998,2.0,0.23123665120909886,0.1462813620202036,0.17912205113847324,0.1546785976104702
6,7,10.0,12.0,11.0,1.0,1.0,7.0,2.0,0.13297379201078796,4.0,1.0,1.0,1.0,4.0,7.0,2.0,1.0,0.18928058953977156,2.0,0.23729874592509226,3.0,0.15624322518544298,0.204424758360772,0.3553321425950856,0.13297379201078796,0.20447422082502698,0.13297379201078796,1.0,11.0,0.13297379201078796,0.15365960686067093,0.16136779532363288,0.17986639187315978,0.2062424637252589,0.18820724575586112,1.0,0.13297379201078796,2.0,1.0,0.28812481949131385,0.20155954765108397,11.0,0.13297379201078796,1.0,1.0,8.0,0.13297379201078796,3.0,0.14163623772674783,3.0,0.13297379201078796,1.0,0.13297379201078796,0.13297379201078796,0.18752383642421333,3.0,8.0,3.0,9.0,0.15309663654261674,3.0,10.0,0.2977213746352002,0.14549715303302357,4.0,3.0,1.0,4.0,6.0,6.0,0.13297379201078796,1.0,2.0,0.13297379201078796,0.13297379201078796,0.13297379201078796,0.13297379201078796,0.13297379201078796,0.13297379201078796,0.13297379201078796,0.13297379201078796,3.0,11.0,0.13949355893088988,1.0,1.0,1.0,2.0,0.13297379201078796,9.0,5.0,0.13297379201078796,2.0,0.13297379201078796,1.0,0.13297379201078796,2.0,0.13297379201078796,0.13409297398415843,0.13297379201078796,0.16359862836592864
6,8,10.0,12.0,11.0,1.0,1.0,7.0,2.0,0.13297379201078796,4.0,1.0,1.0,1.0,4.0,7.0,2.0,1.0,0.18928058953977156,2.0,0.23729874592509226,3.0,0.15624322518544298,0.204424758360772,0.3553321425950856,0.13297379201078796,0.20447422082502698,0.13297379201078796,1.0,11.0,0.13297379201078796,0.15365960686067093,0.16136779532363288,0.17986639187315978,0.2062424637252589,0.18820724575586112,1.0,0.13297379201078796,2.0,1.0,0.28812481949131385,0.20155954765108397,11.0,0.13297379201078796,1.0,1.0,8.0,0.13297379201078796,3.0,0.14163623772674783,3.0,0.13297379201078796,1.0,0.13297379201078796,0.13297379201078796,0.18752383642421333,3.0,8.0,3.0,9.0,0.15309663654261674,3.0,10.0,0.2977213746352002,0.14549715303302357,4.0,3.0,1.0,4.0,6.0,6.0,0.13297379201078796,1.0,2.0,0.13297379201078796,0.13297379201078796,0.13297379201078796,0.13297379201078796,0.13297379201078796,0.13297379201078796,0.13297379201078796,0.13297379201078796,3.0,11.0,0.13949355893088988,1.0,1.0,1.0,2.0,0.13297379201078796,9.0,5.0,0.13297379201078796,2.0,0.13297379201078796,1.0,0.13297379201078796,2.0,0.13297379201078796,0.13409297398415843,0.13297379201078796,0.16359862836592864
6,9,10.0,12.0,11.0,1.0,1.0,7.0,2.0,0.13297379201078796,4.0,1.0,1.0,1.0,4.0,7.0,2.0,1.0,0.18928058953977156,2.0,0.23729874592509226,3.0,0.15624322518544298,0.204424758360772,0.3553321425950856,0.13297379201078796,0.20447422082502698,0.13297379201078796,1.0,11.0,0.13297379201078796,0.15365960686067093,0.16136779532363288,0.17986639187315978,0.2062424637252589,0.18820724575586112,1.0,0.13297379201078796,2.0,1.0,0.28812481949131385,0.20155954765108397,11.0,0.13297379201078796,1.0,1.0,8.0,0.13297379201078796,3.0,0.14163623772674783,3.0,0.13297379201078796,1.0,0.13297379201078796,0.13297379201078796,0.18752383642421333,3.0,8.0,3.0,9.0,0.15309663654261674,3.0,10.0,0.2977213746352002,0.14549715303302357,4.0,3.0,1.0,4.0,6.0,6.0,0.13297379201078796,1.0,2.0,0.13297379201078796,0.13297379201078796,0.13297379201078796,0.13297379201078796,0.13297379201078796,0.13297379201078796,0.13297379201078796,0.13297379201078796,3.0,11.0,0.13949355893088988,1.0,1.0,1.0,2.0,0.13297379201078796,9.0,5.0,0.13297379201078796,2.0,0.13297379201078796,1.0,0.13297379201078796,2.0,0.13297379201078796,0.13409297398415843,0.13297379201078796,0.16359862836592864
6,10,10.0,12.0,11.0,1.0,1.0,7.0,2.0,0.13297379201078796,4.0,1.0,1.0,1.0,4.0,7.0,2.0,1.0,0.18928058953977156,2.0,0.23729874592509226,3.0,0.15624322518544298,0.204424758360772,0.3553321425950856,0.13297379201078796,0.20447422082502698,0.13297379201078796,1.0,11.0,0.13297379201078796,0.15365960686067093,0.16136779532363288,0.17986639187315978,0.2062424637252589,0.18820724575586112,1.0,0.13297379201078796,2.0,1.0,0.28812481949131385,0.20155954765108397,11.0,0.13297379201078796,1.0,1.0,8.0,0.13297379201078796,3.0,0.14163623772674783,3.0,0.13297379201078796,1.0,0.13297379201078796,0.13297379201078796,0.18752383642421333,3.0,8.0,3.0,9.0,0.15309663654261674,3.0,10.0,0.2977213746352002,0.14549715303302357,4.0,3.0,1.0,4.0,6.0,6.0,0.13297379201078796,1.0,2.0,0.13297379201078796,0.13297379201078796,0.13297379201078796,0.13297379201078796,0.13297379201078796,0.13297379201078796,0.13297379201078796,0.13297379201078796,3.0,11.0,0.13949355893088988,1.0,1.0,1.0,2.0,0.13297379201078796,9.0,5.0,0.13297379201078796,2.0,0.13297379201078796,1.0,0.13297379201078796,2.0,0.13297379201078796,0.13409297398415843,0.13297379201078796,0.16359862836592864
6,11,10.0,12.0,11.0,1.0,1.0,7.0,2.0,0.13297379201078796,4.0,1.0,1.0,1.0,4.0,7.0,2.0,1.0,0.18928058953977156,2.0,0.23729874592509226,3.0,0.15624322518544298,0.204424758360772,0.3553321425950856,0.13297379201078796,0.20447422082502698,0.13297379201078796,1.0,11.0,0.13297379201078796,0.15365960686067093,0.16136779532363288,0.17986639187315978,0.2062424637252589,0.18820724575586112,1.0,0.13297379201078796,2.0,1.0,0.28812481949131385,0.20155954765108397,11.0,0.13297379201078796,1.0,1.0,8.0,0.13297379201078796,3.0,0.14163623772674783,3.0,0.13297379201078796,1.0,0.13297379201078796,0.13297379201078796,0.18752383642421333,3.0,8.0,3.0,9.0,0.15309663654261674,3.0,10.0,0.2977213746352002,0.14549715303302357,4.0,3.0,1.0,4.0,6.0,6.0,0.13297379201078796,1.0,2.0,0.13297379201078796,0.13297379201078796,0.13297379201078796,0.13297379201078796,0.13297379201078796,0.13297379201078796,0.13297379201078796,0.13297379201078796,3.0,11.0,0.13949355893088988,1.0,1.0,1.0,2.0,0.13297379201078796,9.0,5.0,0.13297379201078796,2.0,0.13297379201078796,1.0,0.13297379201078796,2.0,0.13297379201078796,0.13409297398415843,0.13297379201078796,0.16359862836592864
6,12,10.0,12.0,11.0,1.0,1.0,7.0,2.0,0.13297379201078796,4.0,1.0,1.0,1.0,4.0,7.0,2.0,1.0,0.18928058953977156,2.0,0.23729874592509226,3.0,0.15624322518544298,0.204424758360772,0.3553321425950856,0.13297379201078796,0.20447422082502698,0.13297379201078796,1.0,11.0,0.13297379201078796,0.15365960686067093,0.16136779532363288,0.17986639187315978,0.2062424637252589,0.18820724575586112,1.0,0.13297379201078796,2.0,1.0,0.28812481949131385,0.20155954765108397,11.0,0.13297379201078796,1.0,1.0,8.0,0.13297379201078796,3.0,0.14163623772674783,3.0,0.13297379201078796,1.0,0.13297379201078796,0.13297379201078796,0.18752383642421333,3.0,8.0,3.0,9.0,0.15309663654261674,3.0,10.0,0.2977213746352002,0.14549715303302357,4.0,3.0,1.0,4.0,6.0,6.0,0.13297379201078796,1.0,2.0,0.13297379201078796,0.13297379201078796,0.13297379201078796,0.13297379201078796,0.13297379201078796,0.13297379201078796,0.13297379201078796,0.13297379201078796,3.0,11.0,0.13949355893088988,1.0,1.0,1.0,2.0,0.13297379201078796,9.0,5.0,0.13297379201078796,2.0,0.13297379201078796,1.0,0.13297379201078796,2.0,0.13297379201078796,0.13409297398415843,0.13297379201078796,0.16359862836592864
6,13,10.0,12.0,11.0,1.0,1.0,7.0,2.0,0.13297379201078796,4.0,1.0,1.0,1.0,4.0,7.0,2.0,1.0,0.18928058953977156,2.0,0.23729874592509226,3.0,0.15624322518544298,0.204424758360772,0.3553321425950856,0.13297379201078796,0.20447422082502698,0.13297379201078796,1.0,11.0,0.13297379201078796,0.15365960686067093,0.16136779532363288,0.17986639187315978,0.2062424637252589,0.18820724575586112,1.0,0.13297379201078796,2.0,1.0,0.28812481949131385,0.20155954765108397,11.0,0.13297379201078796,1.0,1.0,8.0,0.13297379201078796,3.0,0.14163623772674783,3.0,0.13297379201078796,1.0,0.13297379201078796,0.13297379201078796,0.18752383642421333,3.0,8.0,3.0,9.0,0.15309663654261674,3.0,10.0,0.2977213746352002,0.14549715303302357,4.0,3.0,1.0,4.0,6.0,6.0,0.13297379201078796,1.0,2.0,0.13297379201078796,0.13297379201078796,0.13297379201078796,0.13297379201078796,0.13297379201078796,0.13297379201078796,0.13297379201078796,0.13297379201078796,3.0,11.0,0.13949355893088988,1.0,1.0,1.0,2.0,0.13297379201078796,9.0,5.0,0.13297379201078796,2.0,0.13297379201078796,1.0,0.13297379201078796,2.0,0.13297379201078796,0.13409297398415843,0.13297379201078796,0.16359862836592864
6,14,10.0,12.0,11.0,1.0,1.0,7.0,2.0,0.13297379201078796,4.0,1.0,1.0,1.0,4.0,7.0,2.0,1.0,0.18928058953977156,2.0,0.23729874592509226,3.0,0.15624322518544298,0.204424758360772,0.3553321425950856,0.13297379201078796,0.20447422082502698,0.13297379201078796,1.0,11.0,0.13297379201078796,0.15365960686067093,0.16136779532363288,0.17986639187315978,0.2062424637252589,0.18820724575586112,1.0,0.13297379201078796,2.0,1.0,0.28812481949131385,0.20155954765108397,11.0,0.13297379201078796,1.0,1.0,8.0,0.13297379201078796,3.0,0.14163623772674783,3.0,0.13297379201078796,1.0,0.13297379201078796,0.13297379201078796,0.18752383642421333,3.0,8.0,3.0,9.0,0.15309663654261674,3.0,10.0,0.2977213746352002,0.14549715303302357,4.0,3.0,1.0,4.0,6.0,6.0,0.13297379201078796,1.0,2.0,0.13297379201078796,0.13297379201078796,0.13297379201078796,0.13297379201078796,0.13297379201078796,0.13297379201078796,0.13297379201078796,0.13297379201078796,3.0,11.0,0.13949355893088988,1.0,1.0,1.0,2.0,0.13297379201078796,9.0,5.0,0.13297379201078796,2.0,0.13297379201078796,1.0,0.13297379201078796,2.0,0.13297379201078796,0.13409297398415843,0.13297379201078796,0.16359862836592864
6,15,10.0,12.0,11.0,1.0,1.0,7.0,2.0,0.13297379201078796,4.0,1.0,1.0,1.0,4.0,7.0,2.0,1.0,0.18928058953977156,2.0,0.23729874592509226,3.0,0.15624322518544298,0.204424758360772,0.3553321425950856,0.13297379201078796,0.20447422082502698,0.13297379201078796,1.0,11.0,0.13297379201078796,0.15365960686067093,0.16136779532363288,0.17986639187315978,0.2062424637252589,0.18820724575586112,1.0,0.13297379201078796,2.0,1.0,0.28812481949131385,0.20155954765108397,11.0,0.13297379201078796,1.0,1.0,8.0,0.13297379201078796,3.0,0.14163623772674783,3.0,0.13297379201078796,1.0,0.13297379201078796,0.13297379201078796,0.18752383642421333,3.0,8.0,3.0,9.0,0.15309663654261674,3.0,10.0,0.2977213746352002,0.14549715303302357,4.0,3.0,1.0,4.0,6.0,6.0,0.13297379201078796,1.0,2.0,0.13297379201078796,0.13297379201078796,0.13297379201078796,0.13297379201078796,0.13297379201078796,0.13297379201078796,0.13297379201078796,0.13297379201078796,3.0,11.0,0.13949355893088988,1.0,1.0,1.0,2.0,0.13297379201078796,9.0,5.0,0.13297379201078796,2.0,0.13297379201078796,1.0,0.13297379201078796,2.0,0.13297379201078796,0.13409297398415843,0.13297379201078796,0.16359862836592864
6,16,10.0,12.0,11.0,1.0,1.0,7.0,2.0,0.13297379201078796,4.0,1.0,1.0,1.0,4.0,7.0,2.0,1.0,0.18928058953977156,2.0,0.23729874592509226,3.0,0.15624322518544298,0.204424758360772,0.3553321425950856,0.13297379201078796,0.20447422082502698,0.13297379201078796,1.0,11.0,0.13297379201078796,0.15365960686067093,0.16136779532363288,0.17986639187315978,0.2062424637252589,0.18820724575586112,1.0,0.13297379201078796,2.0,1.0,0.28812481949131385,0.20155954765108397,11.0,0.13297379201078796,1.0,1.0,8.0,0.13297379201078796,3.0,0.14163623772674783,3.0,0.13297379201078796,1.0,0.13297379201078796,0.13297379201078796,0.18752383642421333,3.0,8.0,3.0,9.0,0.15309663654261674,3.0,10.0,0.2977213746352002,0.14549715303302357,4.0,3.0,1.0,4.0,6.0,6.0,0.13297379201078796,1.0,2.0,0.13297379201078796,0.13297379201078796,0.13297379201078796,0.13297379201078796,0.13297379201078796,0.13297379201078796,0.13297379201078796,0.13297379201078796,3.0,11.0,0.13949355893088988,1.0,1.0,1.0,2.0,0.13297379201078796,9.0,5.0,0.13297379201078796,2.0,0.13297379201078796,1.0,0.13297379201078796,2.0,0.13297379201078796,0.13409297398415843,0.13297379201078796,0.16359862836592864
6,17,10.0,12.0,11.0,1.0,1.0,7.0,2.0,0.13297379201078796,4.0,1.0,1.0,1.0,4.0,7.0,2.0,1.0,0.18928058953977156,2.0,0.23729874592509226,3.0,0.15624322518544298,0.204424758360772,0.3553321425950856,0.13297379201078796,0.20447422082502698,0.13297379201078796,1.0,11.0,0.13297379201078796,0.15365960686067093,0.16136779532363288,0.17986639187315978,0.2062424637252589,0.18820724575586112,1.0,0.13297379201078796,2.0,1.0,0.28812481949131385,0.20155954765108397,11.0,0.13297379201078796,1.0,1.0,8.0,0.13297379201078796,3.0,0.14163623772674783,3.0,0.13297379201078796,1.0,0.13297379201078796,0.13297379201078796,0.18752383642421333,3.0,8.0,3.0,9.0,0.15309663654261674,3.0,10.0,0.2977213746352002,0.14549715303302357,4.0,3.0,1.0,4.0,6.0,6.0,0.13297379201078796,1.0,2.0,0.13297379201078796,0.13297379201078796,0.13297379201078796,0.13297379201078796,0.13297379201078796,0.13297379201078796,0.13297379201078796,0.13297379201078796,3.0,11.0,0.13949355893088988,1.0,1.0,1.0,2.0,0.13297379201078796,9.0,5.0,0.13297379201078796,2.0,0.13297379201078796,1.0,0.13297379201078796,2.0,0.13297379201078796,0.13409297398415843,0.13297379201078796,0.16359862836592864
6,18,10.0,12.0,11.0,1.0,1.0,7.0,2.0,0.13297379201078796,4.0,1.0,1.0,1.0,4.0,7.0,2.0,1.0,0.18928058953977156,2.0,0.23729874592509226,3.0,0.15624322518544298,0.204424758360772,0.3553321425950856,0.13297379201078796,0.20447422082502698,0.13297379201078796,1.0,11.0,0.13297379201078796,0.15365960686067093,0.16136779532363288,0.17986639187315978,0.2062424637252589,0.18820724575586112,1.0,0.13297379201078796,2.0,1.0,0.28812481949131385,0.20155954765108397,11.0,0.13297379201078796,1.0,1.0,8.0,0.13297379201078796,3.0,0.14163623772674783,3.0,0.13297379201078796,1.0,0.13297379201078796,0.13297379201078796,0.18752383642421333,3.0,8.0,3.0,9.0,0.15309663654261674,3.0,10.0,0.2977213746352002,0.14549715303302357,4.0,3.0,1.0,4.0,6.0,6.0,0.13297379201078796,1.0,2.0,0.13297379201078796,0.13297379201078796,0.13297379201078796,0.13297379201078796,0.13297379201078796,0.13297379201078796,0.13297379201078796,0.13297379201078796,3.0,11.0,0.13949355893088988,1.0,1.0,1.0,2.0,0.13297379201078796,9.0,5.0,0.13297379201078796,2.0,0.13297379201078796,1.0,0.13297379201078796,2.0,0.13297379201078796,0.13409297398415843,0.13297379201078796,0.16359862836592864
6,19,10.0,12.0,11.0,1.0,1.0,7.0,2.0,0.13297379201078796,4.0,1.0,1.0,1.0,4.0,7.0,2.0,1.0,0.18928058953977156,2.0,0.23729874592509226,3.0,0.15624322518544298,0.204424758360772,0.3553321425950856,0.13297379201078796,0.20447422082502698,0.13297379201078796,1.0,11.0,0.13297379201078796,0.15365960686067093,0.16136779532363288,0.17986639187315978,0.2062424637252589,0.18820724575586112,1.0,0.13297379201078796,2.0,1.0,0.28812481949131385,0.20155954765108397,11.0,0.13297379201078796,1.0,1.0,8.0,0.13297379201078796,3.0,0.14163623772674783,3.0,0.13297379201078796,1.0,0.13297379201078796,0.13297379201078796,0.18752383642421333,3.0,8.0,3.0,9.0,0.15309663654261674,3.0,10.0,0.2977213746352002,0.14549715303302357,4.0,3.0,1.0,4.0,6.0,6.0,0.13297379201078796,1.0,2.0,0.13297379201078796,0.13297379201078796,0.13297379201078796,0.13297379201078796,0.13297379201078796,0.13297379201078796,0.13297379201078796,0.13297379201078796,3.0,11.0,0.13949355893088988,1.0,1.0,1.0,2.0,0.13297379201078796,9.0,5.0,0.13297379201078796,2.0,0.13297379201078796,1.0,0.13297379201078796,2.0,0.13297379201078796,0.13409297398415843,0.13297379201078796,0.16359862836592864
6,20,10.0,12.0,11.0,1.0,1.0,7.0,2.0,0.13297379201078796,4.0,1.0,1.0,1.0,4.0,7.0,2.0,1.0,0.18928058953977156,2.0,0.23729874592509226,3.0,0.15624322518544298,0.204424758360772,0.3553321425950856,0.13297379201078796,0.20447422082502698,0.13297379201078796,1.0,11.0,0.13297379201078796,0.15365960686067093,0.16136779532363288,0.17986639187315978,0.2062424637252589,0.18820724575586112,1.0,0.13297379201078796,2.0,1.0,0.28812481949131385,0.20155954765108397,11.0,0.13297379201078796,1.0,1.0,8.0,0.13297379201078796,3.0,0.14163623772674783,3.0,0.13297379201078796,1.0,0.13297379201078796,0.13297379201078796,0.18752383642421333,3.0,8.0,3.0,9.0,0.15309663654261674,3.0,10.0,0.2977213746352002,0.14549715303302357,4.0,3.0,1.0,4.0,6.0,6.0,0.13297379201078796,1.0,2.0,0.13297379201078796,0.13297379201078796,0.13297379201078796,0.13297379201078796,0.13297379201078796,0.13297379201078796,0.13297379201078796,0.13297379201078796,3.0,11.0,0.13949355893088988,1.0,1.0,1.0,2.0,0.13297379201078796,9.0,5.0,0.13297379201078796,2.0,0.13297379201078796,1.0,0.13297379201078796,2.0,0.13297379201078796,0.13409297398415843,0.13297379201078796,0.16359862836592864
6,21,10.0,12.0,11.0,1.0,1.0,7.0,2.0,0.13297379201078796,4.0,1.0,1.0,1.0,4.0,7.0,2.0,1.0,0.18928058953977156,2.0,0.23729874592509226,3.0,0.15624322518544298,0.204424758360772,0.3553321425950856,0.13297379201078796,0.20447422082502698,0.13297379201078796,1.0,11.0,0.13297379201078796,0.15365960686067093,0.16136779532363288,0.17986639187315978,0.2062424637252589,0.18820724575586112,1.0,0.13297379201078796,2.0,1.0,0.28812481949131385,0.20155954765108397,11.0,0.13297379201078796,1.0,1.0,8.0,0.13297379201078796,3.0,0.14163623772674783,3.0,0.13297379201078796,1.0,0.13297379201078796,0.13297379201078796,0.18752383642421333,3.0,8.0,3.0,9.0,0.15309663654261674,3.0,10.0,0.2977213746352002,0.14549715303302357,4.0,3.0,1.0,4.0,6.0,6.0,0.13297379201078796,1.0,2.0,0.13297379201078796,0.13297379201078796,0.13297379201078796,0.13297379201078796,0.13297379201078796,0.13297379201078796,0.13297379201078796,0.13297379201078796,3.0,11.0,0.13949355893088988,1.0,1.0,1.0,2.0,0.13297379201078796,9.0,5.0,0.13297379201078796,2.0,0.13297379201078796,1.0,0.13297379201078796,2.0,0.13297379201078796,0.13409297398415843,0.13297379201078796,0.16359862836592864
6,22,10.0,12.0,11.0,1.0,1.0,7.0,2.0,0.13297379201078796,4.0,1.0,1.0,1.0,4.0,7.0,2.0,1.0,0.18928058953977156,2.0,0.23729874592509226,3.0,0.15624322518544298,0.204424758360772,0.3553321425950856,0.13297379201078796,0.20447422082502698,0.13297379201078796,1.0,11.0,0.13297379201078796,0.15365960686067093,0.16136779532363288,0.17986639187315978,0.2062424637252589,0.18820724575586112,1.0,0.13297379201078796,2.0,1.0,0.28812481949131385,0.20155954765108397,11.0,0.13297379201078796,1.0,1.0,8.0,0.13297379201078796,3.0,0.14163623772674783,3.0,0.13297379201078796,1.0,0.13297379201078796,0.13297379201078796,0.18752383642421333,3.0,8.0,3.0,9.0,0.15309663654261674,3.0,10.0,0.2977213746352002,0.14549715303302357,4.0,3.0,1.0,4.0,6.0,6.0,0.13297379201078796,1.0,2.0,0.13297379201078796,0.13297379201078796,0.13297379201078796,0.13297379201078796,0.13297379201078796,0.13297379201078796,0.13297379201078796,0.13297379201078796,3.0,11.0,0.13949355893088988,1.0,1.0,1.0,2.0,0.13297379201078796,9.0,5.0,0.13297379201078796,2.0,0.13297379201078796,1.0,0.13297379201078796,2.0,0.13297379201078796,0.13409297398415843,0.13297379201078796,0.16359862836592864
6,23,10.0,12.0,11.0,1.0,1.0,7.0,2.0,0.13297379201078796,4.0,1.0,1.0,1.0,4.0,7.0,2.0,1.0,0.18928058953977156,2.0,0.23729874592509226,3.0,0.15624322518544298,0.204424758360772,0.3553321425950856,0.13297379201078796,0.20447422082502698,0.13297379201078796,1.0,11.0,0.13297379201078796,0.15365960686067093,0.16136779532363288,0.17986639187315978,0.2062424637252589,0.18820724575586112,1.0,0.13297379201078796,2.0,1.0,0.28812481949131385,0.20155954765108397,11.0,0.13297379201078796,1.0,1.0,8.0,0.13297379201078796,3.0,0.14163623772674783,3.0,0.13297379201078796,1.0,0.13297379201078796,0.13297379201078796,0.18752383642421333,3.0,8.0,3.0,9.0,0.15309663654261674,3.0,10.0,0.2977213746352002,0.14549715303302357,4.0,3.0,1.0,4.0,6.0,6.0,0.13297379201078796,1.0,2.0,0.13297379201078796,0.13297379201078796,0.13297379201078796,0.13297379201078796,0.13297379201078796,0.13297379201078796,0.13297379201078796,0.13297379201078796,3.0,11.0,0.13949355893088988,1.0,1.0,1.0,2.0,0.13297379201078796,9.0,5.0,0.13297379201078796,2.0,0.13297379201078796,1.0,0.13297379201078796,2.0,0.13297379201078796,0.13409297398415843,0.13297379201078796,0.16359862836592864
6,24,10.0,12.0,11.0,1.0,1.0,7.0,2.0,0.13297379201078796,4.0,1.0,1.0,1.0,4.0,7.0,2.0,1.0,0.18928058953977156,2.0,0.23729874592509226,3.0,0.15624322518544298,0.204424758360772,0.3553321425950856,0.13297379201078796,0.20447422082502698,0.13297379201078796,1.0,11.0,0.13297379201078796,0.15365960686067093,0.16136779532363288,0.17986639187315978,0.2062424637252589,0.18820724575586112,1.0,0.13297379201078796,2.0,1.0,0.28812481949131385,0.20155954765108397,11.0,0.13297379201078796,1.0,1.0,8.0,0.13297379201078796,3.0,0.14163623772674783,3.0,0.13297379201078796,1.0,0.13297379201078796,0.13297379201078796,0.18752383642421333,3.0,8.0,3.0,9.0,0.15309663654261674,3.0,10.0,0.2977213746352002,0.14549715303302357,4.0,3.0,1.0,4.0,6.0,6.0,0.13297379201078796,1.0,2.0,0.13297379201078796,0.13297379201078796,0.13297379201078796,0.13297379201078796,0.13297379201078796,0.13297379201078796,0.13297379201078796,0.13297379201078796,3.0,11.0,0.13949355893088988,1.0,1.0,1.0,2.0,0.13297379201078796,9.0,5.0,0.13297379201078796,2.0,0.13297379201078796,1.0,0.13297379201078796,2.0,0.13297379201078796,0.13409297398415843,0.13297379201078796,0.16359862836592864
6,25,10.0,12.0,11.0,1.0,1.0,7.0,2.0,0.13297379201078796,4.0,1.0,1.0,1.0,4.0,7.0,2.0,1.0,0.18928058953977156,2.0,0.23729874592509226,3.0,0.15624322518544298,0.204424758360772,0.3553321425950856,0.13297379201078796,0.20447422082502698,0.13297379201078796,1.0,11.0,0.13297379201078796,0.15365960686067093,0.16136779532363288,0.17986639187315978,0.2062424637252589,0.18820724575586112,1.0,0.13297379201078796,2.0,1.0,0.28812481949131385,0.20155954765108397,11.0,0.13297379201078796,1.0,1.0,8.0,0.13297379201078796,3.0,0.14163623772674783,3.0,0.13297379201078796,1.0,0.13297379201078796,0.13297379201078796,0.18752383642421333,3.0,8.0,3.0,9.0,0.15309663654261674,3.0,10.0,0.2977213746352002,0.14549715303302357,4.0,3.0,1.0,4.0,6.0,6.0,0.13297379201078796,1.0,2.0,0.13297379201078796,0.13297379201078796,0.13297379201078796,0.13297379201078796,0.13297379201078796,0.13297379201078796,0.13297379201078796,0.13297379201078796,3.0,11.0,0.13949355893088988,1.0,1.0,1.0,2.0,0.13297379201078796,9.0,5.0,0.13297379201078796,2.0,0.13297379201078796,1.0,0.13297379201078796,2.0,0.13297379201078796,0.13409297398415843,0.13297379201078796,0.16359862836592864
6,26,10.0,12.0,11.0,1.0,1.0,7.0,2.0,0.13297379201078796,4.0,1.0,1.0,1.0,4.0,7.0,2.0,1.0,0.18928058953977156,2.0,0.23729874592509226,3.0,0.15624322518544298,0.204424758360772,0.3553321425950856,0.13297379201078796,0.20447422082502698,0.13297379201078796,1.0,11.0,0.13297379201078796,0.15365960686067093,0.16136779532363288,0.17986639187315978,0.2062424637252589,0.18820724575586112,1.0,0.13297379201078796,2.0,1.0,0.28812481949131385,0.20155954765108397,11.0,0.13297379201078796,1.0,1.0,8.0,0.13297379201078796,3.0,0.14163623772674783,3.0,0.13297379201078796,1.0,0.13297379201078796,0.13297379201078796,0.18752383642421333,3.0,8.0,3.0,9.0,0.15309663654261674,3.0,10.0,0.2977213746352002,0.14549715303302357,4.0,3.0,1.0,4.0,6.0,6.0,0.13297379201078796,1.0,2.0,0.13297379201078796,0.13297379201078796,0.13297379201078796,0.13297379201078796,0.13297379201078796,0.13297379201078796,0.13297379201078796,0.13297379201078796,3.0,11.0,0.13949355893088988,1.0,1.0,1.0,2.0,0.13297379201078796,9.0,5.0,0.13297379201078796,2.0,0.13297379201078796,1.0,0.13297379201078796,2.0,0.13297379201078796,0.13409297398415843,0.13297379201078796,0.16359862836592864
6,27,10.0,12.0,11.0,1.0,1.0,7.0,2.0,0.13297379201078796,4.0,1.0,1.0,1.0,4.0,7.0,2.0,1.0,0.18928058953977156,2.0,0.23729874592509226,3.0,0.15624322518544298,0.204424758360772,0.3553321425950856,0.13297379201078796,0.20447422082502698,0.13297379201078796,1.0,11.0,0.13297379201078796,0.15365960686067093,0.16136779532363288,0.17986639187315978,0.2062424637252589,0.18820724575586112,1.0,0.13297379201078796,2.0,1.0,0.28812481949131385,0.20155954765108397,11.0,0.13297379201078796,1.0,1.0,8.0,0.13297379201078796,3.0,0.14163623772674783,3.0,0.13297379201078796,1.0,0.13297379201078796,0.13297379201078796,0.18752383642421333,3.0,8.0,3.0,9.0,0.15309663654261674,3.0,10.0,0.2977213746352002,0.14549715303302357,4.0,3.0,1.0,4.0,6.0,6.0,0.13297379201078796,1.0,2.0,0.13297379201078796,0.13297379201078796,0.13297379201078796,0.13297379201078796,0.13297379201078796,0.13297379201078796,0.13297379201078796,0.13297379201078796,3.0,11.0,0.13949355893088988,1.0,1.0,1.0,2.0,0.13297379201078796,9.0,5.0,0.13297379201078796,2.0,0.13297379201078796,1.0,0.13297379201078796,2.0,0.13297379201078796,0.13409297398415843,0.13297379201078796,0.16359862836592864
6,28,10.0,12.0,11.0,1.0,1.0,7.0,2.0,0.13297379201078796,4.0,1.0,1.0,1.0,4.0,7.0,2.0,1.0,0.18928058953977156,2.0,0.23729874592509226,3.0,0.15624322518544298,0.204424758360772,0.3553321425950856,0.13297379201078796,0.20447422082502698,0.13297379201078796,1.0,11.0,0.13297379201078796,0.15365960686067093,0.16136779532363288,0.17986639187315978,0.2062424637252589,0.18820724575586112,1.0,0.13297379201078796,2.0,1.0,0.28812481949131385,0.20155954765108397,11.0,0.13297379201078796,1.0,1.0,8.0,0.13297379201078796,3.0,0.14163623772674783,3.0,0.13297379201078796,1.0,0.13297379201078796,0.13297379201078796,0.18752383642421333,3.0,8.0,3.0,9.0,0.15309663654261674,3.0,10.0,0.2977213746352002,0.14549715303302357,4.0,3.0,1.0,4.0,6.0,6.0,0.13297379201078796,1.0,2.0,0.13297379201078796,0.13297379201078796,0.13297379201078796,0.13297379201078796,0.13297379201078796,0.13297379201078796,0.13297379201078796,0.13297379201078796,3.0,11.0,0.13949355893088988,1.0,1.0,1.0,2.0,0.13297379201078796,9.0,5.0,0.13297379201078796,2.0,0.13297379201078796,1.0,0.13297379201078796,2.0,0.13297379201078796,0.13409297398415843,0.13297379201078796,0.16359862836592864
6,29,10.0,12.0,11.0,1.0,1.0,7.0,2.0,0.13297379201078796,4.0,1.0,1.0,1.0,4.0,7.0,2.0,1.0,0.18928058953977156,2.0,0.23729874592509226,3.0,0.15624322518544298,0.204424758360772,0.3553321425950856,0.13297379201078796,0.20447422082502698,0.13297379201078796,1.0,11.0,0.13297379201078796,0.15365960686067093,0.16136779532363288,0.17986639187315978,0.2062424637252589,0.18820724575586112,1.0,0.13297379201078796,2.0,1.0,0.28812481949131385,0.20155954765108397,11.0,0.13297379201078796,1.0,1.0,8.0,0.13297379201078796,3.0,0.14163623772674783,3.0,0.13297379201078796,1.0,0.13297379201078796,0.13297379201078796,0.18752383642421333,3.0,8.0,3.0,9.0,0.15309663654261674,3.0,10.0,0.2977213746352002,0.14549715303302357,4.0,3.0,1.0,4.0,6.0,6.0,0.13297379201078796,1.0,2.0,0.13297379201078796,0.13297379201078796,0.13297379201078796,0.13297379201078796,0.13297379201078796,0.13297379201078796,0.13297379201078796,0.13297379201078796,3.0,11.0,0.13949355893088988,1.0,1.0,1.0,2.0,0.13297379201078796,9.0,5.0,0.13297379201078796,2.0,0.13297379201078796,1.0,0.13297379201078796,2.0,0.13297379201078796,0.13409297398415843,0.13297379201078796,0.16359862836592864
6,30,10.0,12.0,11.0,1.0,1.0,7.0,2.0,0.13297379201078796,4.0,1.0,1.0,1.0,4.0,7.0,2.0,1.0,0.18928058953977156,2.0,0.23729874592509226,3.0,0.15624322518544298,0.204424758360772,0.3553321425950856,0.13297379201078796,0.20447422082502698,0.13297379201078796,1.0,11.0,0.13297379201078796,0.15365960686067093,0.16136779532363288,0.17986639187315978,0.2062424637252589,0.18820724575586112,1.0,0.13297379201078796,2.0,1.0,0.28812481949131385,0.20155954765108397,11.0,0.13297379201078796,1.0,1.0,8.0,0.13297379201078796,3.0,0.14163623772674783,3.0,0.13297379201078796,1.0,0.13297379201078796,0.13297379201078796,0.18752383642421333,3.0,8.0,3.0,9.0,0.15309663654261674,3.0,10.0,0.2977213746352002,0.14549715303302357,4.0,3.0,1.0,4.0,6.0,6.0,0.13297379201078796,1.0,2.0,0.13297379201078796,0.13297379201078796,0.13297379201078796,0.13297379201078796,0.13297379201078796,0.13297379201078796,0.13297379201078796,0.13297379201078796,3.0,11.0,0.13949355893088988,1.0,1.0,1.0,2.0,0.13297379201078796,9.0,5.0,0.13297379201078796,2.0,0.13297379201078796,1.0,0.13297379201078796,2.0,0.13297379201078796,0.13409297398415843,0.13297379201078796,0.16359862836592864
6,31,10.0,12.0,11.0,1.0,1.0,7.0,2.0,0.13297379201078796,4.0,1.0,1.0,1.0,4.0,7.0,2.0,1.0,0.18928058953977156,2.0,0.23729874592509226,3.0,0.15624322518544298,0.204424758360772,0.3553321425950856,0.13297379201078796,0.20447422082502698,0.13297379201078796,1.0,11.0,0.13297379201078796,0.15365960686067093,0.16136779532363288,0.17986639187315978,0.2062424637252589,0.18820724575586112,1.0,0.13297379201078796,2.0,1.0,0.28812481949131385,0.20155954765108397,11.0,0.13297379201078796,1.0,1.0,8.0,0.13297379201078796,3.0,0.14163623772674783,3.0,0.13297379201078796,1.0,0.13297379201078796,0.13297379201078796,0.18752383642421333,3.0,8.0,3.0,9.0,0.15309663654261674,3.0,10.0,0.2977213746352002,0.14549715303302357,4.0,3.0,1.0,4.0,6.0,6.0,0.13297379201078796,1.0,2.0,0.13297379201078796,0.13297379201078796,0.13297379201078796,0.13297379201078796,0.13297379201078796,0.13297379201078796,0.13297379201078796,0.13297379201078796,3.0,11.0,0.13949355893088988,1.0,1.0,1.0,2.0,0.13297379201078796,9.0,5.0,0.13297379201078796,2.0,0.13297379201078796,1.0,0.13297379201078796,2.0,0.13297379201078796,0.13409297398415843,0.13297379201078796,0.16359862836592864
6,32,10.0,12.0,11.0,1.0,1.0,7.0,2.0,0.13297379201078796,4.0,1.0,1.0,1.0,4.0,7.0,2.0,1.0,0.18928058953977156,2.0,0.23729874592509226,3.0,0.15624322518544298,0.204424758360772,0.3553321425950856,0.13297379201078796,0.20447422082502698,0.13297379201078796,1.0,11.0,0.13297379201078796,0.15365960686067093,0.16136779532363288,0.17986639187315978,0.2062424637252589,0.18820724575586112,1.0,0.13297379201078796,2.0,1.0,0.28812481949131385,0.20155954765108397,11.0,0.13297379201078796,1.0,1.0,8.0,0.13297379201078796,3.0,0.14163623772674783,3.0,0.13297379201078796,1.0,0.13297379201078796,0.13297379201078796,0.18752383642421333,3.0,8.0,3.0,9.0,0.15309663654261674,3.0,10.0,0.2977213746352002,0.14549715303302357,4.0,3.0,1.0,4.0,6.0,6.0,0.13297379201078796,1.0,2.0,0.13297379201078796,0.13297379201078796,0.13297379201078796,0.13297379201078796,0.13297379201078796,0.13297379201078796,0.13297379201078796,0.13297379201078796,3.0,11.0,0.13949355893088988,1.0,1.0,1.0,2.0,0.13297379201078796,9.0,5.0,0.13297379201078796,2.0,0.13297379201078796,1.0,0.13297379201078796,2.0,0.13297379201078796,0.13409297398415843,0.13297379201078796,0.16359862836592864
6,33,10.0,12.0,11.0,1.0,1.0,7.0,2.0,0.13297379201078796,4.0,1.0,1.0,1.0,4.0,7.0,2.0,1.0,0.18928058953977156,2.0,0.23729874592509226,3.0,0.15624322518544298,0.204424758360772,0.3553321425950856,0.13297379201078796,0.20447422082502698,0.13297379201078796,1.0,11.0,0.13297379201078796,0.15365960686067093,0.16136779532363288,0.17986639187315978,0.2062424637252589,0.18820724575586112,1.0,0.13297379201078796,2.0,1.0,0.28812481949131385,0.20155954765108397,11.0,0.13297379201078796,1.0,1.0,8.0,0.13297379201078796,3.0,0.14163623772674783,3.0,0.13297379201078796,1.0,0.13297379201078796,0.13297379201078796,0.18752383642421333,3.0,8.0,3.0,9.0,0.15309663654261674,3.0,10.0,0.2977213746352002,0.14549715303302357,4.0,3.0,1.0,4.0,6.0,6.0,0.13297379201078796,1.0,2.0,0.13297379201078796,0.13297379201078796,0.13297379201078796,0.13297379201078796,0.13297379201078796,0.13297379201078796,0.13297379201078796,0.13297379201078796,3.0,11.0,0.13949355893088988,1.0,1.0,1.0,2.0,0.13297379201078796,9.0,5.0,0.13297379201078796,2.0,0.13297379201078796,1.0,0.13297379201078796,2.0,0.13297379201078796,0.13409297398415843,0.13297379201078796,0.16359862836592864
6,34,10.0,12.0,11.0,1.0,1.0,7.0,2.0,0.13297379201078796,4.0,1.0,1.0,1.0,4.0,7.0,2.0,1.0,0.18928058953977156,2.0,0.23729874592509226,3.0,0.15624322518544298,0.204424758360772,0.3553321425950856,0.13297379201078796,0.20447422082502698,0.13297379201078796,1.0,11.0,0.13297379201078796,0.15365960686067093,0.16136779532363288,0.17986639187315978,0.2062424637252589,0.18820724575586112,1.0,0.13297379201078796,2.0,1.0,0.28812481949131385,0.20155954765108397,11.0,0.13297379201078796,1.0,1.0,8.0,0.13297379201078796,3.0,0.14163623772674783,3.0,0.13297379201078796,1.0,0.13297379201078796,0.13297379201078796,0.18752383642421333,3.0,8.0,3.0,9.0,0.15309663654261674,3.0,10.0,0.2977213746352002,0.14549715303302357,4.0,3.0,1.0,4.0,6.0,6.0,0.13297379201078796,1.0,2.0,0.13297379201078796,0.13297379201078796,0.13297379201078796,0.13297379201078796,0.13297379201078796,0.13297379201078796,0.13297379201078796,0.13297379201078796,3.0,11.0,0.13949355893088988,1.0,1.0,1.0,2.0,0.13297379201078796,9.0,5.0,0.13297379201078796,2.0,0.13297379201078796,1.0,0.13297379201078796,2.0,0.13297379201078796,0.13409297398415843,0.13297379201078796,0.16359862836592864
6,35,10.0,12.0,11.0,1.0,1.0,7.0,2.0,0.13297379201078796,4.0,1.0,1.0,1.0,4.0,7.0,2.0,1.0,0.18928058953977156,2.0,0.23729874592509226,3.0,0.15624322518544298,0.204424758360772,0.3553321425950856,0.13297379201078796,0.20447422082502698,0.13297379201078796,1.0,11.0,0.13297379201078796,0.15365960686067093,0.16136779532363288,0.17986639187315978,0.2062424637252589,0.18820724575586112,1.0,0.13297379201078796,2.0,1.0,0.28812481949131385,0.20155954765108397,11.0,0.13297379201078796,1.0,1.0,8.0,0.13297379201078796,3.0,0.14163623772674783,3.0,0.13297379201078796,1.0,0.13297379201078796,0.13297379201078796,0.18752383642421333,3.0,8.0,3.0,9.0,0.15309663654261674,3.0,10.0,0.2977213746352002,0.14549715303302357,4.0,3.0,1.0,4.0,6.0,6.0,0.13297379201078796,1.0,2.0,0.13297379201078796,0.13297379201078796,0.13297379201078796,0.13297379201078796,0.13297379201078796,0.13297379201078796,0.13297379201078796,0.13297379201078796,3.0,11.0,0.13949355893088988,1.0,1.0,1.0,2.0,0.13297379201078796,9.0,5.0,0.13297379201078796,2.0,0.13297379201078796,1.0,0.13297379201078796,2.0,0.13297379201078796,0.13409297398415843,0.13297379201078796,0.16359862836592864
6,36,10.0,12.0,11.0,1.0,1.0,7.0,2.0,0.13297379201078796,4.0,1.0,1.0,1.0,4.0,7.0,2.0,1.0,0.18928058953977156,2.0,0.23729874592509226,3.0,0.15624322518544298,0.204424758360772,0.3553321425950856,0.13297379201078796,0.20447422082502698,0.13297379201078796,1.0,11.0,0.13297379201078796,0.15365960686067093,0.16136779532363288,0.17986639187315978,0.2062424637252589,0.18820724575586112,1.0,0.13297379201078796,2.0,1.0,0.28812481949131385,0.20155954765108397,11.0,0.13297379201078796,1.0,1.0,8.0,0.13297379201078796,3.0,0.14163623772674783,3.0,0.13297379201078796,1.0,0.13297379201078796,0.13297379201078796,0.18752383642421333,3.0,8.0,3.0,9.0,0.15309663654261674,3.0,10.0,0.2977213746352002,0.14549715303302357,4.0,3.0,1.0,4.0,6.0,6.0,0.13297379201078796,1.0,2.0,0.13297379201078796,0.13297379201078796,0.13297379201078796,0.13297379201078796,0.13297379201078796,0.13297379201078796,0.13297379201078796,0.13297379201078796,3.0,11.0,0.13949355893088988,1.0,1.0,1.0,2.0,0.13297379201078796,9.0,5.0,0.13297379201078796,2.0,0.13297379201078796,1.0,0.13297379201078796,2.0,0.13297379201078796,0.13409297398415843,0.13297379201078796,0.16359862836592864
6,37,10.0,12.0,11.0,1.0,1.0,7.0,2.0,0.13297379201078796,4.0,1.0,1.0,1.0,4.0,7.0,2.0,1.0,0.18928058953977156,2.0,0.23729874592509226,3.0,0.15624322518544298,0.204424758360772,0.3553321425950856,0.13297379201078796,0.20447422082502698,0.13297379201078796,1.0,11.0,0.13297379201078796,0.15365960686067093,0.16136779532363288,0.17986639187315978,0.2062424637252589,0.18820724575586112,1.0,0.13297379201078796,2.0,1.0,0.28812481949131385,0.20155954765108397,11.0,0.13297379201078796,1.0,1.0,8.0,0.13297379201078796,3.0,0.14163623772674783,3.0,0.13297379201078796,1.0,0.13297379201078796,0.13297379201078796,0.18752383642421333,3.0,8.0,3.0,9.0,0.15309663654261674,3.0,10.0,0.2977213746352002,0.14549715303302357,4.0,3.0,1.0,4.0,6.0,6.0,0.13297379201078796,1.0,2.0,0.13297379201078796,0.13297379201078796,0.13297379201078796,0.13297379201078796,0.13297379201078796,0.13297379201078796,0.13297379201078796,0.13297379201078796,3.0,11.0,0.13949355893088988,1.0,1.0,1.0,2.0,0.13297379201078796,9.0,5.0,0.13297379201078796,2.0,0.13297379201078796,1.0,0.13297379201078796,2.0,0.13297379201078796,0.13409297398415843,0.13297379201078796,0.16359862836592864
6,38,10.0,12.0,11.0,1.0,1.0,7.0,2.0,0.13297379201078796,4.0,1.0,1.0,1.0,4.0,7.0,2.0,1.0,0.18928058953977156,2.0,0.23729874592509226,3.0,0.15624322518544298,0.204424758360772,0.3553321425950856,0.13297379201078796,0.20447422082502698,0.13297379201078796,1.0,11.0,0.13297379201078796,0.15365960686067093,0.16136779532363288,0.17986639187315978,0.2062424637252589,0.18820724575586112,1.0,0.13297379201078796,2.0,1.0,0.28812481949131385,0.20155954765108397,11.0,0.13297379201078796,1.0,1.0,8.0,0.13297379201078796,3.0,0.14163623772674783,3.0,0.13297379201078796,1.0,0.13297379201078796,0.13297379201078796,0.18752383642421333,3.0,8.0,3.0,9.0,0.15309663654261674,3.0,10.0,0.2977213746352002,0.14549715303302357,4.0,3.0,1.0,4.0,6.0,6.0,0.13297379201078796,1.0,2.0,0.13297379201078796,0.13297379201078796,0.13297379201078796,0.13297379201078796,0.13297379201078796,0.13297379201078796,0.13297379201078796,0.13297379201078796,3.0,11.0,0.13949355893088988,1.0,1.0,1.0,2.0,0.13297379201078796,9.0,5.0,0.13297379201078796,2.0,0.13297379201078796,1.0,0.13297379201078796,2.0,0.13297379201078796,0.13409297398415843,0.13297379201078796,0.16359862836592864
6,39,10.0,12.0,11.0,1.0,1.0,7.0,2.0,0.13297379201078796,4.0,1.0,1.0,1.0,4.0,7.0,2.0,1.0,0.18928058953977156,2.0,0.23729874592509226,3.0,0.15624322518544298,0.204424758360772,0.3553321425950856,0.13297379201078796,0.20447422082502698,0.13297379201078796,1.0,11.0,0.13297379201078796,0.15365960686067093,0.16136779532363288,0.17986639187315978,0.2062424637252589,0.18820724575586112,1.0,0.13297379201078796,2.0,1.0,0.28812481949131385,0.20155954765108397,11.0,0.13297379201078796,1.0,1.0,8.0,0.13297379201078796,3.0,0.14163623772674783,3.0,0.13297379201078796,1.0,0.13297379201078796,0.13297379201078796,0.18752383642421333,3.0,8.0,3.0,9.0,0.15309663654261674,3.0,10.0,0.2977213746352002,0.14549715303302357,4.0,3.0,1.0,4.0,6.0,6.0,0.13297379201078796,1.0,2.0,0.13297379201078796,0.13297379201078796,0.13297379201078796,0.13297379201078796,0.13297379201078796,0.13297379201078796,0.13297379201078796,0.13297379201078796,3.0,11.0,0.13949355893088988,1.0,1.0,1.0,2.0,0.13297379201078796,9.0,5.0,0.13297379201078796,2.0,0.13297379201078796,1.0,0.13297379201078796,2.0,0.13297379201078796,0.13409297398415843,0.13297379201078796,0.16359862836592864
7,0,2.0,4.0,4.0,0.13297379201078796,2.0,0.2626175987741015,11.0,0.609080353744016,11.0,0.13297379201078796,2.0,0.14163623772674783,0.19251884941186037,0.3765728182035103,0.2062424637252589,3.0,2.0,3.0,1.0,8.0,1.0,0.18820724575586112,1.0,0.1854845370606486,3.0,0.3528260203296699,1.0,0.13297379201078796,9.0,7.0,2.0,2.0,0.3553321425950856,3.0,9.0,3.0,12.0,0.28812481949131385,10.0,0.13297379201078796,2.0,0.18838405240318423,0.2094679208156216,0.13297379201078796,1.0,0.24541882234062795,3.0,2.0,0.13297379201078796,0.14739218356479844,2.0,0.1509367655435655,0.18932695480910844,0.1370112410445593,0.5569345503843688,5.0,0.3531493369417519,0.13297379201078796,3.0,0.14099167343235997,0.13297379201078796,1.0,0.13297379201078796,0.22902397214652703,1.0,4.0,4.0,1.0,3.0,0.2144585131920732,1.0,1.0,0.19062453685683112,1.0,10.0,4.0,1.0,2.0,3.0,2.0,1.0,1.0,6.0,0.2574024344281223,0.1599382725154288,0.2821085307162561,0.1762532610269414,0.21963365950262626,0.25054324842532794,1.0,7.0,3.0,1.0,0.23883705290744828,5.0,0.18074929717320043,2.0,2.0,6.0,2.0
7,1,2.0,2.0,0.13297379201078796,0.37385580598984314,1.0,0.2626175987741015,11.0,0.609080353744016,11.0,0.13297379201078796,2.0,0.14163623772674783,0.19251884941186037,0.3765728182035103,0.2062424637252589,3.0,2.0,3.0,1.0,8.0,1.0,0.18820724575586112,1.0,0.1854845370606486,3.0,0.3528260203296699,1.0,0.13297379201078796,9.0,7.0,2.0,2.0,0.3553321425950856,3.0,9.0,3.0,12.0,4.0,4.0,0.17397788893472999,3.0,4.0,0.2094679208156216,0.13297379201078796,0.25642677959205273,1.0,6.0,1.0,12.0,0.1734076165484264,2.0,5.0,0.31945883148706067,0.1370112410445593,0.5569345503843688,5.0,0.3531493369417519,0.13297379201078796,3.0,0.14099167343235997,0.13297379201078796,1.0,0.13297379201078796,0.22902397214652703,1.0,4.0,4.0,1.0,3.0,0.26304398766675396,0.18972654093944574,1.0,1.0,0.4444016185521198,3.0,2.0,5.0,2.0,3.0,2.0,1.0,1.0,6.0,0.2574024344281223,0.1599382725154288,3.0,2.0,0.24810271346585577,0.13297379201078796,1.0,7.0,3.0,1.0,1.0,1.0,0.18074929717320043,2.0,2.0,6.0,6.0
7,2,2.0,8.0,0.13297379201078796,0.37385580598984314,1.0,0.2626175987741015,11.0,0.609080353744016,11.0,0.13297379201078796,2.0,0.14163623772674783,0.19251884941186037,0.3765728182035103,0.2062424637252589,3.0,2.0,3.0,1.0,8.0,1.0,0.18820724575586112,1.0,0.1854845370606486,3.0,0.3528260203296699,1.0,0.13297379201078796,9.0,7.0,2.0,2.0,0.3553321425950856,3.0,9.0,3.0,12.0,4.0,4.0,0.17397788893472999,3.0,4.0,0.2094679208156216,0.13297379201078796,0.25642677959205273,1.0,6.0,4.0,12.0,0.1734076165484264,2.0,0.3251887060944695,0.169481102714802,0.1370112410445593,0.5569345503843688,5.0,0.3531493369417519,0.13297379201078796,3.0,0.14099167343235997,0.13297379201078796,1.0,0.13297379201078796,0.22902397214652703,1.0,4.0,4.0,1.0,3.0,0.26304398766675396,0.18972654093944574,1.0,1.0,11.0,3.0,2.0,0.16284605444668054,2.0,3.0,2.0,1.0,1.0,6.0,0.2574024344281223,0.1599382725154288,3.0,2.0,3.0,0.32019117614958115,1.0,7.0,3.0,1.0,1.0,0.2864768804847381,0.18074929717320043,2.0,2.0,6.0,6.0
7,3,2.0,8.0,0.13297379201078796,0.37385580598984314,1.0,0.2626175987741015,11.0,0.609080353744016,11.0,0.13297379201078796,2.0,0.14163623772674783,6.0,0.3765728182035103,0.2062424637252589,3.0,2.0,3.0,1.0,8.0,1.0,0.18820724575586112,1.0,0.1854845370606486,3.0,0.3528260203296699,1.0,11.0,9.0,7.0,2.0,2.0,0.3553321425950856,3.0,9.0,3.0,12.0,4.0,4.0,0.17397788893472999,3.0,4.0,0.2094679208156216,0.13297379201078796,0.25642677959205273,1.0,6.0,4.0,12.0,0.1734076165484264,2.0,0.3251887060944695,0.169481102714802,0.1370112410445593,0.5569345503843688,14.0,0.16617169182764957,0.13297379201078796,0.13565900701806932,0.14099167343235997,0.13297379201078796,1.0,0.13297379201078796,1.0,3.0,4.0,4.0,1.0,3.0,0.26304398766675396,0.18972654093944574,1.0,1.0,11.0,3.0,2.0,0.16284605444668054,2.0,1.0,2.0,1.0,1.0,6.0,0.2574024344281223,0.1599382725154288,3.0,2.0,3.0,0.32019117614958115,1.0,13.0,3.0,1.0,1.0,0.2864768804847381,0.13297379201078796,2.0,2.0,1.0,2.0
7,4,2.0,8.0,0.13297379201078796,0.37385580598984314,1.0,0.2626175987741015,11.0,5.0,11.0,2.0,1.0,0.14163623772674783,6.0,0.3765728182035103,0.2062424637252589,3.0,2.0,3.0,1.0,8.0,1.0,0.18820724575586112,1.0,0.1854845370606486,3.0,0.3528260203296699,1.0,11.0,9.0,7.0,2.0,2.0,0.3553321425950856,3.0,9.0,3.0,12.0,4.0,4.0,0.17397788893472999,3.0,4.0,0.2094679208156216,0.13297379201078796,0.25642677959205273,1.0,6.0,4.0,12.0,0.1734076165484264,2.0,0.3251887060944695,0.169481102714802,0.1370112410445593,0.13297379201078796,2.0,0.16617169182764957,0.13297379201078796,0.13565900701806932,0.14099167343235997,0.13297379201078796,1.0,0.13297379201078796,1.0,3.0,4.0,4.0,1.0,3.0,0.26304398766675396,0.18972654093944574,1.0,1.0,11.0,3.0,2.0,0.16284605444668054,2.0,1.0,2.0,1.0,1.0,6.0,0.2574024344281223,0.1599382725154288,3.0,2.0,3.0,0.32019117614958115,1.0,13.0,3.0,1.0,1.0,0.2864768804847381,0.13297379201078796,2.0,2.0,1.0,2.0
7,5,2.0,8.0,0.13297379201078796,0.37385580598984314,1.0,0.2626175987741015,11.0,5.0,11.0,2.0,1.0,0.14163623772674783,6.0,0.3765728182035103,0.2062424637252589,3.0,2.0,3.0,1.0,8.0,1.0,0.18820724575586112,1.0,0.1854845370606486,3.0,0.3528260203296699,1.0,11.0,9.0,0.13297379201078796,2.0,2.0,0.3553321425950856,13.0,9.0,3.0,12.0,4.0,4.0,0.17397788893472999,3.0,4.0,0.2094679208156216,0.13297379201078796,0.25642677959205273,1.0,6.0,4.0,12.0,0.1734076165484264,2.0,0.3251887060944695,0.169481102714802,0.1370112410445593,0.13297379201078796,2.0,0.16617169182764957,0.13297379201078796,0.13565900701806932,0.14099167343235997,0.13297379201078796,1.0,0.13297379201078796,1.0,3.0,4.0,4.0,1.0,3.0,0.26304398766675396,0.18972654093944574,1.0,1.0,11.0,3.0,2.0,0.16284605444668054,2.0,1.0,2.0,1.0,1.0,6.0,0.13297379201078796,0.13297379201078796,3.0,2.0,3.0,0.32019117614958115,1.0,13.0,3.0,1.0,1.0,0.2864768804847381,0.13297379201078796,2.0,2.0,1.0,2.0
7,6,2.0,8.0,0.13297379201078796,0.37385580598984314,1.0,0.2626175987741015,11.0,5.0,11.0,2.0,1.0,0.14163623772674783,6.0,0.3765728182035103,0.2062424637252589,3.0,2.0,3.0,1.0,8.0,1.0,0.18820724575586112,1.0,0.1854845370606486,3.0,0.3528260203296699,1.0,11.0,9.0,0.13297379201078796,2.0,2.0,0.3553321425950856,13.0,9.0,3.0,12.0,4.0,4.0,0.17397788893472999,3.0,4.0,0.2094679208156216,0.13297379201078796,5.0,1.0,6.0,4.0,12.0,0.1734076165484264,2.0,0.3251887060944695,0.169481102714802,0.1370112410445593,0.13297379201078796,2.0,0.16617169182764957,0.13297379201078796,0.13565900701806932,0.14099167343235997,0.13297379201078796,1.0,0.13297379201078796,1.0,3.0,4.0,4.0,1.0,3.0,0.26304398766675396,0.18972654093944574,1.0,1.0,11.0,3.0,2.0,0.16284605444668054,2.0,1.0,2.0,1.0,1.0,6.0,0.13297379201078796,0.13297379201078796,3.0,2.0,3.0,0.32019117614958115,1.0,13.0,3.0,1.0,1.0,0.2864768804847381,0.13297379201078796,2.0,2.0,1.0,2.0
7,7,2.0,8.0,0.13297379201078796,0.37385580598984314,1.0,0.2626175987741015,11.0,5.0,11.0,2.0,1.0,0.14163623772674783,6.0,0.3765728182035103,0.2062424637252589,3.0,2.0,3.0,1.0,8.0,1.0,0.18820724575586112,1.0,0.1854845370606486,3.0,0.3528260203296699,1.0,11.0,9.0,0.13297379201078796,2.0,2.0,0.3553321425950856,13.0,9.0,3.0,12.0,4.0,4.0,0.17397788893472999,3.0,4.0,0.2094679208156216,0.13297379201078796,5.0,1.0,6.0,4.0,12.0,0.1734076165484264,2.0,0.3251887060944695,0.169481102714802,0.1370112410445593,0.13297379201078796,2.0,0.16617169182764957,0.13297379201078796,0.13565900701806932,0.14099167343235997,0.13297379201078796,1.0,0.13297379201078796,1.0,3.0,4.0,4.0,1.0,3.0,0.26304398766675396,0.18972654093944574,1.0,1.0,11.0,3.0,2.0,0.16284605444668054,2.0,1.0,2.0,1.0,1.0,6.0,0.13297379201078796,0.13297379201078796,3.0,2.0,3.0,0.32019117614958115,1.0,13.0,3.0,1.0,1.0,0.2864768804847381,0.13297379201078796,2.0,2.0,1.0,2.0
7,8,2.0,8.0,0.13297379201078796,0.37385580598984314,1.0,0.2626175987741015,11.0,5.0,11.0,2.0,1.0,0.14163623772674783,6.0,0.3765728182035103,0.2062424637252589,3.0,2.0,3.0,1.0,8.0,1.0,0.18820724575586112,1.0,0.1854845370606486,3.0,0.3528260203296699,1.0,11.0,9.0,0.13297379201078796,2.0,2.0,0.3553321425950856,13.0,9.0,3.0,12.0,4.0,4.0,0.17397788893472999,3.0,4.0,0.2094679208156216,0.13297379201078796,5.0,1.0,6.0,4.0,12.0,0.1734076165484264,2.0,0.3251887060944695,0.169481102714802,0.1370112410445593,0.13297379201078796,2.0,0.16617169182764957,0.13297379201078796,0.13565900701806932,0.14099167343235997,0.13297379201078796,1.0,0.13297379201078796,1.0,3.0,4.0,4.0,1.0,3.0,0.26304398766675396,0.18972654093944574,1.0,1.0,11.0,3.0,2.0,0.16284605444668054,2.0,1.0,2.0,1.0,1.0,6.0,0.13297379201078796,0.13297379201078796,3.0,2.0,3.0,0.32019117614958115,1.0,13.0,3.0,1.0,1.0,0.2864768804847381,0.13297379201078796,2.0,2.0,1.0,2.0
7,9,2.0,8.0,0.13297379201078796,0.37385580598984314,1.0,0.2626175987741015,11.0,5.0,11.0,2.0,1.0,0.14163623772674783,6.0,0.3765728182035103,0.2062424637252589,3.0,2.0,3.0,1.0,8.0,1.0,0.18820724575586112,1.0,0.1854845370606486,3.0,0.3528260203296699,1.0,11.0,9.0,0.13297379201078796,2.0,2.0,0.3553321425950856,13.0,9.0,3.0,12.0,4.0,4.0,0.17397788893472999,3.0,4.0,0.2094679208156216,0.13297379201078796,5.0,1.0,6.0,4.0,12.0,0.1734076165484264,2.0,0.3251887060944695,0.169481102714802,0.1370112410445593,0.13297379201078796,2.0,0.16617169182764957,0.13297379201078796,0.13565900701806932,0.14099167343235997,0.13297379201078796,1.0,0.13297379201078796,1.0,3.0,4.0,4.0,1.0,3.0,0.26304398766675396,0.18972654093944574,1.0,1.0,11.0,3.0,2.0,0.16284605444668054,2.0,1.0,2.0,1.0,1.0,6.0,0.13297379201078796,0.13297379201078796,3.0,2.0,3.0,0.32019117614958115,1.0,13.0,3.0,1.0,1.0,0.2864768804847381,0.13297379201078796,2.0,2.0,1.0,2.0
7,10,2.0,8.0,0.13297379201078796,0.37385580598984314,1.0,0.2626175987741015,11.0,5.0,11.0,2.0,1.0,0.14163623772674783,6.0,0.3765728182035103,0.2062424637252589,3.0,2.0,3.0,1.0,8.0,1.0,0.18820724575586112,1.0,0.1854845370606486,3.0,0.3528260203296699,1.0,11.0,9.0,0.13297379201078796,2.0,2.0,0.3553321425950856,13.0,9.0,3.0,12.0,4.0,4.0,0.17397788893472999,3.0,4.0,0.2094679208156216,0.13297379201078796,5.0,1.0,6.0,4.0,12.0,0.1734076165484264,2.0,0.3251887060944695,0.169481102714802,0.1370112410445593,0.13297379201078796,2.0,0.16617169182764957,0.13297379201078796,0.13565900701806932,0.14099167343235997,0.13297379201078796,1.0,0.13297379201078796,1.0,3.0,4.0,4.0,1.0,3.0,0.26304398766675396,0.18972654093944574,1.0,1.0,11.0,3.0,2.0,0.16284605444668054,2.0,1.0,2.0,1.0,1.0,6.0,0.13297379201078796,0.13297379201078796,3.0,2.0,3.0,0.32019117614958115,1.0,13.0,3.0,1.0,1.0,0.2864768804847381,0.13297379201078796,2.0,2.0,1.0,2.0
7,11,2.0,8.0,0.13297379201078796,0.37385580598984314,1.0,0.2626175987741015,11.0,5.0,11.0,2.0,1.0,0.14163623772674783,6.0,0.3765728182035103,0.2062424637252589,3.0,2.0,3.0,1.0,8.0,1.0,0.18820724575586112,1.0,0.1854845370606486,3.0,0.3528260203296699,1.0,11.0,9.0,0.13297379201078796,2.0,2.0,0.3553321425950856,13.0,9.0,3.0,12.0,4.0,4.0,0.17397788893472999,3.0,4.0,0.2094679208156216,0.13297379201078796,5.0,1.0,6.0,4.0,12.0,0.1734076165484264,2.0,0.3251887060944695,0.169481102714802,0.1370112410445593,0.13297379201078796,2.0,0.16617169182764957,0.13297379201078796,0.13565900701806932,0.14099167343235997,0.13297379201078796,1.0,0.13297379201078796,1.0,3.0,4.0,4.0,1.0,3.0,0.26304398766675396,0.18972654093944574,1.0,1.0,11.0,3.0,2.0,0.16284605444668054,2.0,1.0,2.0,1.0,1.0,6.0,0.13297379201078796,0.13297379201078796,3.0,2.0,3.0,0.32019117614958115,1.0,13.0,3.0,1.0,1.0,0.2864768804847381,0.13297379201078796,2.0,2.0,1.0,2.0
7,12,2.0,8.0,0.13297379201078796,0.37385580598984314,1.0,0.2626175987741015,11.0,5.0,11.0,2.0,1.0,0.14163623772674783,6.0,0.3765728182035103,0.2062424637252589,3.0,2.0,3.0,1.0,8.0,1.0,0.18820724575586112,1.0,0.1854845370606486,3.0,0.3528260203296699,1.0,11.0,9.0,0.13297379201078796,2.0,2.0,0.3553321425950856,13.0,9.0,3.0,12.0,4.0,4.0,0.17397788893472999,3.0,4.0,0.2094679208156216,0.13297379201078796,5.0,1.0,6.0,4.0,12.0,0.1734076165484264,2.0,0.3251887060944695,0.169481102714802,0.1370112410445593,0.13297379201078796,2.0,0.16617169182764957,0.13297379201078796,0.13565900701806932,0.14099167343235997,0.13297379201078796,1.0,0.13297379201078796,1.0,3.0,4.0,4.0,1.0,3.0,0.26304398766675396,0.18972654093944574,1.0,1.0,11.0,3.0,2.0,0.16284605444668054,2.0,1.0,2.0,1.0,1.0,6.0,0.13297379201078796,0.13297379201078796,3.0,2.0,3.0,0.32019117614958115,1.0,13.0,3.0,1.0,1.0,0.2864768804847381,0.13297379201078796,2.0,2.0,1.0,2.0
7,13,2.0,8.0,0.13297379201078796,0.37385580598984314,1.0,0.2626175987741015,11.0,5.0,11.0,2.0,1.0,0.14163623772674783,6.0,0.3765728182035103,0.2062424637252589,3.0,2.0,3.0,1.0,8.0,1.0,0.18820724575586112,1.0,0.1854845370606486,3.0,0.3528260203296699,1.0,11.0,9.0,0.13297379201078796,2.0,2.0,0.3553321425950856,13.0,9.0,3.0,12.0,4.0,4.0,0.17397788893472999,3.0,4.0,0.2094679208156216,0.13297379201078796,5.0,1.0,6.0,4.0,12.0,0.1734076165484264,2.0,0.3251887060944695,0.169481102714802,0.1370112410445593,0.13297379201078796,2.0,0.16617169182764957,0.13297379201078796,0.13565900701806932,0.14099167343235997,0.13297379201078796,1.0,0.13297379201078796,1.0,3.0,4.0,4.0,1.0,3.0,0.26304398766675396,0.18972654093944574,1.0,1.0,11.0,3.0,2.0,0.16284605444668054,2.0,1.0,2.0,1.0,1.0,6.0,0.13297379201078796,0.13297379201078796,3.0,2.0,3.0,0.32019117614958115,1.0,13.0,3.0,1.0,1.0,0.2864768804847381,0.13297379201078796,2.0,2.0,1.0,2.0
7,14,2.0,8.0,0.13297379201078796,0.37385580598984314,1.0,0.2626175987741015,11.0,5.0,11.0,2.0,1.0,0.14163623772674783,6.0,0.3765728182035103,0.2062424637252589,3.0,2.0,3.0,1.0,8.0,1.0,0.18820724575586112,1.0,0.1854845370606486,3.0,0.3528260203296699,1.0,11.0,9.0,0.13297379201078796,2.0,2.0,0.3553321425950856,13.0,9.0,3.0,12.0,4.0,4.0,0.17397788893472999,3.0,4.0,0.2094679208156216,0.13297379201078796,5.0,1.0,6.0,4.0,12.0,0.1734076165484264,2.0,0.3251887060944695,0.169481102714802,0.1370112410445593,0.13297379201078796,2.0,0.16617169182764957,0.13297379201078796,0.13565900701806932,0.14099167343235997,0.13297379201078796,1.0,0.13297379201078796,1.0,3.0,4.0,4.0,1.0,3.0,0.26304398766675396,0.18972654093944574,1.0,1.0,11.0,3.0,2.0,0.16284605444668054,2.0,1.0,2.0,1.0,1.0,6.0,0.13297379201078796,0.13297379201078796,3.0,2.0,3.0,0.32019117614958115,1.0,13.0,3.0,1.0,1.0,0.2864768804847381,0.13297379201078796,2.0,2.0,1.0,2.0
7,15,2.0,8.0,0.13297379201078796,0.37385580598984314,1.0,0.2626175987741015,11.0,5.0,11.0,2.0,1.0,0.14163623772674783,6.0,0.3765728182035103,0.2062424637252589,3.0,2.0,3.0,1.0,8.0,1.0,0.18820724575586112,1.0,0.1854845370606486,3.0,0.3528260203296699,1.0,11.0,9.0,0.13297379201078796,2.0,2.0,0.3553321425950856,13.0,9.0,3.0,12.0,4.0,4.0,0.17397788893472999,3.0,4.0,0.2094679208156216,0.13297379201078796,5.0,1.0,6.0,4.0,12.0,0.1734076165484264,2.0,0.3251887060944695,0.169481102714802,0.1370112410445593,0.13297379201078796,2.0,0.16617169182764957,0.13297379201078796,0.13565900701806932,0.14099167343235997,0.13297379201078796,1.0,0.13297379201078796,1.0,3.0,4.0,4.0,1.0,3.0,0.26304398766675396,0.18972654093944574,1.0,1.0,11.0,3.0,2.0,0.16284605444668054,2.0,1.0,2.0,1.0,1.0,6.0,0.13297379201078796,0.13297379201078796,3.0,2.0,3.0,0.32019117614958115,1.0,13.0,3.0,1.0,1.0,0.2864768804847381,0.13297379201078796,2.0,2.0,1.0,2.0
7,16,2.0,8.0,0.13297379201078796,0.37385580598984314,1.0,0.2626175987741015,11.0,5.0,11.0,2.0,1.0,0.14163623772674783,6.0,0.3765728182035103,0.2062424637252589,3.0,2.0,3.0,1.0,8.0,1.0,0.18820724575586112,1.0,0.1854845370606486,3.0,0.3528260203296699,1.0,11.0,9.0,0.13297379201078796,2.0,2.0,0.3553321425950856,13.0,9.0,3.0,12.0,4.0,4.0,0.17397788893472999,3.0,4.0,0.2094679208156216,0.13297379201078796,5.0,1.0,6.0,4.0,12.0,0.1734076165484264,2.0,0.3251887060944695,0.169481102714802,0.1370112410445593,0.13297379201078796,2.0,0.16617169182764957,0.13297379201078796,0.13565900701806932,0.14099167343235997,0.13297379201078796,1.0,0.13297379201078796,1.0,3.0,4.0,4.0,1.0,3.0,0.26304398766675396,0.18972654093944574,1.0,1.0,11.0,3.0,2.0,0.16284605444668054,2.0,1.0,2.0,1.0,1.0,6.0,0.13297379201078796,0.13297379201078796,3.0,2.0,3.0,0.32019117614958115,1.0,13.0,3.0,1.0,1.0,0.2864768804847381,0.13297379201078796,2.0,2.0,1.0,2.0
7,17,2.0,8.0,0.13297379201078796,0.37385580598984314,1.0,0.2626175987741015,11.0,5.0,11.0,2.0,1.0,0.14163623772674783,6.0,0.3765728182035103,0.2062424637252589,3.0,2.0,3.0,1.0,8.0,1.0,0.18820724575586112,1.0,0.1854845370606486,3.0,0.3528260203296699,1.0,11.0,9.0,0.13297379201078796,2.0,2.0,0.3553321425950856,13.0,9.0,3.0,12.0,4.0,4.0,0.17397788893472999,3.0,4.0,0.2094679208156216,0.13297379201078796,5.0,1.0,6.0,4.0,12.0,0.1734076165484264,2.0,0.3251887060944695,0.169481102714802,0.1370112410445593,0.13297379201078796,2.0,0.16617169182764957,0.13297379201078796,0.13565900701806932,0.14099167343235997,0.13297379201078796,1.0,0.13297379201078796,1.0,3.0,4.0,4.0,1.0,3.0,0.26304398766675396,0.18972654093944574,1.0,1.0,11.0,3.0,2.0,0.16284605444668054,2.0,1.0,2.0,1.0,1.0,6.0,0.13297379201078796,0.13297379201078796,3.0,2.0,3.0,0.32019117614958115,1.0,13.0,3.0,1.0,1.0,0.2864768804847381,0.13297379201078796,2.0,2.0,1.0,2.0
7,18,2.0,8.0,0.13297379201078796,0.37385580598984314,1.0,0.2626175987741015,11.0,5.0,11.0,2.0,1.0,0.14163623772674783,6.0,0.3765728182035103,0.2062424637252589,3.0,2.0,3.0,1.0,8.0,1.0,0.18820724575586112,1.0,0.1854845370606486,3.0,0.3528260203296699,1.0,11.0,9.0,0.13297379201078796,2.0,2.0,0.3553321425950856,13.0,9.0,3.0,12.0,4.0,4.0,0.17397788893472999,3.0,4.0,0.2094679208156216,0.13297379201078796,5.0,1.0,6.0,4.0,12.0,0.1734076165484264,2.0,0.3251887060944695,0.169481102714802,0.1370112410445593,0.13297379201078796,2.0,0.16617169182764957,0.13297379201078796,0.13565900701806932,0.14099167343235997,0.13297379201078796,1.0,0.13297379201078796,1.0,3.0,4.0,4.0,1.0,3.0,0.26304398766675396,0.18972654093944574,1.0,1.0,11.0,3.0,2.0,0.16284605444668054,2.0,1.0,2.0,1.0,1.0,6.0,0.13297379201078796,0.13297379201078796,3.0,2.0,3.0,0.32019117614958115,1.0,13.0,3.0,1.0,1.0,0.2864768804847381,0.13297379201078796,2.0,2.0,1.0,2.0
7,19,2.0,8.0,0.13297379201078796,0.37385580598984314,1.0,0.2626175987741015,11.0,5.0,11.0,2.0,1.0,0.14163623772674783,6.0,0.3765728182035103,0.2062424637252589,3.0,2.0,3.0,1.0,8.0,1.0,0.18820724575586112,1.0,0.1854845370606486,3.0,0.3528260203296699,1.0,11.0,9.0,0.13297379201078796,2.0,2.0,0.3553321425950856,13.0,9.0,3.0,12.0,4.0,4.0,0.17397788893472999,3.0,4.0,0.2094679208156216,0.13297379201078796,5.0,1.0,6.0,4.0,12.0,0.1734076165484264,2.0,0.3251887060944695,0.169481102714802,0.1370112410445593,0.13297379201078796,2.0,0.16617169182764957,0.13297379201078796,0.13565900701806932,0.14099167343235997,0.13297379201078796,1.0,0.13297379201078796,1.0,3.0,4.0,4.0,1.0,3.0,0.26304398766675396,0.18972654093944574,1.0,1.0,11.0,3.0,2.0,0.16284605444668054,2.0,1.0,2.0,1.0,1.0,6.0,0.13297379201078796,0.13297379201078796,3.0,2.0,3.0,0.32019117614958115,1.0,13.0,3.0,1.0,1.0,0.2864768804847381,0.13297379201078796,2.0,2.0,1.0,2.0
7,20,2.0,8.0,0.13297379201078796,0.37385580598984314,1.0,0.2626175987741015,11.0,5.0,11.0,2.0,1.0,0.14163623772674783,6.0,0.3765728182035103,0.2062424637252589,3.0,2.0,3.0,1.0,8.0,1.0,0.18820724575586112,1.0,0.1854845370606486,3.0,0.3528260203296699,1.0,11.0,9.0,0.13297379201078796,2.0,2.0,0.3553321425950856,13.0,9.0,3.0,12.0,4.0,4.0,0.17397788893472999,3.0,4.0,0.2094679208156216,0.13297379201078796,5.0,1.0,6.0,4.0,12.0,0.1734076165484264,2.0,0.3251887060944695,0.169481102714802,0.1370112410445593,0.13297379201078796,2.0,0.16617169182764957,0.13297379201078796,0.13565900701806932,0.14099167343235997,0.13297379201078796,1.0,0.13297379201078796,1.0,3.0,4.0,4.0,1.0,3.0,0.26304398766675396,0.18972654093944574,1.0,1.0,11.0,3.0,2.0,0.16284605444668054,2.0,1.0,2.0,1.0,1.0,6.0,0.13297379201078796,0.13297379201078796,3.0,2.0,3.0,0.32019117614958115,1.0,13.0,3.0,1.0,1.0,0.2864768804847381,0.13297379201078796,2.0,2.0,1.0,2.0
7,21,2.0,8.0,0.13297379201078796,0.37385580598984314,1.0,0.2626175987741015,11.0,5.0,11.0,2.0,1.0,0.14163623772674783,6.0,0.3765728182035103,0.2062424637252589,3.0,2.0,3.0,1.0,8.0,1.0,0.18820724575586112,1.0,0.1854845370606486,3.0,0.3528260203296699,1.0,11.0,9.0,0.13297379201078796,2.0,2.0,0.3553321425950856,13.0,9.0,3.0,12.0,4.0,4.0,0.17397788893472999,3.0,4.0,0.2094679208156216,0.13297379201078796,5.0,1.0,6.0,4.0,12.0,0.1734076165484264,2.0,0.3251887060944695,0.169481102714802,0.1370112410445593,0.13297379201078796,2.0,0.16617169182764957,0.13297379201078796,0.13565900701806932,0.14099167343235997,0.13297379201078796,1.0,0.13297379201078796,1.0,3.0,4.0,4.0,1.0,3.0,0.26304398766675396,0.18972654093944574,1.0,1.0,11.0,3.0,2.0,0.16284605444668054,2.0,1.0,2.0,1.0,1.0,6.0,0.13297379201078796,0.13297379201078796,3.0,2.0,3.0,0.32019117614958115,1.0,13.0,3.0,1.0,1.0,0.2864768804847381,0.13297379201078796,2.0,2.0,1.0,2.0
7,22,2.0,8.0,0.13297379201078796,0.37385580598984314,1.0,0.2626175987741015,11.0,5.0,11.0,2.0,1.0,0.14163623772674783,6.0,0.3765728182035103,0.2062424637252589,3.0,2.0,3.0,1.0,8.0,1.0,0.18820724575586112,1.0,0.1854845370606486,3.0,0.3528260203296699,1.0,11.0,9.0,0.13297379201078796,2.0,2.0,0.3553321425950856,13.0,9.0,3.0,12.0,4.0,4.0,0.17397788893472999,3.0,4.0,0.2094679208156216,0.13297379201078796,5.0,1.0,6.0,4.0,12.0,0.1734076165484264,2.0,0.3251887060944695,0.169481102714802,0.1370112410445593,0.13297379201078796,2.0,0.16617169182764957,0.13297379201078796,0.13565900701806932,0.14099167343235997,0.13297379201078796,1.0,0.13297379201078796,1.0,3.0,4.0,4.0,1.0,3.0,0.26304398766675396,0.18972654093944574,1.0,1.0,11.0,3.0,2.0,0.16284605444668054,2.0,1.0,2.0,1.0,1.0,6.0,0.13297379201078796,0.13297379201078796,3.0,2.0,3.0,0.32019117614958115,1.0,13.0,3.0,1.0,1.0,0.2864768804847381,0.13297379201078796,2.0,2.0,1.0,2.0
7,23,2.0,8.0,0.13297379201078796,0.37385580598984314,1.0,0.2626175987741015,11.0,5.0,11.0,2.0,1.0,0.14163623772674783,6.0,0.3765728182035103,0.2062424637252589,3.0,2.0,3.0,1.0,8.0,1.0,0.18820724575586112,1.0,0.1854845370606486,3.0,0.3528260203296699,1.0,11.0,9.0,0.13297379201078796,2.0,2.0,0.3553321425950856,13.0,9.0,3.0,12.0,4.0,4.0,0.17397788893472999,3.0,4.0,0.2094679208156216,0.13297379201078796,5.0,1.0,6.0,4.0,12.0,0.1734076165484264,2.0,0.3251887060944695,0.169481102714802,0.1370112410445593,0.13297379201078796,2.0,0.16617169182764957,0.13297379201078796,0.13565900701806932,0.14099167343235997,0.13297379201078796,1.0,0.13297379201078796,1.0,3.0,4.0,4.0,1.0,3.0,0.26304398766675396,0.18972654093944574,1.0,1.0,11.0,3.0,2.0,0.16284605444668054,2.0,1.0,2.0,1.0,1.0,6.0,0.13297379201078796,0.13297379201078796,3.0,2.0,3.0,0.32019117614958115,1.0,13.0,3.0,1.0,1.0,0.2864768804847381,0.13297379201078796,2.0,2.0,1.0,2.0
7,24,2.0,8.0,0.13297379201078796,0.37385580598984314,1.0,0.2626175987741015,11.0,5.0,11.0,2.0,1.0,0.14163623772674783,6.0,0.3765728182035103,0.2062424637252589,3.0,2.0,3.0,1.0,8.0,1.0,0.18820724575586112,1.0,0.1854845370606486,3.0,0.3528260203296699,1.0,11.0,9.0,0.13297379201078796,2.0,2.0,0.3553321425950856,13.0,9.0,3.0,12.0,4.0,4.0,0.17397788893472999,3.0,4.0,0.2094679208156216,0.13297379201078796,5.0,1.0,6.0,4.0,12.0,0.1734076165484264,2.0,0.3251887060944695,0.169481102714802,0.1370112410445593,0.13297379201078796,2.0,0.16617169182764957,0.13297379201078796,0.13565900701806932,0.14099167343235997,0.13297379201078796,1.0,0.13297379201078796,1.0,3.0,4.0,4.0,1.0,3.0,0.26304398766675396,0.18972654093944574,1.0,1.0,11.0,3.0,2.0,0.16284605444668054,2.0,1.0,2.0,1.0,1.0,6.0,0.13297379201078796,0.13297379201078796,3.0,2.0,3.0,0.32019117614958115,1.0,13.0,3.0,1.0,1.0,0.2864768804847381,0.13297379201078796,2.0,2.0,1.0,2.0
7,25,2.0,8.0,0.13297379201078796,0.37385580598984314,1.0,0.2626175987741015,11.0,5.0,11.0,2.0,1.0,0.14163623772674783,6.0,0.3765728182035103,0.2062424637252589,3.0,2.0,3.0,1.0,8.0,1.0,0.18820724575586112,1.0,0.1854845370606486,3.0,0.3528260203296699,1.0,11.0,9.0,0.13297379201078796,2.0,2.0,0.3553321425950856,13.0,9.0,3.0,12.0,4.0,4.0,0.17397788893472999,3.0,4.0,0.2094679208156216,0.13297379201078796,5.0,1.0,6.0,4.0,12.0,0.1734076165484264,2.0,0.3251887060944695,0.169481102714802,0.1370112410445593,0.13297379201078796,2.0,0.16617169182764957,0.13297379201078796,0.13565900701806932,0.14099167343235997,0.13297379201078796,1.0,0.13297379201078796,1.0,3.0,4.0,4.0,1.0,3.0,0.26304398766675396,0.18972654093944574,1.0,1.0,11.0,3.0,2.0,0.16284605444668054,2.0,1.0,2.0,1.0,1.0,6.0,0.13297379201078796,0.13297379201078796,3.0,2.0,3.0,0.32019117614958115,1.0,13.0,3.0,1.0,1.0,0.2864768804847381,0.13297379201078796,2.0,2.0,1.0,2.0
7,26,2.0,8.0,0.13297379201078796,0.37385580598984314,1.0,0.2626175987741015,11.0,5.0,11.0,2.0,1.0,0.14163623772674783,6.0,0.3765728182035103,0.2062424637252589,3.0,2.0,3.0,1.0,8.0,1.0,0.18820724575586112,1.0,0.1854845370606486,3.0,0.3528260203296699,1.0,11.0,9.0,0.13297379201078796,2.0,2.0,0.3553321425950856,13.0,9.0,3.0,12.0,4.0,4.0,0.17397788893472999,3.0,4.0,0.2094679208156216,0.13297379201078796,5.0,1.0,6.0,4.0,12.0,0.1734076165484264,2.0,0.3251887060944695,0.169481102714802,0.1370112410445593,0.13297379201078796,2.0,0.16617169182764957,0.13297379201078796,0.13565900701806932,0.14099167343235997,0.13297379201078796,1.0,0.13297379201078796,1.0,3.0,4.0,4.0,1.0,3.0,0.26304398766675396,0.18972654093944574,1.0,1.0,11.0,3.0,2.0,0.16284605444668054,2.0,1.0,2.0,1.0,1.0,6.0,0.13297379201078796,0.13297379201078796,3.0,2.0,3.0,0.32019117614958115,1.0,13.0,3.0,1.0,1.0,0.2864768804847381,0.13297379201078796,2.0,2.0,1.0,2.0
7,27,2.0,8.0,0.13297379201078796,0.37385580598984314,1.0,0.2626175987741015,11.0,5.0,11.0,2.0,1.0,0.14163623772674783,6.0,0.3765728182035103,0.2062424637252589,3.0,2.0,3.0,1.0,8.0,1.0,0.18820724575586112,1.0,0.1854845370606486,3.0,0.3528260203296699,1.0,11.0,9.0,0.13297379201078796,2.0,2.0,0.3553321425950856,13.0,9.0,3.0,12.0,4.0,4.0,0.17397788893472999,3.0,4.0,0.2094679208156216,0.13297379201078796,5.0,1.0,6.0,4.0,12.0,0.1734076165484264,2.0,0.3251887060944695,0.169481102714802,0.1370112410445593,0.13297379201078796,2.0,0.16617169182764957,0.13297379201078796,0.13565900701806932,0.14099167343235997,0.13297379201078796,1.0,0.13297379201078796,1.0,3.0,4.0,4.0,1.0,3.0,0.26304398766675396,0.18972654093944574,1.0,1.0,11.0,3.0,2.0,0.16284605444668054,2.0,1.0,2.0,1.0,1.0,6.0,0.13297379201078796,0.13297379201078796,3.0,2.0,3.0,0.32019117614958115,1.0,13.0,3.0,1.0,1.0,0.2864768804847381,0.13297379201078796,2.0,2.0,1.0,2.0
7,28,2.0,8.0,0.13297379201078796,0.37385580598984314,1.0,0.2626175987741015,11.0,5.0,11.0,2.0,1.0,0.14163623772674783,6.0,0.3765728182035103,0.2062424637252589,3.0,2.0,3.0,1.0,8.0,1.0,0.18820724575586112,1.0,0.1854845370606486,3.0,0.3528260203296699,1.0,11.0,9.0,0.13297379201078796,2.0,2.0,0.3553321425950856,13.0,9.0,3.0,12.0,4.0,4.0,0.17397788893472999,3.0,4.0,0.2094679208156216,0.13297379201078796,5.0,1.0,6.0,4.0,12.0,0.1734076165484264,2.0,0.3251887060944695,0.169481102714802,0.1370112410445593,0.13297379201078796,2.0,0.16617169182764957,0.13297379201078796,0.13565900701806932,0.14099167343235997,0.13297379201078796,1.0,0.13297379201078796,1.0,3.0,4.0,4.0,1.0,3.0,0.26304398766675396,0.18972654093944574,1.0,1.0,11.0,3.0,2.0,0.16284605444668054,2.0,1.0,2.0,1.0,1.0,6.0,0.13297379201078796,0.13297379201078796,3.0,2.0,3.0,0.32019117614958115,1.0,13.0,3.0,1.0,1.0,0.2864768804847381,0.13297379201078796,2.0,2.0,1.0,2.0
7,29,2.0,8.0,0.13297379201078796,0.37385580598984314,1.0,0.2626175987741015,11.0,5.0,11.0,2.0,1.0,0.14163623772674783,6.0,0.3765728182035103,0.2062424637252589,3.0,2.0,3.0,1.0,8.0,1.0,0.18820724575586112,1.0,0.1854845370606486,3.0,0.3528260203296699,1.0,11.0,9.0,0.13297379201078796,2.0,2.0,0.3553321425950856,13.0,9.0,3.0,12.0,4.0,4.0,0.17397788893472999,3.0,4.0,0.2094679208156216,0.13297379201078796,5.0,1.0,6.0,4.0,12.0,0.1734076165484264,2.0,0.3251887060944695,0.169481102714802,0.1370112410445593,0.13297379201078796,2.0,0.16617169182764957,0.13297379201078796,0.13565900701806932,0.14099167343235997,0.13297379201078796,1.0,0.13297379201078796,1.0,3.0,4.0,4.0,1.0,3.0,0.26304398766675396,0.18972654093944574,1.0,1.0,11.0,3.0,2.0,0.16284605444668054,2.0,1.0,2.0,1.0,1.0,6.0,0.13297379201078796,0.13297379201078796,3.0,2.0,3.0,0.32019117614958115,1.0,13.0,3.0,1.0,1.0,0.2864768804847381,0.13297379201078796,2.0,2.0,1.0,2.0
7,30,2.0,8.0,0.13297379201078796,0.37385580598984314,1.0,0.2626175987741015,11.0,5.0,11.0,2.0,1.0,0.14163623772674783,6.0,0.3765728182035103,0.2062424637252589,3.0,2.0,3.0,1.0,8.0,1.0,0.18820724575586112,1.0,0.1854845370606486,3.0,0.3528260203296699,1.0,11.0,9.0,0.13297379201078796,2.0,2.0,0.3553321425950856,13.0,9.0,3.0,12.0,4.0,4.0,0.17397788893472999,3.0,4.0,0.2094679208156216,0.13297379201078796,5.0,1.0,6.0,4.0,12.0,0.1734076165484264,2.0,0.3251887060944695,0.169481102714802,0.1370112410445593,0.13297379201078796,2.0,0.16617169182764957,0.13297379201078796,0.13565900701806932,0.14099167343235997,0.13297379201078796,1.0,0.13297379201078796,1.0,3.0,4.0,4.0,1.0,3.0,0.26304398766675396,0.18972654093944574,1.0,1.0,11.0,3.0,2.0,0.16284605444668054,2.0,1.0,2.0,1.0,1.0,6.0,0.13297379201078796,0.13297379201078796,3.0,2.0,3.0,0.32019117614958115,1.0,13.0,3.0,1.0,1.0,0.2864768804847381,0.13297379201078796,2.0,2.0,1.0,2.0
7,31,2.0,8.0,0.13297379201078796,0.37385580598984314,1.0,0.2626175987741015,11.0,5.0,11.0,2.0,1.0,0.14163623772674783,6.0,0.3765728182035103,0.2062424637252589,3.0,2.0,3.0,1.0,8.0,1.0,0.18820724575586112,1.0,0.1854845370606486,3.0,0.3528260203296699,1.0,11.0,9.0,0.13297379201078796,2.0,2.0,0.3553321425950856,13.0,9.0,3.0,12.0,4.0,4.0,0.17397788893472999,3.0,4.0,0.2094679208156216,0.13297379201078796,5.0,1.0,6.0,4.0,12.0,0.1734076165484264,2.0,0.3251887060944695,0.169481102714802,0.1370112410445593,0.13297379201078796,2.0,0.16617169182764957,0.13297379201078796,0.13565900701806932,0.14099167343235997,0.13297379201078796,1.0,0.13297379201078796,1.0,3.0,4.0,4.0,1.0,3.0,0.26304398766675396,0.18972654093944574,1.0,1.0,11.0,3.0,2.0,0.16284605444668054,2.0,1.0,2.0,1.0,1.0,6.0,0.13297379201078796,0.13297379201078796,3.0,2.0,3.0,0.32019117614958115,1.0,13.0,3.0,1.0,1.0,0.2864768804847381,0.13297379201078796,2.0,2.0,1.0,2.0
7,32,2.0,8.0,0.13297379201078796,0.37385580598984314,1.0,0.2626175987741015,11.0,5.0,11.0,2.0,1.0,0.14163623772674783,6.0,0.3765728182035103,0.2062424637252589,3.0,2.0,3.0,1.0,8.0,1.0,0.18820724575586112,1.0,0.1854845370606486,3.0,0.3528260203296699,1.0,11.0,9.0,0.13297379201078796,2.0,2.0,0.3553321425950856,13.0,9.0,3.0,12.0,4.0,4.0,0.17397788893472999,3.0,4.0,0.2094679208156216,0.13297379201078796,5.0,1.0,6.0,4.0,12.0,0.1734076165484264,2.0,0.3251887060944695,0.169481102714802,0.1370112410445593,0.13297379201078796,2.0,0.16617169182764957,0.13297379201078796,0.13565900701806932,0.14099167343235997,0.13297379201078796,1.0,0.13297379201078796,1.0,3.0,4.0,4.0,1.0,3.0,0.26304398766675396,0.18972654093944574,1.0,1.0,11.0,3.0,2.0,0.16284605444668054,2.0,1.0,2.0,1.0,1.0,6.0,0.13297379201078796,0.13297379201078796,3.0,2.0,3.0,0.32019117614958115,1.0,13.0,3.0,1.0,1.0,0.2864768804847381,0.13297379201078796,2.0,2.0,1.0,2.0
7,33,2.0,8.0,0.13297379201078796,0.37385580598984314,1.0,0.2626175987741015,11.0,5.0,11.0,2.0,1.0,0.14163623772674783,6.0,0.3765728182035103,0.2062424637252589,3.0,2.0,3.0,1.0,8.0,1.0,0.18820724575586112,1.0,0.1854845370606486,3.0,0.3528260203296699,1.0,11.0,9.0,0.13297379201078796,2.0,2.0,0.3553321425950856,13.0,9.0,3.0,12.0,4.0,4.0,0.17397788893472999,3.0,4.0,0.2094679208156216,0.13297379201078796,5.0,1.0,6.0,4.0,12.0,0.1734076165484264,2.0,0.3251887060944695,0.169481102714802,0.1370112410445593,0.13297379201078796,2.0,0.16617169182764957,0.13297379201078796,0.13565900701806932,0.14099167343235997,0.13297379201078796,1.0,0.13297379201078796,1.0,3.0,4.0,4.0,1.0,3.0,0.26304398766675396,0.18972654093944574,1.0,1.0,11.0,3.0,2.0,0.16284605444668054,2.0,1.0,2.0,1.0,1.0,6.0,0.13297379201078796,0.13297379201078796,3.0,2.0,3.0,0.32019117614958115,1.0,13.0,3.0,1.0,1.0,0.2864768804847381,0.13297379201078796,2.0,2.0,1.0,2.0
7,34,2.0,8.0,0.13297379201078796,0.37385580598984314,1.0,0.2626175987741015,11.0,5.0,11.0,2.0,1.0,0.14163623772674783,6.0,0.3765728182035103,0.2062424637252589,3.0,2.0,3.0,1.0,8.0,1.0,0.18820724575586112,1.0,0.1854845370606486,3.0,0.3528260203296699,1.0,11.0,9.0,0.13297379201078796,2.0,2.0,0.3553321425950856,13.0,9.0,3.0,12.0,4.0,4.0,0.17397788893472999,3.0,4.0,0.2094679208156216,0.13297379201078796,5.0,1.0,6.0,4.0,12.0,0.1734076165484264,2.0,0.3251887060944695,0.169481102714802,0.1370112410445593,0.13297379201078796,2.0,0.16617169182764957,0.13297379201078796,0.13565900701806932,0.14099167343235997,0.13297379201078796,1.0,0.13297379201078796,1.0,3.0,4.0,4.0,1.0,3.0,0.26304398766675396,0.18972654093944574,1.0,1.0,11.0,3.0,2.0,0.16284605444668054,2.0,1.0,2.0,1.0,1.0,6.0,0.13297379201078796,0.13297379201078796,3.0,2.0,3.0,0.32019117614958115,1.0,13.0,3.0,1.0,1.0,0.2864768804847381,0.13297379201078796,2.0,2.0,1.0,2.0
7,35,2.0,8.0,0.13297379201078796,0.37385580598984314,1.0,0.2626175987741015,11.0,5.0,11.0,2.0,1.0,0.14163623772674783,6.0,0.3765728182035103,0.2062424637252589,3.0,2.0,3.0,1.0,8.0,1.0,0.18820724575586112,1.0,0.1854845370606486,3.0,0.3528260203296699,1.0,11.0,9.0,0.13297379201078796,2.0,2.0,0.3553321425950856,13.0,9.0,3.0,12.0,4.0,4.0,0.17397788893472999,3.0,4.0,0.2094679208156216,0.13297379201078796,5.0,1.0,6.0,4.0,12.0,0.1734076165484264,2.0,0.3251887060944695,0.169481102714802,0.1370112410445593,0.13297379201078796,2.0,0.16617169182764957,0.13297379201078796,0.13565900701806932,0.14099167343235997,0.13297379201078796,1.0,0.13297379201078796,1.0,3.0,4.0,4.0,1.0,3.0,0.26304398766675396,0.18972654093944574,1.0,1.0,11.0,3.0,2.0,0.16284605444668054,2.0,1.0,2.0,1.0,1.0,6.0,0.13297379201078796,0.13297379201078796,3.0,2.0,3.0,0.32019117614958115,1.0,13.0,3.0,1.0,1.0,0.2864768804847381,0.13297379201078796,2.0,2.0,1.0,2.0
7,36,2.0,8.0,0.13297379201078796,0.37385580598984314,1.0,0.2626175987741015,11.0,5.0,11.0,2.0,1.0,0.14163623772674783,6.0,0.3765728182035103,0.2062424637252589,3.0,2.0,3.0,1.0,8.0,1.0,0.18820724575586112,1.0,0.1854845370606486,3.0,0.3528260203296699,1.0,11.0,9.0,0.13297379201078796,2.0,2.0,0.3553321425950856,13.0,9.0,3.0,12.0,4.0,4.0,0.17397788893472999,3.0,4.0,0.2094679208156216,0.13297379201078796,5.0,1.0,6.0,4.0,12.0,0.1734076165484264,2.0,0.3251887060944695,0.169481102714802,0.1370112410445593,0.13297379201078796,2.0,0.16617169182764957,0.13297379201078796,0.13565900701806932,0.14099167343235997,0.13297379201078796,1.0,0.13297379201078796,1.0,3.0,4.0,4.0,1.0,3.0,0.26304398766675396,0.18972654093944574,1.0,1.0,11.0,3.0,2.0,0.16284605444668054,2.0,1.0,2.0,1.0,1.0,6.0,0.13297379201078796,0.13297379201078796,3.0,2.0,3.0,0.32019117614958115,1.0,13.0,3.0,1.0,1.0,0.2864768804847381,0.13297379201078796,2.0,2.0,1.0,2.0
7,37,2.0,8.0,0.13297379201078796,0.37385580598984314,1.0,0.2626175987741015,11.0,5.0,11.0,2.0,1.0,0.14163623772674783,6.0,0.3765728182035103,0.2062424637252589,3.0,2.0,3.0,1.0,8.0,1.0,0.18820724575586112,1.0,0.1854845370606486,3.0,0.3528260203296699,1.0,11.0,9.0,0.13297379201078796,2.0,2.0,0.3553321425950856,13.0,9.0,3.0,12.0,4.0,4.0,0.17397788893472999,3.0,4.0,0.2094679208156216,0.13297379201078796,5.0,1.0,6.0,4.0,12.0,0.1734076165484264,2.0,0.3251887060944695,0.169481102714802,0.1370112410445593,0.13297379201078796,2.0,0.16617169182764957,0.13297379201078796,0.13565900701806932,0.14099167343235997,0.13297379201078796,1.0,0.13297379201078796,1.0,3.0,4.0,4.0,1.0,3.0,0.26304398766675396,0.18972654093944574,1.0,1.0,11.0,3.0,2.0,0.16284605444668054,2.0,1.0,2.0,1.0,1.0,6.0,0.13297379201078796,0.13297379201078796,3.0,2.0,3.0,0.32019117614958115,1.0,13.0,3.0,1.0,1.0,0.2864768804847381,0.13297379201078796,2.0,2.0,1.0,2.0
7,38,2.0,8.0,0.13297379201078796,0.37385580598984314,1.0,0.2626175987741015,11.0,5.0,11.0,2.0,1.0,0.14163623772674783,6.0,0.3765728182035103,0.2062424637252589,3.0,2.0,3.0,1.0,8.0,1.0,0.18820724575586112,1.0,0.1854845370606486,3.0,0.3528260203296699,1.0,11.0,9.0,0.13297379201078796,2.0,2.0,0.3553321425950856,13.0,9.0,3.0,12.0,4.0,4.0,0.17397788893472999,3.0,4.0,0.2094679208156216,0.13297379201078796,5.0,1.0,6.0,4.0,12.0,0.1734076165484264,2.0,0.3251887060944695,0.169481102714802,0.1370112410445593,0.13297379201078796,2.0,0.16617169182764957,0.13297379201078796,0.13565900701806932,0.14099167343235997,0.13297379201078796,1.0,0.13297379201078796,1.0,3.0,4.0,4.0,1.0,3.0,0.26304398766675396,0.18972654093944574,1.0,1.0,11.0,3.0,2.0,0.16284605444668054,2.0,1.0,2.0,1.0,1.0,6.0,0.13297379201078796,0.13297379201078796,3.0,2.0,3.0,0.32019117614958115,1.0,13.0,3.0,1.0,1.0,0.2864768804847381,0.13297379201078796,2.0,2.0,1.0,2.0
7,39,2.0,8.0,0.13297379201078796,0.37385580598984314,1.0,0.2626175987741015,11.0,5.0,11.0,2.0,1.0,0.14163623772674783,6.0,0.3765728182035103,0.2062424637252589,3.0,2.0,3.0,1.0,8.0,1.0,0.18820724575586112,1.0,0.1854845370606486,3.0,0.3528260203296699,1.0,11.0,9.0,0.13297379201078796,2.0,2.0,0.3553321425950856,13.0,9.0,3.0,12.0,4.0,4.0,0.17397788893472999,3.0,4.0,0.2094679208156216,0.13297379201078796,5.0,1.0,6.0,4.0,12.0,0.1734076165484264,2.0,0.3251887060944695,0.169481102714802,0.1370112410445593,0.13297379201078796,2.0,0.16617169182764957,0.13297379201078796,0.13565900701806932,0.14099167343235997,0.13297379201078796,1.0,0.13297379201078796,1.0,3.0,4.0,4.0,1.0,3.0,0.26304398766675396,0.18972654093944574,1.0,1.0,11.0,3.0,2.0,0.16284605444668054,2.0,1.0,2.0,1.0,1.0,6.0,0.13297379201078796,0.13297379201078796,3.0,2.0,3.0,0.32019117614958115,1.0,13.0,3.0,1.0,1.0,0.2864768804847381,0.13297379201078796,2.0,2.0,1.0,2.0
8,0,0.4162592873633021,1.0,2.0,3.0,3.0,1.0,2.0,2.0,0.20447422082502698,11.0,0.18820724575586112,0.17986639187315978,0.16136779532363288,0.13297379201078796,0.187793439151141,11.0,2.0,1.0,3.0,4.0,2.0,0.3304124764294619,10.0,0.24541882234062795,0.204424758360772,0.3553321425950856,3.0,3.0,0.4451339117640043,0.28812481949131385,9.0,0.2626175987741015,0.1977835618122482,0.14163623772674783,0.6648668622962692,2.0,0.3765728182035103,1.0,0.13297379201078796,1.0,3.0,2.0,2.0,0.23938001835437162,2.0,2.0,0.14739218356479844,12.0,1.0,0.2699798438763664,7.0,7.0,3.0,3.0,2.0,1.0,0.13297379201078796,1.0,9.0,0.15037835430614432,1.0,0.13931688582878143,2.0,0.13297379201078796,1.0,3.0,1.0,0.16312584454832513,2.0,0.133337874544189,0.3171069482589258,3.0,6.0,0.13297379201078796,1.0,3.0,2.0,11.0,6.0,3.0,2.0,7.0,0.4861947399725707,0.24368171233767288,0.13297379201078796,0.20195192863189537,1.0,1.0,3.0,0.43759600606688265,0.3934273742898783,3.0,0.17053635506045883,0.3025261251203757,0.2627170246038484,0.1407117654929405,4.0,3.0,0.4545090556826745,0.18718572494199504
8,1,0.4162592873633021,1.0,2.0,3.0,3.0,6.0,3.0,2.0,0.20447422082502698,11.0,0.18820724575586112,0.17986639187315978,1.0,0.13297379201078796,0.187793439151141,0.14859820349023545,5.0,1.0,7.0,0.15043761063072048,6.0,0.3304124764294619,10.0,0.24541882234062795,0.204424758360772,0.3553321425950856,3.0,3.0,0.4451339117640043,0.28812481949131385,9.0,0.2626175987741015,0.1977835618122482,0.14163623772674783,0.6648668622962692,2.0,0.3765728182035103,1.0,0.13297379201078796,1.0,3.0,2.0,2.0,0.23938001835437162,2.0,2.0,0.14739218356479844,12.0,1.0,0.2699798438763664,7.0,7.0,3.0,3.0,2.0,1.0,0.21852084320725862,1.0,2.0,4.0,6.0,0.13931688582878143,2.0,0.13297379201078796,1.0,3.0,1.0,0.16312584454832513,2.0,0.133337874544189,0.3171069482589258,3.0,6.0,0.13297379201078796,1.0,3.0,2.0,0.13297379201078796,0.42087323124106024,0.13297379201078796,10.0,7.0,0.4861947399725707,0.24368171233767288,0.13297379201078796,0.20195192863189537,1.0,1.0,3.0,3.0,0.40742659186914765,3.0,0.17053635506045883,0.3025261251203757,0.2627170246038484,3.0,4.0,3.0,0.33287152597075,0.153388755053393
8,2,0.4162592873633021,1.0,2.0,3.0,3.0,6.0,3.0,2.0,0.20447422082502698,11.0,0.18820724575586112,0.17986639187315978,1.0,0.13297379201078796,0.187793439151141,0.14859820349023545,5.0,1.0,7.0,0.15043761063072048,6.0,0.3304124764294619,10.0,0.24541882234062795,0.204424758360772,0.3553321425950856,3.0,3.0,0.4451339117640043,0.28812481949131385,9.0,0.2626175987741015,0.1977835618122482,0.14163623772674783,0.6648668622962692,2.0,0.3765728182035103,1.0,0.13297379201078796,0.17963627548154726,8.0,2.0,2.0,0.23938001835437162,2.0,2.0,0.14739218356479844,5.0,2.0,0.2699798438763664,7.0,7.0,3.0,3.0,2.0,1.0,0.21852084320725862,1.0,2.0,4.0,6.0,0.13931688582878143,2.0,0.13297379201078796,1.0,3.0,1.0,0.16312584454832513,2.0,0.133337874544189,4.0,3.0,6.0,5.0,6.0,3.0,2.0,0.13297379201078796,0.42087323124106024,0.13297379201078796,10.0,7.0,0.4861947399725707,0.24368171233767288,0.13297379201078796,0.20140514938287934,1.0,1.0,3.0,3.0,0.40742659186914765,3.0,0.17053635506045883,0.15312104437522556,0.155117478802266,3.0,4.0,5.0,0.33287152597075,0.1810951427801064
8,3,0.4162592873633021,1.0,2.0,0.13297379201078796,3.0,6.0,3.0,2.0,0.20447422082502698,11.0,0.18820724575586112,0.17986639187315978,1.0,0.13297379201078796,0.187793439151141,0.14859820349023545,5.0,1.0,7.0,0.15043761063072048,6.0,0.3304124764294619,10.0,0.24541882234062795,0.204424758360772,0.3553321425950856,3.0,3.0,0.4451339117640043,0.28812481949131385,9.0,0.2626175987741015,0.1977835618122482,0.14163623772674783,0.6648668622962692,2.0,0.3765728182035103,1.0,0.13297379201078796,5.0,8.0,2.0,2.0,0.23938001835437162,2.0,2.0,0.14739218356479844,5.0,2.0,0.2379477756696441,3.0,7.0,0.13559965467789925,3.0,2.0,1.0,0.21852084320725862,1.0,2.0,4.0,6.0,0.13931688582878143,2.0,0.13297379201078796,1.0,3.0,1.0,0.16312584454832513,2.0,0.13661739149642615,2.0,3.0,6.0,5.0,6.0,3.0,2.0,0.13297379201078796,0.42087323124106024,0.13297379201078796,10.0,7.0,0.4861947399725707,0.24368171233767288,0.13297379201078796,0.14391902373125887,1.0,1.0,1.0,3.0,0.40742659186914765,3.0,0.17053635506045883,4.0,0.13297379201078796,3.0,4.0,2.0,0.33287152597075,0.2570965214687705
8,4,0.4162592873633021,1.0,2.0,0.13297379201078796,7.0,6.0,3.0,2.0,0.20447422082502698,11.0,0.18820724575586112,0.17986639187315978,1.0,0.13297379201078796,0.187793439151141,0.14859820349023545,5.0,1.0,7.0,0.15043761063072048,6.0,0.3304124764294619,10.0,0.24541882234062795,0.204424758360772,0.3553321425950856,3.0,3.0,0.4451339117640043,0.28812481949131385,9.0,0.2626175987741015,0.1977835618122482,0.14163623772674783,0.6648668622962692,2.0,0.3765728182035103,1.0,0.13297379201078796,5.0,8.0,2.0,2.0,0.23938001835437162,2.0,2.0,0.14739218356479844,5.0,2.0,0.2379477756696441,3.0,7.0,0.13297379201078796,3.0,2.0,1.0,0.21852084320725862,1.0,2.0,4.0,6.0,0.13931688582878143,2.0,0.13297379201078796,1.0,3.0,1.0,0.16312584454832513,2.0,0.13297379201078796,3.0,3.0,6.0,5.0,6.0,3.0,11.0,0.13297379201078796,0.42087323124106024,0.13297379201078796,10.0,7.0,0.4861947399725707,0.24368171233767288,0.13297379201078796,0.13297379201078796,1.0,1.0,1.0,3.0,0.40742659186914765,3.0,0.17053635506045883,5.0,0.13297379201078796,3.0,4.0,2.0,0.2742904276343229,0.13297379201078796
8,5,0.4162592873633021,1.0,2.0,0.13297379201078796,7.0,6.0,3.0,2.0,0.20447422082502698,11.0,0.18820724575586112,0.17986639187315978,1.0,0.13297379201078796,0.187793439151141,0.14859820349023545,5.0,1.0,7.0,0.15043761063072048,6.0,0.3304124764294619,10.0,0.24541882234062795,0.204424758360772,0.3553321425950856,3.0,3.0,0.4451339117640043,0.28812481949131385,9.0,0.2626175987741015,0.1977835618122482,1.0,0.6648668622962692,2.0,0.3765728182035103,1.0,0.13297379201078796,5.0,8.0,2.0,2.0,0.23938001835437162,2.0,2.0,0.14739218356479844,5.0,2.0,0.2379477756696441,3.0,7.0,0.13297379201078796,3.0,2.0,1.0,0.21852084320725862,1.0,2.0,4.0,6.0,0.13931688582878143,2.0,0.13297379201078796,1.0,3.0,1.0,0.13297379201078796,2.0,0.13297379201078796,3.0,3.0,6.0,5.0,6.0,3.0,2.0,0.13297379201078796,0.42087323124106024,0.13297379201078796,10.0,7.0,0.13297379201078796,0.13297379201078796,0.13297379201078796,0.13297379201078796,1.0,1.0,1.0,3.0,0.40742659186914765,3.0,0.1389767665156758,5.0,0.13297379201078796,3.0,4.0,6.0,0.13297379201078796,0.13297379201078796
8,6,0.4162592873633021,1.0,2.0,0.13297379201078796,7.0,6.0,3.0,2.0,0.20447422082502698,11.0,0.18820724575586112,0.17986639187315978,1.0,0.13297379201078796,0.187793439151141,0.14859820349023545,5.0,1.0,7.0,0.15043761063072048,6.0,0.3304124764294619,10.0,0.24541882234062795,0.204424758360772,0.3553321425950856,3.0,3.0,0.4451339117640043,0.28812481949131385,9.0,0.2626175987741015,0.1977835618122482,1.0,0.6648668622962692,2.0,0.3765728182035103,1.0,1.0,5.0,8.0,2.0,2.0,0.23938001835437162,2.0,2.0,0.14739218356479844,5.0,2.0,0.2379477756696441,3.0,7.0,0.13297379201078796,3.0,2.0,1.0,0.21852084320725862,1.0,2.0,4.0,6.0,0.13931688582878143,2.0,0.13297379201078796,1.0,3.0,1.0,0.13297379201078796,2.0,0.13297379201078796,3.0,3.0,6.0,5.0,6.0,3.0,2.0,0.13297379201078796,0.42087323124106024,0.13297379201078796,10.0,7.0,0.13297379201078796,0.13297379201078796,0.13297379201078796,0.13297379201078796,1.0,1.0,1.0,3.0,0.40742659186914765,3.0,0.1389767665156758,5.0,0.13297379201078796,3.0,4.0,5.0,0.13297379201078796,0.14015337384953974
8,7,0.4162592873633021,1.0,2.0,0.13297379201078796,7.0,6.0,3.0,2.0,0.20447422082502698,11.0,0.18820724575586112,0.17986639187315978,1.0,0.13297379201078796,0.187793439151141,0.14859820349023545,5.0,1.0,7.0,0.15043761063072048,6.0,0.3304124764294619,10.0,0.24541882234062795,0.204424758360772,0.3553321425950856,3.0,3.0,0.4451339117640043,0.28812481949131385,9.0,0.2626175987741015,0.1977835618122482,1.0,0.6648668622962692,2.0,0.3765728182035103,1.0,1.0,5.0,8.0,2.0,2.0,0.23938001835437162,2.0,2.0,0.14739218356479844,5.0,2.0,0.2379477756696441,3.0,7.0,0.13297379201078796,3.0,2.0,1.0,0.21852084320725862,1.0,2.0,4.0,6.0,0.13931688582878143,2.0,0.13297379201078796,1.0,3.0,1.0,0.13297379201078796,2.0,0.13297379201078796,3.0,1.0,6.0,5.0,6.0,3.0,2.0,0.13297379201078796,0.42087323124106024,0.13297379201078796,10.0,7.0,0.13297379201078796,0.13297379201078796,0.13297379201078796,0.13297379201078796,1.0,1.0,1.0,3.0,0.40742659186914765,3.0,0.1389767665156758,5.0,0.13297379201078796,3.0,4.0,5.0,0.13297379201078796,0.13297379201078796
8,8,0.4162592873633021,1.0,2.0,0.13297379201078796,7.0,6.0,3.0,2.0,0.20447422082502698,11.0,0.18820724575586112,0.17986639187315978,1.0,0.13297379201078796,0.187793439151141,2.0,5.0,1.0,7.0,0.15043761063072048,6.0,0.3304124764294619,10.0,0.24541882234062795,0.204424758360772,0.3553321425950856,3.0,3.0,0.4451339117640043,0.28812481949131385,9.0,0.2626175987741015,0.1977835618122482,1.0,0.6648668622962692,2.0,0.3765728182035103,1.0,1.0,5.0,8.0,2.0,2.0,0.23938001835437162,2.0,2.0,0.14739218356479844,5.0,2.0,0.2379477756696441,3.0,7.0,0.13297379201078796,3.0,2.0,1.0,0.21852084320725862,1.0,2.0,4.0,6.0,0.13931688582878143,2.0,0.13297379201078796,1.0,3.0,1.0,0.13297379201078796,2.0,0.13297379201078796,3.0,1.0,6.0,5.0,6.0,3.0,2.0,0.13297379201078796,0.42087323124106024,0.13297379201078796,10.0,7.0,0.13297379201078796,0.13297379201078796,0.13297379201078796,0.13297379201078796,1.0,1.0,1.0,3.0,0.13297379201078796,3.0,0.1389767665156758,5.0,0.13297379201078796,3.0,4.0,5.0,0.17151034211020055,0.13297379201078796
8,9,0.4162592873633021,1.0,2.0,0.13297379201078796,7.0,6.0,3.0,2.0,0.20447422082502698,11.0,0.18820724575586112,0.17986639187315978,1.0,0.13297379201078796,0.187793439151141,2.0,5.0,1.0,7.0,0.15043761063072048,6.0,0.3304124764294619,10.0,0.24541882234062795,0.204424758360772,0.3553321425950856,3.0,3.0,0.4451339117640043,0.28812481949131385,9.0,0.2626175987741015,0.1977835618122482,1.0,0.6648668622962692,2.0,0.3765728182035103,1.0,1.0,5.0,8.0,2.0,2.0,0.23938001835437162,2.0,2.0,0.14739218356479844,5.0,2.0,0.2379477756696441,3.0,7.0,0.13297379201078796,3.0,2.0,1.0,0.21852084320725862,1.0,2.0,4.0,6.0,0.13931688582878143,2.0,0.13297379201078796,1.0,3.0,1.0,0.13297379201078796,2.0,0.13297379201078796,3.0,1.0,6.0,5.0,6.0,3.0,2.0,0.13297379201078796,0.42087323124106024,0.13297379201078796,10.0,7.0,0.13297379201078796,0.13297379201078796,0.13297379201078796,0.13297379201078796,1.0,1.0,1.0,3.0,0.13297379201078796,3.0,0.1389767665156758,5.0,0.13297379201078796,3.0,4.0,5.0,0.17151034211020055,0.13297379201078796
8,10,0.4162592873633021,1.0,2.0,0.13297379201078796,7.0,6.0,3.0,2.0,0.20447422082502698,11.0,0.18820724575586112,0.17986639187315978,1.0,0.13297379201078796,0.187793439151141,2.0,5.0,1.0,7.0,0.15043761063072048,6.0,0.3304124764294619,10.0,0.24541882234062795,0.204424758360772,0.3553321425950856,3.0,3.0,0.4451339117640043,0.28812481949131385,9.0,0.2626175987741015,0.1977835618122482,1.0,0.6648668622962692,2.0,0.3765728182035103,1.0,1.0,5.0,8.0,2.0,2.0,0.23938001835437162,2.0,2.0,0.14739218356479844,5.0,2.0,0.2379477756696441,3.0,7.0,0.13297379201078796,3.0,2.0,1.0,0.21852084320725862,1.0,2.0,4.0,6.0,0.13931688582878143,2.0,0.13297379201078796,1.0,3.0,1.0,0.13297379201078796,2.0,0.13297379201078796,3.0,1.0,6.0,5.0,6.0,3.0,2.0,0.13297379201078796,0.42087323124106024,0.13297379201078796,10.0,7.0,0.13297379201078796,0.13297379201078796,0.13297379201078796,0.13297379201078796,1.0,1.0,1.0,3.0,0.13297379201078796,3.0,0.1389767665156758,5.0,0.13297379201078796,3.0,4.0,5.0,0.17151034211020055,0.13297379201078796
8,11,0.4162592873633021,1.0,2.0,0.13297379201078796,7.0,6.0,3.0,2.0,0.20447422082502698,11.0,0.18820724575586112,0.17986639187315978,1.0,0.13297379201078796,0.187793439151141,2.0,5.0,1.0,7.0,0.15043761063072048,6.0,0.3304124764294619,10.0,0.24541882234062795,0.204424758360772,0.3553321425950856,3.0,3.0,0.4451339117640043,0.28812481949131385,9.0,0.2626175987741015,0.1977835618122482,1.0,0.6648668622962692,2.0,0.3765728182035103,1.0,1.0,5.0,8.0,2.0,2.0,0.23938001835437162,2.0,2.0,0.14739218356479844,5.0,2.0,0.2379477756696441,3.0,7.0,0.13297379201078796,3.0,2.0,1.0,0.21852084320725862,1.0,2.0,4.0,6.0,0.13931688582878143,2.0,0.13297379201078796,1.0,3.0,1.0,0.13297379201078796,2.0,0.13297379201078796,3.0,1.0,6.0,5.0,6.0,3.0,2.0,0.13297379201078796,0.42087323124106024,0.13297379201078796,10.0,7.0,0.13297379201078796,0.13297379201078796,0.13297379201078796,0.13297379201078796,1.0,1.0,1.0,3.0,0.13297379201078796,3.0,0.1389767665156758,5.0,0.13297379201078796,3.0,4.0,5.0,0.17151034211020055,0.13297379201078796
8,12,0.4162592873633021,1.0,2.0,0.13297379201078796,7.0,6.0,3.0,2.0,0.20447422082502698,11.0,0.18820724575586112,0.17986639187315978,1.0,0.13297379201078796,0.187793439151141,2.0,5.0,1.0,7.0,0.15043761063072048,6.0,0.3304124764294619,10.0,0.24541882234062795,0.204424758360772,0.3553321425950856,3.0,3.0,0.4451339117640043,0.28812481949131385,9.0,0.2626175987741015,0.1977835618122482,1.0,0.6648668622962692,2.0,0.3765728182035103,1.0,1.0,5.0,8.0,2.0,2.0,0.23938001835437162,2.0,2.0,0.14739218356479844,5.0,2.0,0.2379477756696441,3.0,7.0,0.13297379201078796,3.0,2.0,1.0,0.21852084320725862,1.0,2.0,4.0,6.0,0.13931688582878143,2.0,0.13297379201078796,1.0,3.0,1.0,0.13297379201078796,2.0,0.13297379201078796,3.0,1.0,6.0,5.0,6.0,3.0,2.0,0.13297379201078796,0.42087323124106024,0.13297379201078796,10.0,7.0,0.13297379201078796,0.13297379201078796,0.13297379201078796,0.13297379201078796,1.0,1.0,1.0,3.0,0.13297379201078796,3.0,0.1389767665156758,5.0,0.13297379201078796,3.0,4.0,5.0,0.17151034211020055,0.13297379201078796
8,13,0.4162592873633021,1.0,2.0,0.13297379201078796,7.0,6.0,3.0,2.0,0.20447422082502698,11.0,0.18820724575586112,0.17986639187315978,1.0,0.13297379201078796,0.187793439151141,2.0,5.0,1.0,7.0,0.15043761063072048,6.0,0.3304124764294619,10.0,0.24541882234062795,0.204424758360772,0.3553321425950856,3.0,3.0,0.4451339117640043,0.28812481949131385,9.0,0.2626175987741015,0.1977835618122482,1.0,0.6648668622962692,2.0,0.3765728182035103,1.0,1.0,5.0,8.0,2.0,2.0,0.23938001835437162,2.0,2.0,0.14739218356479844,5.0,2.0,0.2379477756696441,3.0,7.0,0.13297379201078796,3.0,2.0,1.0,0.21852084320725862,1.0,2.0,4.0,6.0,0.13931688582878143,2.0,0.13297379201078796,1.0,3.0,1.0,0.13297379201078796,2.0,0.13297379201078796,3.0,1.0,6.0,5.0,6.0,3.0,2.0,0.13297379201078796,0.42087323124106024,0.13297379201078796,10.0,7.0,0.13297379201078796,0.13297379201078796,0.13297379201078796,0.13297379201078796,1.0,1.0,1.0,3.0,0.13297379201078796,3.0,0.1389767665156758,5.0,0.13297379201078796,3.0,4.0,5.0,0.17151034211020055,0.13297379201078796
8,14,0.4162592873633021,1.0,2.0,0.13297379201078796,7.0,6.0,3.0,2.0,0.20447422082502698,11.0,0.18820724575586112,0.17986639187315978,1.0,0.13297379201078796,0.187793439151141,2.0,5.0,1.0,7.0,0.15043761063072048,6.0,0.3304124764294619,10.0,0.24541882234062795,0.204424758360772,0.3553321425950856,3.0,3.0,0.4451339117640043,0.28812481949131385,9.0,0.2626175987741015,0.1977835618122482,1.0,0.6648668622962692,2.0,0.3765728182035103,1.0,1.0,5.0,8.0,2.0,2.0,0.23938001835437162,2.0,2.0,0.14739218356479844,5.0,2.0,0.2379477756696441,3.0,7.0,0.13297379201078796,3.0,2.0,1.0,0.21852084320725862,1.0,2.0,4.0,6.0,0.13931688582878143,2.0,0.13297379201078796,1.0,3.0,1.0,0.13297379201078796,2.0,0.13297379201078796,3.0,1.0,6.0,5.0,6.0,3.0,2.0,0.13297379201078796,0.42087323124106024,0.13297379201078796,10.0,7.0,0.13297379201078796,0.13297379201078796,0.13297379201078796,0.13297379201078796,1.0,1.0,1.0,3.0,0.13297379201078796,3.0,0.1389767665156758,5.0,0.13297379201078796,3.0,4.0,5.0,0.17151034211020055,0.13297379201078796
8,15,0.4162592873633021,1.0,2.0,0.13297379201078796,7.0,6.0,3.0,2.0,0.20447422082502698,11.0,0.18820724575586112,0.17986639187315978,1.0,0.13297379201078796,0.187793439151141,2.0,5.0,1.0,7.0,0.15043761063072048,6.0,0.3304124764294619,10.0,0.24541882234062795,0.204424758360772,0.3553321425950856,3.0,3.0,0.4451339117640043,0.28812481949131385,9.0,0.2626175987741015,0.1977835618122482,1.0,0.6648668622962692,2.0,0.3765728182035103,1.0,1.0,5.0,8.0,2.0,2.0,0.23938001835437162,2.0,2.0,0.14739218356479844,5.0,2.0,0.2379477756696441,3.0,7.0,0.13297379201078796,3.0,2.0,1.0,0.21852084320725862,1.0,2.0,4.0,6.0,0.13931688582878143,2.0,0.13297379201078796,1.0,3.0,1.0,0.13297379201078796,2.0,0.13297379201078796,3.0,1.0,6.0,5.0,6.0,3.0,2.0,0.13297379201078796,0.42087323124106024,0.13297379201078796,10.0,7.0,0.13297379201078796,0.13297379201078796,0.13297379201078796,0.13297379201078796,1.0,1.0,1.0,3.0,0.13297379201078796,3.0,0.1389767665156758,5.0,0.13297379201078796,3.0,4.0,5.0,0.17151034211020055,0.13297379201078796
8,16,0.4162592873633021,1.0,2.0,0.13297379201078796,7.0,6.0,3.0,2.0,0.20447422082502698,11.0,0.18820724575586112,0.17986639187315978,1.0,0.13297379201078796,0.187793439151141,2.0,5.0,1.0,7.0,0.15043761063072048,6.0,0.3304124764294619,10.0,0.24541882234062795,0.204424758360772,0.3553321425950856,3.0,3.0,0.4451339117640043,0.28812481949131385,9.0,0.2626175987741015,0.1977835618122482,1.0,0.6648668622962692,2.0,0.3765728182035103,1.0,1.0,5.0,8.0,2.0,2.0,0.23938001835437162,2.0,2.0,0.14739218356479844,5.0,2.0,0.2379477756696441,3.0,7.0,0.13297379201078796,3.0,2.0,1.0,0.21852084320725862,1.0,2.0,4.0,6.0,0.13931688582878143,2.0,0.13297379201078796,1.0,3.0,1.0,0.13297379201078796,2.0,0.13297379201078796,3.0,1.0,6.0,5.0,6.0,3.0,2.0,0.13297379201078796,0.42087323124106024,0.13297379201078796,10.0,7.0,0.13297379201078796,0.13297379201078796,0.13297379201078796,0.13297379201078796,1.0,1.0,1.0,3.0,0.13297379201078796,3.0,0.1389767665156758,5.0,0.13297379201078796,3.0,4.0,5.0,0.17151034211020055,0.13297379201078796
8,17,0.4162592873633021,1.0,2.0,0.13297379201078796,7.0,6.0,3.0,2.0,0.20447422082502698,11.0,0.18820724575586112,0.17986639187315978,1.0,0.13297379201078796,0.187793439151141,2.0,5.0,1.0,7.0,0.15043761063072048,6.0,0.3304124764294619,10.0,0.24541882234062795,0.204424758360772,0.3553321425950856,3.0,3.0,0.4451339117640043,0.28812481949131385,9.0,0.2626175987741015,0.1977835618122482,1.0,0.6648668622962692,2.0,0.3765728182035103,1.0,1.0,5.0,8.0,2.0,2.0,0.23938001835437162,2.0,2.0,0.14739218356479844,5.0,2.0,0.2379477756696441,3.0,7.0,0.13297379201078796,3.0,2.0,1.0,0.21852084320725862,1.0,2.0,4.0,6.0,0.13931688582878143,2.0,0.13297379201078796,1.0,3.0,1.0,0.13297379201078796,2.0,0.13297379201078796,3.0,1.0,6.0,5.0,6.0,3.0,2.0,0.13297379201078796,0.42087323124106024,0.13297379201078796,10.0,7.0,0.13297379201078796,0.13297379201078796,0.13297379201078796,0.13297379201078796,1.0,1.0,1.0,3.0,0.13297379201078796,3.0,0.1389767665156758,5.0,0.13297379201078796,3.0,4.0,5.0,0.17151034211020055,0.13297379201078796
8,18,0.4162592873633021,1.0,2.0,0.13297379201078796,7.0,6.0,3.0,2.0,0.20447422082502698,11.0,0.18820724575586112,0.17986639187315978,1.0,0.13297379201078796,0.187793439151141,2.0,5.0,1.0,7.0,0.15043761063072048,6.0,0.3304124764294619,10.0,0.24541882234062795,0.204424758360772,0.3553321425950856,3.0,3.0,0.4451339117640043,0.28812481949131385,9.0,0.2626175987741015,0.1977835618122482,1.0,0.6648668622962692,2.0,0.3765728182035103,1.0,1.0,5.0,8.0,2.0,2.0,0.23938001835437162,2.0,2.0,0.14739218356479844,5.0,2.0,0.2379477756696441,3.0,7.0,0.13297379201078796,3.0,2.0,1.0,0.21852084320725862,1.0,2.0,4.0,6.0,0.13931688582878143,2.0,0.13297379201078796,1.0,3.0,1.0,0.13297379201078796,2.0,0.13297379201078796,3.0,1.0,6.0,5.0,6.0,3.0,2.0,0.13297379201078796,0.42087323124106024,0.13297379201078796,10.0,7.0,0.13297379201078796,0.13297379201078796,0.13297379201078796,0.13297379201078796,1.0,1.0,1.0,3.0,0.13297379201078796,3.0,0.1389767665156758,5.0,0.13297379201078796,3.0,4.0,5.0,0.17151034211020055,0.13297379201078796
8,19,0.4162592873633021,1.0,2.0,0.13297379201078796,7.0,6.0,3.0,2.0,0.20447422082502698,11.0,0.18820724575586112,0.17986639187315978,1.0,0.13297379201078796,0.187793439151141,2.0,5.0,1.0,7.0,0.15043761063072048,6.0,0.3304124764294619,10.0,0.24541882234062795,0.204424758360772,0.3553321425950856,3.0,3.0,0.4451339117640043,0.28812481949131385,9.0,0.2626175987741015,0.1977835618122482,1.0,0.6648668622962692,2.0,0.3765728182035103,1.0,1.0,5.0,8.0,2.0,2.0,0.23938001835437162,2.0,2.0,0.14739218356479844,5.0,2.0,0.2379477756696441,3.0,7.0,0.13297379201078796,3.0,2.0,1.0,0.21852084320725862,1.0,2.0,4.0,6.0,0.13931688582878143,2.0,0.13297379201078796,1.0,3.0,1.0,0.13297379201078796,2.0,0.13297379201078796,3.0,1.0,6.0,5.0,6.0,3.0,2.0,0.13297379201078796,0.42087323124106024,0.13297379201078796,10.0,7.0,0.13297379201078796,0.13297379201078796,0.13297379201078796,0.13297379201078796,1.0,1.0,1.0,3.0,0.13297379201078796,3.0,0.1389767665156758,5.0,0.13297379201078796,3.0,4.0,5.0,0.17151034211020055,0.13297379201078796
8,20,0.4162592873633021,1.0,2.0,0.13297379201078796,7.0,6.0,3.0,2.0,0.20447422082502698,11.0,0.18820724575586112,0.17986639187315978,1.0,0.13297379201078796,0.187793439151141,2.0,5.0,1.0,7.0,0.15043761063072048,6.0,0.3304124764294619,10.0,0.24541882234062795,0.204424758360772,0.3553321425950856,3.0,3.0,0.4451339117640043,0.28812481949131385,9.0,0.2626175987741015,0.1977835618122482,1.0,0.6648668622962692,2.0,0.3765728182035103,1.0,1.0,5.0,8.0,2.0,2.0,0.23938001835437162,2.0,2.0,0.14739218356479844,5.0,2.0,0.2379477756696441,3.0,7.0,0.13297379201078796,3.0,2.0,1.0,0.21852084320725862,1.0,2.0,4.0,6.0,0.13931688582878143,2.0,0.13297379201078796,1.0,3.0,1.0,0.13297379201078796,2.0,0.13297379201078796,3.0,1.0,6.0,5.0,6.0,3.0,2.0,0.13297379201078796,0.42087323124106024,0.13297379201078796,10.0,7.0,0.13297379201078796,0.13297379201078796,0.13297379201078796,0.13297379201078796,1.0,1.0,1.0,3.0,0.13297379201078796,3.0,0.1389767665156758,5.0,0.13297379201078796,3.0,4.0,5.0,0.17151034211020055,0.13297379201078796
8,21,0.4162592873633021,1.0,2.0,0.13297379201078796,7.0,6.0,3.0,2.0,0.20447422082502698,11.0,0.18820724575586112,0.17986639187315978,1.0,0.13297379201078796,0.187793439151141,2.0,5.0,1.0,7.0,0.15043761063072048,6.0,0.3304124764294619,10.0,0.24541882234062795,0.204424758360772,0.3553321425950856,3.0,3.0,0.4451339117640043,0.28812481949131385,9.0,0.2626175987741015,0.1977835618122482,1.0,0.6648668622962692,2.0,0.3765728182035103,1.0,1.0,5.0,8.0,2.0,2.0,0.23938001835437162,2.0,2.0,0.14739218356479844,5.0,2.0,0.2379477756696441,3.0,7.0,0.13297379201078796,3.0,2.0,1.0,0.21852084320725862,1.0,2.0,4.0,6.0,0.13931688582878143,2.0,0.13297379201078796,1.0,3.0,1.0,0.13297379201078796,2.0,0.13297379201078796,3.0,1.0,6.0,5.0,6.0,3.0,2.0,0.13297379201078796,0.42087323124106024,0.13297379201078796,10.0,7.0,0.13297379201078796,0.13297379201078796,0.13297379201078796,0.13297379201078796,1.0,1.0,1.0,3.0,0.13297379201078796,3.0,0.1389767665156758,5.0,0.13297379201078796,3.0,4.0,5.0,0.17151034211020055,0.13297379201078796
8,22,0.4162592873633021,1.0,2.0,0.13297379201078796,7.0,6.0,3.0,2.0,0.20447422082502698,11.0,0.18820724575586112,0.17986639187315978,1.0,0.13297379201078796,0.187793439151141,2.0,5.0,1.0,7.0,0.15043761063072048,6.0,0.3304124764294619,10.0,0.24541882234062795,0.204424758360772,0.3553321425950856,3.0,3.0,0.4451339117640043,0.28812481949131385,9.0,0.2626175987741015,0.1977835618122482,1.0,0.6648668622962692,2.0,0.3765728182035103,1.0,1.0,5.0,8.0,2.0,2.0,0.23938001835437162,2.0,2.0,0.14739218356479844,5.0,2.0,0.2379477756696441,3.0,7.0,0.13297379201078796,3.0,2.0,1.0,0.21852084320725862,1.0,2.0,4.0,6.0,0.13931688582878143,2.0,0.13297379201078796,1.0,3.0,1.0,0.13297379201078796,2.0,0.13297379201078796,3.0,1.0,6.0,5.0,6.0,3.0,2.0,0.13297379201078796,0.42087323124106024,0.13297379201078796,10.0,7.0,0.13297379201078796,0.13297379201078796,0.13297379201078796,0.13297379201078796,1.0,1.0,1.0,3.0,0.13297379201078796,3.0,0.1389767665156758,5.0,0.13297379201078796,3.0,4.0,5.0,0.17151034211020055,0.13297379201078796
8,23,0.4162592873633021,1.0,2.0,0.13297379201078796,7.0,6.0,3.0,2.0,0.20447422082502698,11.0,0.18820724575586112,0.17986639187315978,1.0,0.13297379201078796,0.187793439151141,2.0,5.0,1.0,7.0,0.15043761063072048,6.0,0.3304124764294619,10.0,0.24541882234062795,0.204424758360772,0.3553321425950856,3.0,3.0,0.4451339117640043,0.28812481949131385,9.0,0.2626175987741015,0.1977835618122482,1.0,0.6648668622962692,2.0,0.3765728182035103,1.0,1.0,5.0,8.0,2.0,2.0,0.23938001835437162,2.0,2.0,0.14739218356479844,5.0,2.0,0.2379477756696441,3.0,7.0,0.13297379201078796,3.0,2.0,1.0,0.21852084320725862,1.0,2.0,4.0,6.0,0.13931688582878143,2.0,0.13297379201078796,1.0,3.0,1.0,0.13297379201078796,2.0,0.13297379201078796,3.0,1.0,6.0,5.0,6.0,3.0,2.0,0.13297379201078796,0.42087323124106024,0.13297379201078796,10.0,7.0,0.13297379201078796,0.13297379201078796,0.13297379201078796,0.13297379201078796,1.0,1.0,1.0,3.0,0.13297379201078796,3.0,0.1389767665156758,5.0,0.13297379201078796,3.0,4.0,5.0,0.17151034211020055,0.13297379201078796
8,24,0.4162592873633021,1.0,2.0,0.13297379201078796,7.0,6.0,3.0,2.0,0.20447422082502698,11.0,0.18820724575586112,0.17986639187315978,1.0,0.13297379201078796,0.187793439151141,2.0,5.0,1.0,7.0,0.15043761063072048,6.0,0.3304124764294619,10.0,0.24541882234062795,0.204424758360772,0.3553321425950856,3.0,3.0,0.4451339117640043,0.28812481949131385,9.0,0.2626175987741015,0.1977835618122482,1.0,0.6648668622962692,2.0,0.3765728182035103,1.0,1.0,5.0,8.0,2.0,2.0,0.23938001835437162,2.0,2.0,0.14739218356479844,5.0,2.0,0.2379477756696441,3.0,7.0,0.13297379201078796,3.0,2.0,1.0,0.21852084320725862,1.0,2.0,4.0,6.0,0.13931688582878143,2.0,0.13297379201078796,1.0,3.0,1.0,0.13297379201078796,2.0,0.13297379201078796,3.0,1.0,6.0,5.0,6.0,3.0,2.0,0.13297379201078796,0.42087323124106024,0.13297379201078796,10.0,7.0,0.13297379201078796,0.13297379201078796,0.13297379201078796,0.13297379201078796,1.0,1.0,1.0,3.0,0.13297379201078796,3.0,0.1389767665156758,5.0,0.13297379201078796,3.0,4.0,5.0,0.17151034211020055,0.13297379201078796
8,25,0.4162592873633021,1.0,2.0,0.13297379201078796,7.0,6.0,3.0,2.0,0.20447422082502698,11.0,0.18820724575586112,0.17986639187315978,1.0,0.13297379201078796,0.187793439151141,2.0,5.0,1.0,7.0,0.15043761063072048,6.0,0.3304124764294619,10.0,0.24541882234062795,0.204424758360772,0.3553321425950856,3.0,3.0,0.4451339117640043,0.28812481949131385,9.0,0.2626175987741015,0.1977835618122482,1.0,0.6648668622962692,2.0,0.3765728182035103,1.0,1.0,5.0,8.0,2.0,2.0,0.23938001835437162,2.0,2.0,0.14739218356479844,5.0,2.0,0.2379477756696441,3.0,7.0,0.13297379201078796,3.0,2.0,1.0,0.21852084320725862,1.0,2.0,4.0,6.0,0.13931688582878143,2.0,0.13297379201078796,1.0,3.0,1.0,0.13297379201078796,2.0,0.13297379201078796,3.0,1.0,6.0,5.0,6.0,3.0,2.0,0.13297379201078796,0.42087323124106024,0.13297379201078796,10.0,7.0,0.13297379201078796,0.13297379201078796,0.13297379201078796,0.13297379201078796,1.0,1.0,1.0,3.0,0.13297379201078796,3.0,0.1389767665156758,5.0,0.13297379201078796,3.0,4.0,5.0,0.17151034211020055,0.13297379201078796
8,26,0.4162592873633021,1.0,2.0,0.13297379201078796,7.0,6.0,3.0,2.0,0.20447422082502698,11.0,0.18820724575586112,0.17986639187315978,1.0,0.13297379201078796,0.187793439151141,2.0,5.0,1.0,7.0,0.15043761063072048,6.0,0.3304124764294619,10.0,0.24541882234062795,0.204424758360772,0.3553321425950856,3.0,3.0,0.4451339117640043,0.28812481949131385,9.0,0.2626175987741015,0.1977835618122482,1.0,0.6648668622962692,2.0,0.3765728182035103,1.0,1.0,5.0,8.0,2.0,2.0,0.23938001835437162,2.0,2.0,0.14739218356479844,5.0,2.0,0.2379477756696441,3.0,7.0,0.13297379201078796,3.0,2.0,1.0,0.21852084320725862,1.0,2.0,4.0,6.0,0.13931688582878143,2.0,0.13297379201078796,1.0,3.0,1.0,0.13297379201078796,2.0,0.13297379201078796,3.0,1.0,6.0,5.0,6.0,3.0,2.0,0.13297379201078796,0.42087323124106024,0.13297379201078796,10.0,7.0,0.13297379201078796,0.13297379201078796,0.13297379201078796,0.13297379201078796,1.0,1.0,1.0,3.0,0.13297379201078796,3.0,0.1389767665156758,5.0,0.13297379201078796,3.0,4.0,5.0,0.17151034211020055,0.13297379201078796
8,27,0.4162592873633021,1.0,2.0,0.13297379201078796,7.0,6.0,3.0,2.0,0.20447422082502698,11.0,0.18820724575586112,0.17986639187315978,1.0,0.13297379201078796,0.187793439151141,2.0,5.0,1.0,7.0,0.15043761063072048,6.0,0.3304124764294619,10.0,0.24541882234062795,0.204424758360772,0.3553321425950856,3.0,3.0,0.4451339117640043,0.28812481949131385,9.0,0.2626175987741015,0.1977835618122482,1.0,0.6648668622962692,2.0,0.3765728182035103,1.0,1.0,5.0,8.0,2.0,2.0,0.23938001835437162,2.0,2.0,0.14739218356479844,5.0,2.0,0.2379477756696441,3.0,7.0,0.13297379201078796,3.0,2.0,1.0,0.21852084320725862,1.0,2.0,4.0,6.0,0.13931688582878143,2.0,0.13297379201078796,1.0,3.0,1.0,0.13297379201078796,2.0,0.13297379201078796,3.0,1.0,6.0,5.0,6.0,3.0,2.0,0.13297379201078796,0.42087323124106024,0.13297379201078796,10.0,7.0,0.13297379201078796,0.13297379201078796,0.13297379201078796,0.13297379201078796,1.0,1.0,1.0,3.0,0.13297379201078796,3.0,0.1389767665156758,5.0,0.13297379201078796,3.0,4.0,5.0,0.17151034211020055,0.13297379201078796
8,28,0.4162592873633021,1.0,2.0,0.13297379201078796,7.0,6.0,3.0,2.0,0.20447422082502698,11.0,0.18820724575586112,0.17986639187315978,1.0,0.13297379201078796,0.187793439151141,2.0,5.0,1.0,7.0,0.15043761063072048,6.0,0.3304124764294619,10.0,0.24541882234062795,0.204424758360772,0.3553321425950856,3.0,3.0,0.4451339117640043,0.28812481949131385,9.0,0.2626175987741015,0.1977835618122482,1.0,0.6648668622962692,2.0,0.3765728182035103,1.0,1.0,5.0,8.0,2.0,2.0,0.23938001835437162,2.0,2.0,0.14739218356479844,5.0,2.0,0.2379477756696441,3.0,7.0,0.13297379201078796,3.0,2.0,1.0,0.21852084320725862,1.0,2.0,4.0,6.0,0.13931688582878143,2.0,0.13297379201078796,1.0,3.0,1.0,0.13297379201078796,2.0,0.13297379201078796,3.0,1.0,6.0,5.0,6.0,3.0,2.0,0.13297379201078796,0.42087323124106024,0.13297379201078796,10.0,7.0,0.13297379201078796,0.13297379201078796,0.13297379201078796,0.13297379201078796,1.0,1.0,1.0,3.0,0.13297379201078796,3.0,0.1389767665156758,5.0,0.13297379201078796,3.0,4.0,5.0,0.17151034211020055,0.13297379201078796
8,29,0.4162592873633021,1.0,2.0,0.13297379201078796,7.0,6.0,3.0,2.0,0.20447422082502698,11.0,0.18820724575586112,0.17986639187315978,1.0,0.13297379201078796,0.187793439151141,2.0,5.0,1.0,7.0,0.15043761063072048,6.0,0.3304124764294619,10.0,0.24541882234062795,0.204424758360772,0.3553321425950856,3.0,3.0,0.4451339117640043,0.28812481949131385,9.0,0.2626175987741015,0.1977835618122482,1.0,0.6648668622962692,2.0,0.3765728182035103,1.0,1.0,5.0,8.0,2.0,2.0,0.23938001835437162,2.0,2.0,0.14739218356479844,5.0,2.0,0.2379477756696441,3.0,7.0,0.13297379201078796,3.0,2.0,1.0,0.21852084320725862,1.0,2.0,4.0,6.0,0.13931688582878143,2.0,0.13297379201078796,1.0,3.0,1.0,0.13297379201078796,2.0,0.13297379201078796,3.0,1.0,6.0,5.0,6.0,3.0,2.0,0.13297379201078796,0.42087323124106024,0.13297379201078796,10.0,7.0,0.13297379201078796,0.13297379201078796,0.13297379201078796,0.13297379201078796,1.0,1.0,1.0,3.0,0.13297379201078796,3.0,0.1389767665156758,5.0,0.13297379201078796,3.0,4.0,5.0,0.17151034211020055,0.13297379201078796
8,30,0.4162592873633021,1.0,2.0,0.13297379201078796,7.0,6.0,3.0,2.0,0.20447422082502698,11.0,0.18820724575586112,0.17986639187315978,1.0,0.13297379201078796,0.187793439151141,2.0,5.0,1.0,7.0,0.15043761063072048,6.0,0.3304124764294619,10.0,0.24541882234062795,0.204424758360772,0.3553321425950856,3.0,3.0,0.4451339117640043,0.28812481949131385,9.0,0.2626175987741015,0.1977835618122482,1.0,0.6648668622962692,2.0,0.3765728182035103,1.0,1.0,5.0,8.0,2.0,2.0,0.23938001835437162,2.0,2.0,0.14739218356479844,5.0,2.0,0.2379477756696441,3.0,7.0,0.13297379201078796,3.0,2.0,1.0,0.21852084320725862,1.0,2.0,4.0,6.0,0.13931688582878143,2.0,0.13297379201078796,1.0,3.0,1.0,0.13297379201078796,2.0,0.13297379201078796,3.0,1.0,6.0,5.0,6.0,3.0,2.0,0.13297379201078796,0.42087323124106024,0.13297379201078796,10.0,7.0,0.13297379201078796,0.13297379201078796,0.13297379201078796,0.13297379201078796,1.0,1.0,1.0,3.0,0.13297379201078796,3.0,0.1389767665156758,5.0,0.13297379201078796,3.0,4.0,5.0,0.17151034211020055,0.13297379201078796
8,31,0.4162592873633021,1.0,2.0,0.13297379201078796,7.0,6.0,3.0,2.0,0.20447422082502698,11.0,0.18820724575586112,0.17986639187315978,1.0,0.13297379201078796,0.187793439151141,2.0,5.0,1.0,7.0,0.15043761063072048,6.0,0.3304124764294619,10.0,0.24541882234062795,0.204424758360772,0.3553321425950856,3.0,3.0,0.4451339117640043,0.28812481949131385,9.0,0.2626175987741015,0.1977835618122482,1.0,0.6648668622962692,2.0,0.3765728182035103,1.0,1.0,5.0,8.0,2.0,2.0,0.23938001835437162,2.0,2.0,0.14739218356479844,5.0,2.0,0.2379477756696441,3.0,7.0,0.13297379201078796,3.0,2.0,1.0,0.21852084320725862,1.0,2.0,4.0,6.0,0.13931688582878143,2.0,0.13297379201078796,1.0,3.0,1.0,0.13297379201078796,2.0,0.13297379201078796,3.0,1.0,6.0,5.0,6.0,3.0,2.0,0.13297379201078796,0.42087323124106024,0.13297379201078796,10.0,7.0,0.13297379201078796,0.13297379201078796,0.13297379201078796,0.13297379201078796,1.0,1.0,1.0,3.0,0.13297379201078796,3.0,0.1389767665156758,5.0,0.13297379201078796,3.0,4.0,5.0,0.17151034211020055,0.13297379201078796
8,32,0.4162592873633021,1.0,2.0,0.13297379201078796,7.0,6.0,3.0,2.0,0.20447422082502698,11.0,0.18820724575586112,0.17986639187315978,1.0,0.13297379201078796,0.187793439151141,2.0,5.0,1.0,7.0,0.15043761063072048,6.0,0.3304124764294619,10.0,0.24541882234062795,0.204424758360772,0.3553321425950856,3.0,3.0,0.4451339117640043,0.28812481949131385,9.0,0.2626175987741015,0.1977835618122482,1.0,0.6648668622962692,2.0,0.3765728182035103,1.0,1.0,5.0,8.0,2.0,2.0,0.23938001835437162,2.0,2.0,0.14739218356479844,5.0,2.0,0.2379477756696441,3.0,7.0,0.13297379201078796,3.0,2.0,1.0,0.21852084320725862,1.0,2.0,4.0,6.0,0.13931688582878143,2.0,0.13297379201078796,1.0,3.0,1.0,0.13297379201078796,2.0,0.13297379201078796,3.0,1.0,6.0,5.0,6.0,3.0,2.0,0.13297379201078796,0.42087323124106024,0.13297379201078796,10.0,7.0,0.13297379201078796,0.13297379201078796,0.13297379201078796,0.13297379201078796,1.0,1.0,1.0,3.0,0.13297379201078796,3.0,0.1389767665156758,5.0,0.13297379201078796,3.0,4.0,5.0,0.17151034211020055,0.13297379201078796
8,33,0.4162592873633021,1.0,2.0,0.13297379201078796,7.0,6.0,3.0,2.0,0.20447422082502698,11.0,0.18820724575586112,0.17986639187315978,1.0,0.13297379201078796,0.187793439151141,2.0,5.0,1.0,7.0,0.15043761063072048,6.0,0.3304124764294619,10.0,0.24541882234062795,0.204424758360772,0.3553321425950856,3.0,3.0,0.4451339117640043,0.28812481949131385,9.0,0.2626175987741015,0.1977835618122482,1.0,0.6648668622962692,2.0,0.3765728182035103,1.0,1.0,5.0,8.0,2.0,2.0,0.23938001835437162,2.0,2.0,0.14739218356479844,5.0,2.0,0.2379477756696441,3.0,7.0,0.13297379201078796,3.0,2.0,1.0,0.21852084320725862,1.0,2.0,4.0,6.0,0.13931688582878143,2.0,0.13297379201078796,1.0,3.0,1.0,0.13297379201078796,2.0,0.13297379201078796,3.0,1.0,6.0,5.0,6.0,3.0,2.0,0.13297379201078796,0.42087323124106024,0.13297379201078796,10.0,7.0,0.13297379201078796,0.13297379201078796,0.13297379201078796,0.13297379201078796,1.0,1.0,1.0,3.0,0.13297379201078796,3.0,0.1389767665156758,5.0,0.13297379201078796,3.0,4.0,5.0,0.17151034211020055,0.13297379201078796
8,34,0.4162592873633021,1.0,2.0,0.13297379201078796,7.0,6.0,3.0,2.0,0.20447422082502698,11.0,0.18820724575586112,0.17986639187315978,1.0,0.13297379201078796,0.187793439151141,2.0,5.0,1.0,7.0,0.15043761063072048,6.0,0.3304124764294619,10.0,0.24541882234062795,0.204424758360772,0.3553321425950856,3.0,3.0,0.4451339117640043,0.28812481949131385,9.0,0.2626175987741015,0.1977835618122482,1.0,0.6648668622962692,2.0,0.3765728182035103,1.0,1.0,5.0,8.0,2.0,2.0,0.23938001835437162,2.0,2.0,0.14739218356479844,5.0,2.0,0.2379477756696441,3.0,7.0,0.13297379201078796,3.0,2.0,1.0,0.21852084320725862,1.0,2.0,4.0,6.0,0.13931688582878143,2.0,0.13297379201078796,1.0,3.0,1.0,0.13297379201078796,2.0,0.13297379201078796,3.0,1.0,6.0,5.0,6.0,3.0,2.0,0.13297379201078796,0.42087323124106024,0.13297379201078796,10.0,7.0,0.13297379201078796,0.13297379201078796,0.13297379201078796,0.13297379201078796,1.0,1.0,1.0,3.0,0.13297379201078796,3.0,0.1389767665156758,5.0,0.13297379201078796,3.0,4.0,5.0,0.17151034211020055,0.13297379201078796
8,35,0.4162592873633021,1.0,2.0,0.13297379201078796,7.0,6.0,3.0,2.0,0.20447422082502698,11.0,0.18820724575586112,0.17986639187315978,1.0,0.13297379201078796,0.187793439151141,2.0,5.0,1.0,7.0,0.15043761063072048,6.0,0.3304124764294619,10.0,0.24541882234062795,0.204424758360772,0.3553321425950856,3.0,3.0,0.4451339117640043,0.28812481949131385,9.0,0.2626175987741015,0.1977835618122482,1.0,0.6648668622962692,2.0,0.3765728182035103,1.0,1.0,5.0,8.0,2.0,2.0,0.23938001835437162,2.0,2.0,0.14739218356479844,5.0,2.0,0.2379477756696441,3.0,7.0,0.13297379201078796,3.0,2.0,1.0,0.21852084320725862,1.0,2.0,4.0,6.0,0.13931688582878143,2.0,0.13297379201078796,1.0,3.0,1.0,0.13297379201078796,2.0,0.13297379201078796,3.0,1.0,6.0,5.0,6.0,3.0,2.0,0.13297379201078796,0.42087323124106024,0.13297379201078796,10.0,7.0,0.13297379201078796,0.13297379201078796,0.13297379201078796,0.13297379201078796,1.0,1.0,1.0,3.0,0.13297379201078796,3.0,0.1389767665156758,5.0,0.13297379201078796,3.0,4.0,5.0,0.17151034211020055,0.13297379201078796
8,36,0.4162592873633021,1.0,2.0,0.13297379201078796,7.0,6.0,3.0,2.0,0.20447422082502698,11.0,0.18820724575586112,0.17986639187315978,1.0,0.13297379201078796,0.187793439151141,2.0,5.0,1.0,7.0,0.15043761063072048,6.0,0.3304124764294619,10.0,0.24541882234062795,0.204424758360772,0.3553321425950856,3.0,3.0,0.4451339117640043,0.28812481949131385,9.0,0.2626175987741015,0.1977835618122482,1.0,0.6648668622962692,2.0,0.3765728182035103,1.0,1.0,5.0,8.0,2.0,2.0,0.23938001835437162,2.0,2.0,0.14739218356479844,5.0,2.0,0.2379477756696441,3.0,7.0,0.13297379201078796,3.0,2.0,1.0,0.21852084320725862,1.0,2.0,4.0,6.0,0.13931688582878143,2.0,0.13297379201078796,1.0,3.0,1.0,0.13297379201078796,2.0,0.13297379201078796,3.0,1.0,6.0,5.0,6.0,3.0,2.0,0.13297379201078796,0.42087323124106024,0.13297379201078796,10.0,7.0,0.13297379201078796,0.13297379201078796,0.13297379201078796,0.13297379201078796,1.0,1.0,1.0,3.0,0.13297379201078796,3.0,0.1389767665156758,5.0,0.13297379201078796,3.0,4.0,5.0,0.17151034211020055,0.13297379201078796
8,37,0.4162592873633021,1.0,2.0,0.13297379201078796,7.0,6.0,3.0,2.0,0.20447422082502698,11.0,0.18820724575586112,0.17986639187315978,1.0,0.13297379201078796,0.187793439151141,2.0,5.0,1.0,7.0,0.15043761063072048,6.0,0.3304124764294619,10.0,0.24541882234062795,0.204424758360772,0.3553321425950856,3.0,3.0,0.4451339117640043,0.28812481949131385,9.0,0.2626175987741015,0.1977835618122482,1.0,0.6648668622962692,2.0,0.3765728182035103,1.0,1.0,5.0,8.0,2.0,2.0,0.23938001835437162,2.0,2.0,0.14739218356479844,5.0,2.0,0.2379477756696441,3.0,7.0,0.13297379201078796,3.0,2.0,1.0,0.21852084320725862,1.0,2.0,4.0,6.0,0.13931688582878143,2.0,0.13297379201078796,1.0,3.0,1.0,0.13297379201078796,2.0,0.13297379201078796,3.0,1.0,6.0,5.0,6.0,3.0,2.0,0.13297379201078796,0.42087323124106024,0.13297379201078796,10.0,7.0,0.13297379201078796,0.13297379201078796,0.13297379201078796,0.13297379201078796,1.0,1.0,1.0,3.0,0.13297379201078796,3.0,0.1389767665156758,5.0,0.13297379201078796,3.0,4.0,5.0,0.17151034211020055,0.13297379201078796
8,38,0.4162592873633021,1.0,2.0,0.13297379201078796,7.0,6.0,3.0,2.0,0.20447422082502698,11.0,0.18820724575586112,0.17986639187315978,1.0,0.13297379201078796,0.187793439151141,2.0,5.0,1.0,7.0,0.15043761063072048,6.0,0.3304124764294619,10.0,0.24541882234062795,0.204424758360772,0.3553321425950856,3.0,3.0,0.4451339117640043,0.28812481949131385,9.0,0.2626175987741015,0.1977835618122482,1.0,0.6648668622962692,2.0,0.3765728182035103,1.0,1.0,5.0,8.0,2.0,2.0,0.23938001835437162,2.0,2.0,0.14739218356479844,5.0,2.0,0.2379477756696441,3.0,7.0,0.13297379201078796,3.0,2.0,1.0,0.21852084320725862,1.0,2.0,4.0,6.0,0.13931688582878143,2.0,0.13297379201078796,1.0,3.0,1.0,0.13297379201078796,2.0,0.13297379201078796,3.0,1.0,6.0,5.0,6.0,3.0,2.0,0.13297379201078796,0.42087323124106024,0.13297379201078796,10.0,7.0,0.13297379201078796,0.13297379201078796,0.13297379201078796,0.13297379201078796,1.0,1.0,1.0,3.0,0.13297379201078796,3.0,0.1389767665156758,5.0,0.13297379201078796,3.0,4.0,5.0,0.17151034211020055,0.13297379201078796
8,39,0.4162592873633021,1.0,2.0,0.13297379201078796,7.0,6.0,3.0,2.0,0.20447422082502698,11.0,0.18820724575586112,0.17986639187315978,1.0,0.13297379201078796,0.187793439151141,2.0,5.0,1.0,7.0,0.15043761063072048,6.0,0.3304124764294619,10.0,0.24541882234062795,0.204424758360772,0.3553321425950856,3.0,3.0,0.4451339117640043,0.28812481949131385,9.0,0.2626175987741015,0.1977835618122482,1.0,0.6648668622962692,2.0,0.3765728182035103,1.0,1.0,5.0,8.0,2.0,2.0,0.23938001835437162,2.0,2.0,0.14739218356479844,5.0,2.0,0.2379477756696441,3.0,7.0,0.13297379201078796,3.0,2.0,1.0,0.21852084320725862,1.0,2.0,4.0,6.0,0.13931688582878143,2.0,0.13297379201078796,1.0,3.0,1.0,0.13297379201078796,2.0,0.13297379201078796,3.0,1.0,6.0,5.0,6.0,3.0,2.0,0.13297379201078796,0.42087323124106024,0.13297379201078796,10.0,7.0,0.13297379201078796,0.13297379201078796,0.13297379201078796,0.13297379201078796,1.0,1.0,1.0,3.0,0.13297379201078796,3.0,0.1389767665156758,5.0,0.13297379201078796,3.0,4.0,5.0,0.17151034211020055,0.13297379201078796
9,0,0.3553321425950856,2.0,2.0,1.0,1.0,3.0,0.13297379201078796,2.0,0.6648668622962692,2.0,4.0,0.2062424637252589,2.0,0.4162592873633021,0.2699798438763664,1.0,0.1854845370606486,1.0,0.2380933267562514,1.0,0.13297379201078796,0.13297379201078796,0.17986639187315978,2.0,3.0,3.0,0.609080353744016,2.0,0.4727758060616625,1.0,0.15365960686067093,1.0,0.18820724575586112,4.0,0.14163623772674783,2.0,1.0,0.19251884941186037,1.0,0.13297379201078796,4.0,0.23938001835437162,0.2626175987741015,0.20447422082502698,0.2094679208156216,1.0,3.0,2.0,1.0,1.0,4.0,10.0,6.0,5.0,1.0,14.0,2.0,9.0,2.0,8.0,6.0,0.17070671301440965,0.21156016111179887,0.21185453636983687,1.0,0.6729229143518344,3.0,6.0,3.0,1.0,0.20879083187142755,1.0,0.13297379201078796,9.0,3.0,2.0,2.0,0.27730341078394716,0.23018428561806137,6.0,1.0,0.21254372035638525,0.25696285023976884,7.0,0.13297379201078796,6.0,0.1603955882097159,0.22824702664043628,0.18277782969573597,0.20541897236720308,0.13297379201078796,0.1732629492059785,4.0,0.18445465157122687,5.0,3.0,0.1435252815354745,0.3672862799131211,0.166387891946561,1.0
9,1,3.0,2.0,6.0,11.0,0.1713275504894567,3.0,0.13297379201078796,2.0,0.6648668622962692,2.0,4.0,0.2062424637252589,2.0,0.4162592873633021,0.2699798438763664,1.0,0.1854845370606486,1.0,0.2380933267562514,1.0,0.13297379201078796,0.13297379201078796,0.17986639187315978,2.0,3.0,3.0,0.609080353744016,2.0,0.4727758060616625,1.0,0.15365960686067093,1.0,0.18820724575586112,4.0,0.14163623772674783,2.0,1.0,0.19251884941186037,0.44847949425415656,0.13297379201078796,4.0,0.23938001835437162,0.2626175987741015,0.17145066949586596,1.0,2.0,2.0,3.0,1.0,2.0,0.30989353234698724,2.0,4.0,5.0,1.0,14.0,2.0,9.0,2.0,8.0,6.0,0.17070671301440965,0.21156016111179887,0.21185453636983687,1.0,0.6729229143518344,3.0,6.0,3.0,1.0,0.20879083187142755,3.0,1.0,2.0,2.0,2.0,1.0,0.27730341078394716,0.23018428561806137,6.0,1.0,0.21254372035638525,0.25696285023976884,7.0,0.13297379201078796,6.0,4.0,0.18241222574628613,9.0,0.20541897236720308,0.13297379201078796,0.1732629492059785,4.0,0.2599302503179449,8.0,3.0,0.1435252815354745,5.0,0.166387891946561,1.0
9,2,3.0,2.0,6.0,11.0,0.1713275504894567,3.0,0.13297379201078796,2.0,0.6648668622962692,2.0,4.0,0.2062424637252589,2.0,0.23582731447463023,1.0,1.0,2.0,1.0,3.0,0.15701210640565166,3.0,0.13297379201078796,0.17986639187315978,2.0,3.0,3.0,0.609080353744016,2.0,0.4727758060616625,1.0,0.15365960686067093,1.0,0.18820724575586112,4.0,0.14163623772674783,2.0,1.0,0.19251884941186037,0.44847949425415656,0.13297379201078796,4.0,0.23938001835437162,0.2626175987741015,0.17145066949586596,1.0,2.0,2.0,3.0,1.0,2.0,0.30989353234698724,2.0,4.0,5.0,1.0,14.0,2.0,0.40907417734989093,2.0,0.19333502812907144,0.3896438987691433,0.17070671301440965,0.21156016111179887,0.21185453636983687,1.0,0.6729229143518344,3.0,6.0,3.0,1.0,0.20879083187142755,3.0,1.0,2.0,2.0,2.0,1.0,0.27730341078394716,0.23018428561806137,7.0,4.0,0.21254372035638525,0.25696285023976884,7.0,0.13297379201078796,6.0,4.0,0.18241222574628613,9.0,0.20541897236720308,0.15643466029093933,0.1732629492059785,4.0,0.2599302503179449,8.0,4.0,0.1435252815354745,5.0,0.13297379201078796,0.1650111850558761
9,3,3.0,2.0,6.0,11.0,0.1713275504894567,3.0,0.13297379201078796,2.0,0.6648668622962692,2.0,4.0,0.2062424637252589,2.0,0.23582731447463023,1.0,1.0,2.0,1.0,3.0,0.15701210640565166,3.0,0.13297379201078796,0.17986639187315978,2.0,0.14752686871725973,3.0,0.609080353744016,2.0,0.4727758060616625,1.0,0.15365960686067093,1.0,0.18820724575586112,4.0,0.18323601718645233,2.0,4.0,0.19251884941186037,0.44847949425415656,0.13297379201078796,4.0,0.23938001835437162,0.2626175987741015,0.17145066949586596,1.0,2.0,2.0,3.0,1.0,2.0,0.30989353234698724,2.0,4.0,5.0,1.0,14.0,2.0,0.40907417734989093,2.0,0.19333502812907144,0.3896438987691433,4.0,0.25771077861564373,0.21185453636983687,10.0,0.6729229143518344,3.0,5.0,3.0,1.0,0.20879083187142755,3.0,1.0,2.0,2.0,2.0,1.0,0.27730341078394716,0.23018428561806137,7.0,4.0,0.13297379201078796,0.13297379201078796,7.0,0.13297379201078796,6.0,4.0,0.18241222574628613,9.0,0.20541897236720308,0.15643466029093933,0.13297379201078796,3.0,0.2599302503179449,8.0,4.0,0.1655123267777624,5.0,0.13297379201078796,0.13297379201078796
9,4,3.0,2.0,6.0,11.0,0.1713275504894567,9.0,0.13297379201078796,11.0,0.6648668622962692,2.0,9.0,0.2062424637252589,2.0,0.23582731447463023,1.0,1.0,2.0,1.0,3.0,0.15701210640565166,3.0,0.13297379201078796,0.17986639187315978,2.0,0.14752686871725973,3.0,0.609080353744016,2.0,0.4727758060616625,1.0,0.15365960686067093,1.0,0.18820724575586112,4.0,0.18323601718645233,2.0,4.0,0.19251884941186037,0.44847949425415656,0.13297379201078796,4.0,0.23938001835437162,0.2626175987741015,0.17145066949586596,1.0,2.0,2.0,3.0,1.0,2.0,0.30989353234698724,2.0,4.0,0.17478634075282407,1.0,0.19699298119716324,2.0,0.40907417734989093,2.0,0.19333502812907144,0.3896438987691433,4.0,0.25771077861564373,0.21185453636983687,10.0,0.6729229143518344,3.0,5.0,3.0,1.0,0.20879083187142755,3.0,1.0,2.0,2.0,2.0,1.0,0.14837864495302433,0.13297379201078796,7.0,4.0,0.13297379201078796,0.13297379201078796,7.0,0.13297379201078796,6.0,4.0,0.18241222574628613,9.0,3.0,0.15643466029093933,0.13297379201078796,3.0,0.2599302503179449,8.0,1.0,0.1655123267777624,5.0,0.13297379201078796,0.13297379201078796
9,5,3.0,2.0,6.0,11.0,0.1713275504894567,9.0,0.13297379201078796,11.0,0.6648668622962692,2.0,9.0,0.2062424637252589,2.0,0.23582731447463023,1.0,1.0,2.0,1.0,3.0,0.15701210640565166,3.0,0.13297379201078796,0.17986639187315978,2.0,0.14752686871725973,3.0,0.609080353744016,2.0,0.4727758060616625,1.0,0.15365960686067093,1.0,0.18820724575586112,4.0,0.18323601718645233,2.0,4.0,0.19251884941186037,8.0,0.13297379201078796,4.0,0.23938001835437162,0.2626175987741015,0.17145066949586596,1.0,2.0,2.0,3.0,1.0,2.0,0.30989353234698724,2.0,4.0,0.17478634075282407,1.0,0.19699298119716324,2.0,0.40907417734989093,2.0,0.19333502812907144,0.3896438987691433,4.0,0.25771077861564373,0.21185453636983687,10.0,0.6729229143518344,3.0,5.0,3.0,3.0,0.1552210453215278,3.0,1.0,2.0,2.0,2.0,1.0,0.14837864495302433,0.13297379201078796,7.0,4.0,0.13297379201078796,0.13297379201078796,7.0,0.13297379201078796,6.0,4.0,0.18241222574628613,9.0,3.0,0.15643466029093933,0.13297379201078796,3.0,0.13297379201078796,8.0,1.0,0.1655123267777624,7.0,0.13297379201078796,0.13297379201078796
9,6,3.0,2.0,6.0,11.0,0.1713275504894567,9.0,0.13297379201078796,11.0,0.6648668622962692,2.0,9.0,0.2062424637252589,2.0,0.23582731447463023,1.0,0.33238954540867305,2.0,1.0,3.0,0.15701210640565166,3.0,0.13297379201078796,0.17986639187315978,2.0,0.14752686871725973,3.0,0.609080353744016,4.0,0.13297379201078796,1.0,0.15365960686067093,1.0,0.18820724575586112,4.0,0.18323601718645233,2.0,4.0,0.19251884941186037,8.0,0.13297379201078796,4.0,0.23938001835437162,0.2626175987741015,0.17145066949586596,1.0,2.0,2.0,3.0,1.0,2.0,0.30989353234698724,2.0,4.0,0.17478634075282407,1.0,0.19699298119716324,2.0,0.40907417734989093,2.0,0.19333502812907144,0.3896438987691433,4.0,0.25771077861564373,0.13297379201078796,10.0,0.6729229143518344,3.0,5.0,3.0,3.0,0.1552210453215278,3.0,1.0,2.0,2.0,2.0,1.0,0.14837864495302433,0.13297379201078796,7.0,4.0,0.13297379201078796,0.13297379201078796,7.0,0.13297379201078796,6.0,4.0,0.18241222574628613,9.0,3.0,0.13297379201078796,0.13297379201078796,3.0,0.13297379201078796,8.0,1.0,0.14488399396909046,7.0,0.13297379201078796,0.13297379201078796
9,7,3.0,2.0,6.0,11.0,0.1713275504894567,9.0,0.13297379201078796,11.0,0.6648668622962692,2.0,9.0,0.2062424637252589,2.0,0.23582731447463023,1.0,0.33238954540867305,2.0,1.0,3.0,0.15701210640565166,3.0,1.0,0.13297379201078796,2.0,0.14752686871725973,3.0,0.609080353744016,4.0,0.13297379201078796,1.0,0.15365960686067093,1.0,0.18820724575586112,4.0,0.18323601718645233,2.0,4.0,0.19251884941186037,8.0,0.13297379201078796,4.0,0.23938001835437162,0.2626175987741015,0.17145066949586596,1.0,2.0,2.0,3.0,1.0,2.0,0.30989353234698724,2.0,4.0,0.17478634075282407,1.0,0.19699298119716324,2.0,0.40907417734989093,2.0,0.19333502812907144,0.3896438987691433,4.0,0.25771077861564373,0.13297379201078796,10.0,0.6729229143518344,3.0,5.0,3.0,3.0,0.1552210453215278,3.0,1.0,2.0,2.0,2.0,1.0,0.14837864495302433,0.13297379201078796,7.0,4.0,0.13297379201078796,0.13297379201078796,7.0,0.13297379201078796,6.0,4.0,0.18241222574628613,9.0,3.0,0.13297379201078796,0.13297379201078796,3.0,0.13297379201078796,8.0,1.0,0.14732982162292196,7.0,0.13297379201078796,0.13297379201078796
9,8,3.0,2.0,6.0,11.0,0.1713275504894567,9.0,0.13297379201078796,11.0,0.6648668622962692,2.0,9.0,0.2062424637252589,2.0,0.23582731447463023,1.0,0.33238954540867305,2.0,1.0,3.0,0.15701210640565166,3.0,1.0,0.13297379201078796,2.0,0.14752686871725973,3.0,0.609080353744016,4.0,0.13297379201078796,1.0,0.15365960686067093,1.0,0.18820724575586112,4.0,0.18323601718645233,2.0,4.0,0.19251884941186037,8.0,0.13297379201078796,4.0,0.23938001835437162,0.2626175987741015,0.17145066949586596,1.0,2.0,2.0,3.0,1.0,2.0,0.30989353234698724,2.0,4.0,0.17478634075282407,1.0,0.19699298119716324,2.0,0.40907417734989093,2.0,0.19333502812907144,0.3896438987691433,4.0,0.25771077861564373,0.13297379201078796,10.0,0.6729229143518344,3.0,5.0,3.0,3.0,0.1552210453215278,3.0,1.0,2.0,2.0,2.0,1.0,0.14837864495302433,0.13297379201078796,7.0,4.0,0.13297379201078796,0.13297379201078796,7.0,0.13297379201078796,6.0,4.0,0.18241222574628613,9.0,3.0,0.13297379201078796,0.13297379201078796,3.0,0.13297379201078796,8.0,1.0,0.14732982162292196,7.0,0.13297379201078796,0.13297379201078796
9,9,3.0,2.0,6.0,11.0,0.1713275504894567,9.0,0.13297379201078796,11.0,0.6648668622962692,2.0,9.0,0.2062424637252589,2.0,0.23582731447463023,1.0,0.33238954540867305,2.0,1.0,3.0,0.15701210640565166,3.0,1.0,0.13297379201078796,2.0,0.14752686871725973,3.0,0.609080353744016,4.0,0.13297379201078796,1.0,0.15365960686067093,1.0,0.18820724575586112,4.0,0.18323601718645233,2.0,4.0,0.19251884941186037,8.0,0.13297379201078796,4.0,0.23938001835437162,0.2626175987741015,0.17145066949586596,1.0,2.0,2.0,3.0,1.0,2.0,0.30989353234698724,2.0,4.0,0.17478634075282407,1.0,0.19699298119716324,2.0,0.40907417734989093,2.0,0.19333502812907144,0.3896438987691433,4.0,0.25771077861564373,0.13297379201078796,10.0,0.6729229143518344,3.0,5.0,3.0,3.0,0.1552210453215278,3.0,1.0,2.0,2.0,2.0,1.0,0.14837864495302433,0.13297379201078796,7.0,4.0,0.13297379201078796,0.13297379201078796,7.0,0.13297379201078796,6.0,4.0,0.18241222574628613,9.0,3.0,0.13297379201078796,0.13297379201078796,3.0,0.13297379201078796,8.0,1.0,0.14732982162292196,7.0,0.13297379201078796,0.13297379201078796
9,10,3.0,2.0,6.0,11.0,0.1713275504894567,9.0,0.13297379201078796,11.0,0.6648668622962692,2.0,9.0,0.2062424637252589,2.0,0.23582731447463023,1.0,0.33238954540867305,2.0,1.0,3.0,0.15701210640565166,3.0,1.0,0.13297379201078796,2.0,0.14752686871725973,3.0,0.609080353744016,4.0,0.13297379201078796,1.0,0.15365960686067093,1.0,0.18820724575586112,4.0,0.18323601718645233,2.0,4.0,0.19251884941186037,8.0,0.13297379201078796,4.0,0.23938001835437162,0.2626175987741015,0.17145066949586596,1.0,2.0,2.0,3.0,1.0,2.0,0.30989353234698724,2.0,4.0,0.17478634075282407,1.0,0.19699298119716324,2.0,0.40907417734989093,2.0,0.19333502812907144,0.3896438987691433,4.0,0.25771077861564373,0.13297379201078796,10.0,0.6729229143518344,3.0,5.0,3.0,3.0,0.1552210453215278,3.0,1.0,2.0,2.0,2.0,1.0,0.14837864495302433,0.13297379201078796,7.0,4.0,0.13297379201078796,0.13297379201078796,7.0,0.13297379201078796,6.0,4.0,0.18241222574628613,9.0,3.0,0.13297379201078796,0.13297379201078796,3.0,0.13297379201078796,8.0,1.0,0.14732982162292196,7.0,0.13297379201078796,0.13297379201078796
9,11,3.0,2.0,6.0,11.0,0.1713275504894567,9.0,0.13297379201078796,11.0,0.6648668622962692,2.0,9.0,0.2062424637252589,2.0,0.23582731447463023,1.0,0.33238954540867305,2.0,1.0,3.0,0.15701210640565166,3.0,1.0,0.13297379201078796,2.0,0.14752686871725973,3.0,0.609080353744016,4.0,0.13297379201078796,1.0,0.15365960686067093,1.0,0.18820724575586112,4.0,0.18323601718645233,2.0,4.0,0.19251884941186037,8.0,0.13297379201078796,4.0,0.23938001835437162,0.2626175987741015,0.17145066949586596,1.0,2.0,2.0,3.0,1.0,2.0,0.30989353234698724,2.0,4.0,0.17478634075282407,1.0,0.19699298119716324,2.0,0.40907417734989093,2.0,0.19333502812907144,0.3896438987691433,4.0,0.25771077861564373,0.13297379201078796,10.0,0.6729229143518344,3.0,5.0,3.0,3.0,0.1552210453215278,3.0,1.0,2.0,2.0,2.0,1.0,0.14837864495302433,0.13297379201078796,7.0,4.0,0.13297379201078796,0.13297379201078796,7.0,0.13297379201078796,6.0,4.0,0.18241222574628613,9.0,3.0,0.13297379201078796,0.13297379201078796,3.0,0.13297379201078796,8.0,1.0,0.14732982162292196,7.0,0.13297379201078796,0.13297379201078796
9,12,3.0,2.0,6.0,11.0,0.1713275504894567,9.0,0.13297379201078796,11.0,0.6648668622962692,2.0,9.0,0.2062424637252589,2.0,0.23582731447463023,1.0,0.33238954540867305,2.0,1.0,3.0,0.15701210640565166,3.0,1.0,0.13297379201078796,2.0,0.14752686871725973,3.0,0.609080353744016,4.0,0.13297379201078796,1.0,0.15365960686067093,1.0,0.18820724575586112,4.0,0.18323601718645233,2.0,4.0,0.19251884941186037,8.0,0.13297379201078796,4.0,0.23938001835437162,0.2626175987741015,0.17145066949586596,1.0,2.0,2.0,3.0,1.0,2.0,0.30989353234698724,2.0,4.0,0.17478634075282407,1.0,0.19699298119716324,2.0,0.40907417734989093,2.0,0.19333502812907144,0.3896438987691433,4.0,0.25771077861564373,0.13297379201078796,10.0,0.6729229143518344,3.0,5.0,3.0,3.0,0.1552210453215278,3.0,1.0,2.0,2.0,2.0,1.0,0.14837864495302433,0.13297379201078796,7.0,4.0,0.13297379201078796,0.13297379201078796,7.0,0.13297379201078796,6.0,4.0,0.18241222574628613,9.0,3.0,0.13297379201078796,0.13297379201078796,3.0,0.13297379201078796,8.0,1.0,0.14732982162292196,7.0,0.13297379201078796,0.13297379201078796
9,13,3.0,2.0,6.0,11.0,0.1713275504894567,9.0,0.13297379201078796,11.0,0.6648668622962692,2.0,9.0,0.2062424637252589,2.0,0.23582731447463023,1.0,0.33238954540867305,2.0,1.0,3.0,0.15701210640565166,3.0,1.0,0.13297379201078796,2.0,0.14752686871725973,3.0,0.609080353744016,4.0,0.13297379201078796,1.0,0.15365960686067093,1.0,0.18820724575586112,4.0,0.18323601718645233,2.0,4.0,0.19251884941186037,8.0,0.13297379201078796,4.0,0.23938001835437162,0.2626175987741015,0.17145066949586596,1.0,2.0,2.0,3.0,1.0,2.0,0.30989353234698724,2.0,4.0,0.17478634075282407,1.0,0.19699298119716324,2.0,0.40907417734989093,2.0,0.19333502812907144,0.3896438987691433,4.0,0.25771077861564373,0.13297379201078796,10.0,0.6729229143518344,3.0,5.0,3.0,3.0,0.1552210453215278,3.0,1.0,2.0,2.0,2.0,1.0,0.14837864495302433,0.13297379201078796,7.0,4.0,0.13297379201078796,0.13297379201078796,7.0,0.13297379201078796,6.0,4.0,0.18241222574628613,9.0,3.0,0.13297379201078796,0.13297379201078796,3.0,0.13297379201078796,8.0,1.0,0.14732982162292196,7.0,0.13297379201078796,0.13297379201078796
9,14,3.0,2.0,6.0,11.0,0.1713275504894567,9.0,0.13297379201078796,11.0,0.6648668622962692,2.0,9.0,0.2062424637252589,2.0,0.23582731447463023,1.0,0.33238954540867305,2.0,1.0,3.0,0.15701210640565166,3.0,1.0,0.13297379201078796,2.0,0.14752686871725973,3.0,0.609080353744016,4.0,0.13297379201078796,1.0,0.15365960686067093,1.0,0.18820724575586112,4.0,0.18323601718645233,2.0,4.0,0.19251884941186037,8.0,0.13297379201078796,4.0,0.23938001835437162,0.2626175987741015,0.17145066949586596,1.0,2.0,2.0,3.0,1.0,2.0,0.30989353234698724,2.0,4.0,0.17478634075282407,1.0,0.19699298119716324,2.0,0.40907417734989093,2.0,0.19333502812907144,0.3896438987691433,4.0,0.25771077861564373,0.13297379201078796,10.0,0.6729229143518344,3.0,5.0,3.0,3.0,0.1552210453215278,3.0,1.0,2.0,2.0,2.0,1.0,0.14837864495302433,0.13297379201078796,7.0,4.0,0.13297379201078796,0.13297379201078796,7.0,0.13297379201078796,6.0,4.0,0.18241222574628613,9.0,3.0,0.13297379201078796,0.13297379201078796,3.0,0.13297379201078796,8.0,1.0,0.14732982162292196,7.0,0.13297379201078796,0.13297379201078796
9,15,3.0,2.0,6.0,11.0,0.1713275504894567,9.0,0.13297379201078796,11.0,0.6648668622962692,2.0,9.0,0.2062424637252589,2.0,0.23582731447463023,1.0,0.33238954540867305,2.0,1.0,3.0,0.15701210640565166,3.0,1.0,0.13297379201078796,2.0,0.14752686871725973,3.0,0.609080353744016,4.0,0.13297379201078796,1.0,0.15365960686067093,1.0,0.18820724575586112,4.0,0.18323601718645233,2.0,4.0,0.19251884941186037,8.0,0.13297379201078796,4.0,0.23938001835437162,0.2626175987741015,0.17145066949586596,1.0,2.0,2.0,3.0,1.0,2.0,0.30989353234698724,2.0,4.0,0.17478634075282407,1.0,0.19699298119716324,2.0,0.40907417734989093,2.0,0.19333502812907144,0.3896438987691433,4.0,0.25771077861564373,0.13297379201078796,10.0,0.6729229143518344,3.0,5.0,3.0,3.0,0.1552210453215278,3.0,1.0,2.0,2.0,2.0,1.0,0.14837864495302433,0.13297379201078796,7.0,4.0,0.13297379201078796,0.13297379201078796,7.0,0.13297379201078796,6.0,4.0,0.18241222574628613,9.0,3.0,0.13297379201078796,0.13297379201078796,3.0,0.13297379201078796,8.0,1.0,0.14732982162292196,7.0,0.13297379201078796,0.13297379201078796
9,16,3.0,2.0,6.0,11.0,0.1713275504894567,9.0,0.13297379201078796,11.0,0.6648668622962692,2.0,9.0,0.2062424637252589,2.0,0.23582731447463023,1.0,0.33238954540867305,2.0,1.0,3.0,0.15701210640565166,3.0,1.0,0.13297379201078796,2.0,0.14752686871725973,3.0,0.609080353744016,4.0,0.13297379201078796,1.0,0.15365960686067093,1.0,0.18820724575586112,4.0,0.18323601718645233,2.0,4.0,0.19251884941186037,8.0,0.13297379201078796,4.0,0.23938001835437162,0.2626175987741015,0.17145066949586596,1.0,2.0,2.0,3.0,1.0,2.0,0.30989353234698724,2.0,4.0,0.17478634075282407,1.0,0.19699298119716324,2.0,0.40907417734989093,2.0,0.19333502812907144,0.3896438987691433,4.0,0.25771077861564373,0.13297379201078796,10.0,0.6729229143518344,3.0,5.0,3.0,3.0,0.1552210453215278,3.0,1.0,2.0,2.0,2.0,1.0,0.14837864495302433,0.13297379201078796,7.0,4.0,0.13297379201078796,0.13297379201078796,7.0,0.13297379201078796,6.0,4.0,0.18241222574628613,9.0,3.0,0.13297379201078796,0.13297379201078796,3.0,0.13297379201078796,8.0,1.0,0.14732982162292196,7.0,0.13297379201078796,0.13297379201078796
9,17,3.0,2.0,6.0,11.0,0.1713275504894567,9.0,0.13297379201078796,11.0,0.6648668622962692,2.0,9.0,0.2062424637252589,2.0,0.23582731447463023,1.0,0.33238954540867305,2.0,1.0,3.0,0.15701210640565166,3.0,1.0,0.13297379201078796,2.0,0.14752686871725973,3.0,0.609080353744016,4.0,0.13297379201078796,1.0,0.15365960686067093,1.0,0.18820724575586112,4.0,0.18323601718645233,2.0,4.0,0.19251884941186037,8.0,0.13297379201078796,4.0,0.23938001835437162,0.2626175987741015,0.17145066949586596,1.0,2.0,2.0,3.0,1.0,2.0,0.30989353234698724,2.0,4.0,0.17478634075282407,1.0,0.19699298119716324,2.0,0.40907417734989093,2.0,0.19333502812907144,0.3896438987691433,4.0,0.25771077861564373,0.13297379201078796,10.0,0.6729229143518344,3.0,5.0,3.0,3.0,0.1552210453215278,3.0,1.0,2.0,2.0,2.0,1.0,0.14837864495302433,0.13297379201078796,7.0,4.0,0.13297379201078796,0.13297379201078796,7.0,0.13297379201078796,6.0,4.0,0.18241222574628613,9.0,3.0,0.13297379201078796,0.13297379201078796,3.0,0.13297379201078796,8.0,1.0,0.14732982162292196,7.0,0.13297379201078796,0.13297379201078796
9,18,3.0,2.0,6.0,11.0,0.1713275504894567,9.0,0.13297379201078796,11.0,0.6648668622962692,2.0,9.0,0.2062424637252589,2.0,0.23582731447463023,1.0,0.33238954540867305,2.0,1.0,3.0,0.15701210640565166,3.0,1.0,0.13297379201078796,2.0,0.14752686871725973,3.0,0.609080353744016,4.0,0.13297379201078796,1.0,0.15365960686067093,1.0,0.18820724575586112,4.0,0.18323601718645233,2.0,4.0,0.19251884941186037,8.0,0.13297379201078796,4.0,0.23938001835437162,0.2626175987741015,0.17145066949586596,1.0,2.0,2.0,3.0,1.0,2.0,0.30989353234698724,2.0,4.0,0.17478634075282407,1.0,0.19699298119716324,2.0,0.40907417734989093,2.0,0.19333502812907144,0.3896438987691433,4.0,0.25771077861564373,0.13297379201078796,10.0,0.6729229143518344,3.0,5.0,3.0,3.0,0.1552210453215278,3.0,1.0,2.0,2.0,2.0,1.0,0.14837864495302433,0.13297379201078796,7.0,4.0,0.13297379201078796,0.13297379201078796,7.0,0.13297379201078796,6.0,4.0,0.18241222574628613,9.0,3.0,0.13297379201078796,0.13297379201078796,3.0,0.13297379201078796,8.0,1.0,0.14732982162292196,7.0,0.13297379201078796,0.13297379201078796
9,19,3.0,2.0,6.0,11.0,0.1713275504894567,9.0,0.13297379201078796,11.0,0.6648668622962692,2.0,9.0,0.2062424637252589,2.0,0.23582731447463023,1.0,0.33238954540867305,2.0,1.0,3.0,0.15701210640565166,3.0,1.0,0.13297379201078796,2.0,0.14752686871725973,3.0,0.609080353744016,4.0,0.13297379201078796,1.0,0.15365960686067093,1.0,0.18820724575586112,4.0,0.18323601718645233,2.0,4.0,0.19251884941186037,8.0,0.13297379201078796,4.0,0.23938001835437162,0.2626175987741015,0.17145066949586596,1.0,2.0,2.0,3.0,1.0,2.0,0.30989353234698724,2.0,4.0,0.17478634075282407,1.0,0.19699298119716324,2.0,0.40907417734989093,2.0,0.19333502812907144,0.3896438987691433,4.0,0.25771077861564373,0.13297379201078796,10.0,0.6729229143518344,3.0,5.0,3.0,3.0,0.1552210453215278,3.0,1.0,2.0,2.0,2.0,1.0,0.14837864495302433,0.13297379201078796,7.0,4.0,0.13297379201078796,0.13297379201078796,7.0,0.13297379201078796,6.0,4.0,0.18241222574628613,9.0,3.0,0.13297379201078796,0.13297379201078796,3.0,0.13297379201078796,8.0,1.0,0.14732982162292196,7.0,0.13297379201078796,0.13297379201078796
9,20,3.0,2.0,6.0,11.0,0.1713275504894567,9.0,0.13297379201078796,11.0,0.6648668622962692,2.0,9.0,0.2062424637252589,2.0,0.23582731447463023,1.0,0.33238954540867305,2.0,1.0,3.0,0.15701210640565166,3.0,1.0,0.13297379201078796,2.0,0.14752686871725973,3.0,0.609080353744016,4.0,0.13297379201078796,1.0,0.15365960686067093,1.0,0.18820724575586112,4.0,0.18323601718645233,2.0,4.0,0.19251884941186037,8.0,0.13297379201078796,4.0,0.23938001835437162,0.2626175987741015,0.17145066949586596,1.0,2.0,2.0,3.0,1.0,2.0,0.30989353234698724,2.0,4.0,0.17478634075282407,1.0,0.19699298119716324,2.0,0.40907417734989093,2.0,0.19333502812907144,0.3896438987691433,4.0,0.25771077861564373,0.13297379201078796,10.0,0.6729229143518344,3.0,5.0,3.0,3.0,0.1552210453215278,3.0,1.0,2.0,2.0,2.0,1.0,0.14837864495302433,0.13297379201078796,7.0,4.0,0.13297379201078796,0.13297379201078796,7.0,0.13297379201078796,6.0,4.0,0.18241222574628613,9.0,3.0,0.13297379201078796,0.13297379201078796,3.0,0.13297379201078796,8.0,1.0,0.14732982162292196,7.0,0.13297379201078796,0.13297379201078796
9,21,3.0,2.0,6.0,11.0,0.1713275504894567,9.0,0.13297379201078796,11.0,0.6648668622962692,2.0,9.0,0.2062424637252589,2.0,0.23582731447463023,1.0,0.33238954540867305,2.0,1.0,3.0,0.15701210640565166,3.0,1.0,0.13297379201078796,2.0,0.14752686871725973,3.0,0.609080353744016,4.0,0.13297379201078796,1.0,0.15365960686067093,1.0,0.18820724575586112,4.0,0.18323601718645233,2.0,4.0,0.19251884941186037,8.0,0.13297379201078796,4.0,0.23938001835437162,0.2626175987741015,0.17145066949586596,1.0,2.0,2.0,3.0,1.0,2.0,0.30989353234698724,2.0,4.0,0.17478634075282407,1.0,0.19699298119716324,2.0,0.40907417734989093,2.0,0.19333502812907144,0.3896438987691433,4.0,0.25771077861564373,0.13297379201078796,10.0,0.6729229143518344,3.0,5.0,3.0,3.0,0.1552210453215278,3.0,1.0,2.0,2.0,2.0,1.0,0.14837864495302433,0.13297379201078796,7.0,4.0,0.13297379201078796,0.13297379201078796,7.0,0.13297379201078796,6.0,4.0,0.18241222574628613,9.0,3.0,0.13297379201078796,0.13297379201078796,3.0,0.13297379201078796,8.0,1.0,0.14732982162292196,7.0,0.13297379201078796,0.13297379201078796
9,22,3.0,2.0,6.0,11.0,0.1713275504894567,9.0,0.13297379201078796,11.0,0.6648668622962692,2.0,9.0,0.2062424637252589,2.0,0.23582731447463023,1.0,0.33238954540867305,2.0,1.0,3.0,0.15701210640565166,3.0,1.0,0.13297379201078796,2.0,0.14752686871725973,3.0,0.609080353744016,4.0,0.13297379201078796,1.0,0.15365960686067093,1.0,0.18820724575586112,4.0,0.18323601718645233,2.0,4.0,0.19251884941186037,8.0,0.13297379201078796,4.0,0.23938001835437162,0.2626175987741015,0.17145066949586596,1.0,2.0,2.0,3.0,1.0,2.0,0.30989353234698724,2.0,4.0,0.17478634075282407,1.0,0.19699298119716324,2.0,0.40907417734989093,2.0,0.19333502812907144,0.3896438987691433,4.0,0.25771077861564373,0.13297379201078796,10.0,0.6729229143518344,3.0,5.0,3.0,3.0,0.1552210453215278,3.0,1.0,2.0,2.0,2.0,1.0,0.14837864495302433,0.13297379201078796,7.0,4.0,0.13297379201078796,0.13297379201078796,7.0,0.13297379201078796,6.0,4.0,0.18241222574628613,9.0,3.0,0.13297379201078796,0.13297379201078796,3.0,0.13297379201078796,8.0,1.0,0.14732982162292196,7.0,0.13297379201078796,0.13297379201078796
9,23,3.0,2.0,6.0,11.0,0.1713275504894567,9.0,0.13297379201078796,11.0,0.6648668622962692,2.0,9.0,0.2062424637252589,2.0,0.23582731447463023,1.0,0.33238954540867305,2.0,1.0,3.0,0.15701210640565166,3.0,1.0,0.13297379201078796,2.0,0.14752686871725973,3.0,0.609080353744016,4.0,0.13297379201078796,1.0,0.15365960686067093,1.0,0.18820724575586112,4.0,0.18323601718645233,2.0,4.0,0.19251884941186037,8.0,0.13297379201078796,4.0,0.23938001835437162,0.2626175987741015,0.17145066949586596,1.0,2.0,2.0,3.0,1.0,2.0,0.30989353234698724,2.0,4.0,0.17478634075282407,1.0,0.19699298119716324,2.0,0.40907417734989093,2.0,0.19333502812907144,0.3896438987691433,4.0,0.25771077861564373,0.13297379201078796,10.0,0.6729229143518344,3.0,5.0,3.0,3.0,0.1552210453215278,3.0,1.0,2.0,2.0,2.0,1.0,0.14837864495302433,0.13297379201078796,7.0,4.0,0.13297379201078796,0.13297379201078796,7.0,0.13297379201078796,6.0,4.0,0.18241222574628613,9.0,3.0,0.13297379201078796,0.13297379201078796,3.0,0.13297379201078796,8.0,1.0,0.14732982162292196,7.0,0.13297379201078796,0.13297379201078796
9,24,3.0,2.0,6.0,11.0,0.1713275504894567,9.0,0.13297379201078796,11.0,0.6648668622962692,2.0,9.0,0.2062424637252589,2.0,0.23582731447463023,1.0,0.33238954540867305,2.0,1.0,3.0,0.15701210640565166,3.0,1.0,0.13297379201078796,2.0,0.14752686871725973,3.0,0.609080353744016,4.0,0.13297379201078796,1.0,0.15365960686067093,1.0,0.18820724575586112,4.0,0.18323601718645233,2.0,4.0,0.19251884941186037,8.0,0.13297379201078796,4.0,0.23938001835437162,0.2626175987741015,0.17145066949586596,1.0,2.0,2.0,3.0,1.0,2.0,0.30989353234698724,2.0,4.0,0.17478634075282407,1.0,0.19699298119716324,2.0,0.40907417734989093,2.0,0.19333502812907144,0.3896438987691433,4.0,0.25771077861564373,0.13297379201078796,10.0,0.6729229143518344,3.0,5.0,3.0,3.0,0.1552210453215278,3.0,1.0,2.0,2.0,2.0,1.0,0.14837864495302433,0.13297379201078796,7.0,4.0,0.13297379201078796,0.13297379201078796,7.0,0.13297379201078796,6.0,4.0,0.18241222574628613,9.0,3.0,0.13297379201078796,0.13297379201078796,3.0,0.13297379201078796,8.0,1.0,0.14732982162292196,7.0,0.13297379201078796,0.13297379201078796
9,25,3.0,2.0,6.0,11.0,0.1713275504894567,9.0,0.13297379201078796,11.0,0.6648668622962692,2.0,9.0,0.2062424637252589,2.0,0.23582731447463023,1.0,0.33238954540867305,2.0,1.0,3.0,0.15701210640565166,3.0,1.0,0.13297379201078796,2.0,0.14752686871725973,3.0,0.609080353744016,4.0,0.13297379201078796,1.0,0.15365960686067093,1.0,0.18820724575586112,4.0,0.18323601718645233,2.0,4.0,0.19251884941186037,8.0,0.13297379201078796,4.0,0.23938001835437162,0.2626175987741015,0.17145066949586596,1.0,2.0,2.0,3.0,1.0,2.0,0.30989353234698724,2.0,4.0,0.17478634075282407,1.0,0.19699298119716324,2.0,0.40907417734989093,2.0,0.19333502812907144,0.3896438987691433,4.0,0.25771077861564373,0.13297379201078796,10.0,0.6729229143518344,3.0,5.0,3.0,3.0,0.1552210453215278,3.0,1.0,2.0,2.0,2.0,1.0,0.14837864495302433,0.13297379201078796,7.0,4.0,0.13297379201078796,0.13297379201078796,7.0,0.13297379201078796,6.0,4.0,0.18241222574628613,9.0,3.0,0.13297379201078796,0.13297379201078796,3.0,0.13297379201078796,8.0,1.0,0.14732982162292196,7.0,0.13297379201078796,0.13297379201078796
9,26,3.0,2.0,6.0,11.0,0.1713275504894567,9.0,0.13297379201078796,11.0,0.6648668622962692,2.0,9.0,0.2062424637252589,2.0,0.23582731447463023,1.0,0.33238954540867305,2.0,1.0,3.0,0.15701210640565166,3.0,1.0,0.13297379201078796,2.0,0.14752686871725973,3.0,0.609080353744016,4.0,0.13297379201078796,1.0,0.15365960686067093,1.0,0.18820724575586112,4.0,0.18323601718645233,2.0,4.0,0.19251884941186037,8.0,0.13297379201078796,4.0,0.23938001835437162,0.2626175987741015,0.17145066949586596,1.0,2.0,2.0,3.0,1.0,2.0,0.30989353234698724,2.0,4.0,0.17478634075282407,1.0,0.19699298119716324,2.0,0.40907417734989093,2.0,0.19333502812907144,0.3896438987691433,4.0,0.25771077861564373,0.13297379201078796,10.0,0.6729229143518344,3.0,5.0,3.0,3.0,0.1552210453215278,3.0,1.0,2.0,2.0,2.0,1.0,0.14837864495302433,0.13297379201078796,7.0,4.0,0.13297379201078796,0.13297379201078796,7.0,0.13297379201078796,6.0,4.0,0.18241222574628613,9.0,3.0,0.13297379201078796,0.13297379201078796,3.0,0.13297379201078796,8.0,1.0,0.14732982162292196,7.0,0.13297379201078796,0.13297379201078796
9,27,3.0,2.0,6.0,11.0,0.1713275504894567,9.0,0.13297379201078796,11.0,0.6648668622962692,2.0,9.0,0.2062424637252589,2.0,0.23582731447463023,1.0,0.33238954540867305,2.0,1.0,3.0,0.15701210640565166,3.0,1.0,0.13297379201078796,2.0,0.14752686871725973,3.0,0.609080353744016,4.0,0.13297379201078796,1.0,0.15365960686067093,1.0,0.18820724575586112,4.0,0.18323601718645233,2.0,4.0,0.19251884941186037,8.0,0.13297379201078796,4.0,0.23938001835437162,0.2626175987741015,0.17145066949586596,1.0,2.0,2.0,3.0,1.0,2.0,0.30989353234698724,2.0,4.0,0.17478634075282407,1.0,0.19699298119716324,2.0,0.40907417734989093,2.0,0.19333502812907144,0.3896438987691433,4.0,0.25771077861564373,0.13297379201078796,10.0,0.6729229143518344,3.0,5.0,3.0,3.0,0.1552210453215278,3.0,1.0,2.0,2.0,2.0,1.0,0.14837864495302433,0.13297379201078796,7.0,4.0,0.13297379201078796,0.13297379201078796,7.0,0.13297379201078796,6.0,4.0,0.18241222574628613,9.0,3.0,0.13297379201078796,0.13297379201078796,3.0,0.13297379201078796,8.0,1.0,0.14732982162292196,7.0,0.13297379201078796,0.13297379201078796
9,28,3.0,2.0,6.0,11.0,0.1713275504894567,9.0,0.13297379201078796,11.0,0.6648668622962692,2.0,9.0,0.2062424637252589,2.0,0.23582731447463023,1.0,0.33238954540867305,2.0,1.0,3.0,0.15701210640565166,3.0,1.0,0.13297379201078796,2.0,0.14752686871725973,3.0,0.609080353744016,4.0,0.13297379201078796,1.0,0.15365960686067093,1.0,0.18820724575586112,4.0,0.18323601718645233,2.0,4.0,0.19251884941186037,8.0,0.13297379201078796,4.0,0.23938001835437162,0.2626175987741015,0.17145066949586596,1.0,2.0,2.0,3.0,1.0,2.0,0.30989353234698724,2.0,4.0,0.17478634075282407,1.0,0.19699298119716324,2.0,0.40907417734989093,2.0,0.19333502812907144,0.3896438987691433,4.0,0.25771077861564373,0.13297379201078796,10.0,0.6729229143518344,3.0,5.0,3.0,3.0,0.1552210453215278,3.0,1.0,2.0,2.0,2.0,1.0,0.14837864495302433,0.13297379201078796,7.0,4.0,0.13297379201078796,0.13297379201078796,7.0,0.13297379201078796,6.0,4.0,0.18241222574628613,9.0,3.0,0.13297379201078796,0.13297379201078796,3.0,0.13297379201078796,8.0,1.0,0.14732982162292196,7.0,0.13297379201078796,0.13297379201078796
9,29,3.0,2.0,6.0,11.0,0.1713275504894567,9.0,0.13297379201078796,11.0,0.6648668622962692,2.0,9.0,0.2062424637252589,2.0,0.23582731447463023,1.0,0.33238954540867305,2.0,1.0,3.0,0.15701210640565166,3.0,1.0,0.13297379201078796,2.0,0.14752686871725973,3.0,0.609080353744016,4.0,0.13297379201078796,1.0,0.15365960686067093,1.0,0.18820724575586112,4.0,0.18323601718645233,2.0,4.0,0.19251884941186037,8.0,0.13297379201078796,4.0,0.23938001835437162,0.2626175987741015,0.17145066949586596,1.0,2.0,2.0,3.0,1.0,2.0,0.30989353234698724,2.0,4.0,0.17478634075282407,1.0,0.19699298119716324,2.0,0.40907417734989093,2.0,0.19333502812907144,0.3896438987691433,4.0,0.25771077861564373,0.13297379201078796,10.0,0.6729229143518344,3.0,5.0,3.0,3.0,0.1552210453215278,3.0,1.0,2.0,2.0,2.0,1.0,0.14837864495302433,0.13297379201078796,7.0,4.0,0.13297379201078796,0.13297379201078796,7.0,0.13297379201078796,6.0,4.0,0.18241222574628613,9.0,3.0,0.13297379201078796,0.13297379201078796,3.0,0.13297379201078796,8.0,1.0,0.14732982162292196,7.0,0.13297379201078796,0.13297379201078796
9,30,3.0,2.0,6.0,11.0,0.1713275504894567,9.0,0.13297379201078796,11.0,0.6648668622962692,2.0,9.0,0.2062424637252589,2.0,0.23582731447463023,1.0,0.33238954540867305,2.0,1.0,3.0,0.15701210640565166,3.0,1.0,0.13297379201078796,2.0,0.14752686871725973,3.0,0.609080353744016,4.0,0.13297379201078796,1.0,0.15365960686067093,1.0,0.18820724575586112,4.0,0.18323601718645233,2.0,4.0,0.19251884941186037,8.0,0.13297379201078796,4.0,0.23938001835437162,0.2626175987741015,0.17145066949586596,1.0,2.0,2.0,3.0,1.0,2.0,0.30989353234698724,2.0,4.0,0.17478634075282407,1.0,0.19699298119716324,2.0,0.40907417734989093,2.0,0.19333502812907144,0.3896438987691433,4.0,0.25771077861564373,0.13297379201078796,10.0,0.6729229143518344,3.0,5.0,3.0,3.0,0.1552210453215278,3.0,1.0,2.0,2.0,2.0,1.0,0.14837864495302433,0.13297379201078796,7.0,4.0,0.13297379201078796,0.13297379201078796,7.0,0.13297379201078796,6.0,4.0,0.18241222574628613,9.0,3.0,0.13297379201078796,0.13297379201078796,3.0,0.13297379201078796,8.0,1.0,0.14732982162292196,7.0,0.13297379201078796,0.13297379201078796
9,31,3.0,2.0,6.0,11.0,0.1713275504894567,9.0,0.13297379201078796,11.0,0.6648668622962692,2.0,9.0,0.2062424637252589,2.0,0.23582731447463023,1.0,0.33238954540867305,2.0,1.0,3.0,0.15701210640565166,3.0,1.0,0.13297379201078796,2.0,0.14752686871725973,3.0,0.609080353744016,4.0,0.13297379201078796,1.0,0.15365960686067093,1.0,0.18820724575586112,4.0,0.18323601718645233,2.0,4.0,0.19251884941186037,8.0,0.13297379201078796,4.0,0.23938001835437162,0.2626175987741015,0.17145066949586596,1.0,2.0,2.0,3.0,1.0,2.0,0.30989353234698724,2.0,4.0,0.17478634075282407,1.0,0.19699298119716324,2.0,0.40907417734989093,2.0,0.19333502812907144,0.3896438987691433,4.0,0.25771077861564373,0.13297379201078796,10.0,0.6729229143518344,3.0,5.0,3.0,3.0,0.1552210453215278,3.0,1.0,2.0,2.0,2.0,1.0,0.14837864495302433,0.13297379201078796,7.0,4.0,0.13297379201078796,0.13297379201078796,7.0,0.13297379201078796,6.0,4.0,0.18241222574628613,9.0,3.0,0.13297379201078796,0.13297379201078796,3.0,0.13297379201078796,8.0,1.0,0.14732982162292196,7.0,0.13297379201078796,0.13297379201078796
9,32,3.0,2.0,6.0,11.0,0.1713275504894567,9.0,0.13297379201078796,11.0,0.6648668622962692,2.0,9.0,0.2062424637252589,2.0,0.23582731447463023,1.0,0.33238954540867305,2.0,1.0,3.0,0.15701210640565166,3.0,1.0,0.13297379201078796,2.0,0.14752686871725973,3.0,0.609080353744016,4.0,0.13297379201078796,1.0,0.15365960686067093,1.0,0.18820724575586112,4.0,0.18323601718645233,2.0,4.0,0.19251884941186037,8.0,0.13297379201078796,4.0,0.23938001835437162,0.2626175987741015,0.17145066949586596,1.0,2.0,2.0,3.0,1.0,2.0,0.30989353234698724,2.0,4.0,0.17478634075282407,1.0,0.19699298119716324,2.0,0.40907417734989093,2.0,0.19333502812907144,0.3896438987691433,4.0,0.25771077861564373,0.13297379201078796,10.0,0.6729229143518344,3.0,5.0,3.0,3.0,0.1552210453215278,3.0,1.0,2.0,2.0,2.0,1.0,0.14837864495302433,0.13297379201078796,7.0,4.0,0.13297379201078796,0.13297379201078796,7.0,0.13297379201078796,6.0,4.0,0.18241222574628613,9.0,3.0,0.13297379201078796,0.13297379201078796,3.0,0.13297379201078796,8.0,1.0,0.14732982162292196,7.0,0.13297379201078796,0.13297379201078796
9,33,3.0,2.0,6.0,11.0,0.1713275504894567,9.0,0.13297379201078796,11.0,0.6648668622962692,2.0,9.0,0.2062424637252589,2.0,0.23582731447463023,1.0,0.33238954540867305,2.0,1.0,3.0,0.15701210640565166,3.0,1.0,0.13297379201078796,2.0,0.14752686871725973,3.0,0.609080353744016,4.0,0.13297379201078796,1.0,0.15365960686067093,1.0,0.18820724575586112,4.0,0.18323601718645233,2.0,4.0,0.19251884941186037,8.0,0.13297379201078796,4.0,0.23938001835437162,0.2626175987741015,0.17145066949586596,1.0,2.0,2.0,3.0,1.0,2.0,0.30989353234698724,2.0,4.0,0.17478634075282407,1.0,0.19699298119716324,2.0,0.40907417734989093,2.0,0.19333502812907144,0.3896438987691433,4.0,0.25771077861564373,0.13297379201078796,10.0,0.6729229143518344,3.0,5.0,3.0,3.0,0.1552210453215278,3.0,1.0,2.0,2.0,2.0,1.0,0.14837864495302433,0.13297379201078796,7.0,4.0,0.13297379201078796,0.13297379201078796,7.0,0.13297379201078796,6.0,4.0,0.18241222574628613,9.0,3.0,0.13297379201078796,0.13297379201078796,3.0,0.13297379201078796,8.0,1.0,0.14732982162292196,7.0,0.13297379201078796,0.13297379201078796
9,34,3.0,2.0,6.0,11.0,0.1713275504894567,9.0,0.13297379201078796,11.0,0.6648668622962692,2.0,9.0,0.2062424637252589,2.0,0.23582731447463023,1.0,0.33238954540867305,2.0,1.0,3.0,0.15701210640565166,3.0,1.0,0.13297379201078796,2.0,0.14752686871725973,3.0,0.609080353744016,4.0,0.13297379201078796,1.0,0.15365960686067093,1.0,0.18820724575586112,4.0,0.18323601718645233,2.0,4.0,0.19251884941186037,8.0,0.13297379201078796,4.0,0.23938001835437162,0.2626175987741015,0.17145066949586596,1.0,2.0,2.0,3.0,1.0,2.0,0.30989353234698724,2.0,4.0,0.17478634075282407,1.0,0.19699298119716324,2.0,0.40907417734989093,2.0,0.19333502812907144,0.3896438987691433,4.0,0.25771077861564373,0.13297379201078796,10.0,0.6729229143518344,3.0,5.0,3.0,3.0,0.1552210453215278,3.0,1.0,2.0,2.0,2.0,1.0,0.14837864495302433,0.13297379201078796,7.0,4.0,0.13297379201078796,0.13297379201078796,7.0,0.13297379201078796,6.0,4.0,0.18241222574628613,9.0,3.0,0.13297379201078796,0.13297379201078796,3.0,0.13297379201078796,8.0,1.0,0.14732982162292196,7.0,0.13297379201078796,0.13297379201078796
9,35,3.0,2.0,6.0,11.0,0.1713275504894567,9.0,0.13297379201078796,11.0,0.6648668622962692,2.0,9.0,0.2062424637252589,2.0,0.23582731447463023,1.0,0.33238954540867305,2.0,1.0,3.0,0.15701210640565166,3.0,1.0,0.13297379201078796,2.0,0.14752686871725973,3.0,0.609080353744016,4.0,0.13297379201078796,1.0,0.15365960686067093,1.0,0.18820724575586112,4.0,0.18323601718645233,2.0,4.0,0.19251884941186037,8.0,0.13297379201078796,4.0,0.23938001835437162,0.2626175987741015,0.17145066949586596,1.0,2.0,2.0,3.0,1.0,2.0,0.30989353234698724,2.0,4.0,0.17478634075282407,1.0,0.19699298119716324,2.0,0.40907417734989093,2.0,0.19333502812907144,0.3896438987691433,4.0,0.25771077861564373,0.13297379201078796,10.0,0.6729229143518344,3.0,5.0,3.0,3.0,0.1552210453215278,3.0,1.0,2.0,2.0,2.0,1.0,0.14837864495302433,0.13297379201078796,7.0,4.0,0.13297379201078796,0.13297379201078796,7.0,0.13297379201078796,6.0,4.0,0.18241222574628613,9.0,3.0,0.13297379201078796,0.13297379201078796,3.0,0.13297379201078796,8.0,1.0,0.14732982162292196,7.0,0.13297379201078796,0.13297379201078796
9,36,3.0,2.0,6.0,11.0,0.1713275504894567,9.0,0.13297379201078796,11.0,0.6648668622962692,2.0,9.0,0.2062424637252589,2.0,0.23582731447463023,1.0,0.33238954540867305,2.0,1.0,3.0,0.15701210640565166,3.0,1.0,0.13297379201078796,2.0,0.14752686871725973,3.0,0.609080353744016,4.0,0.13297379201078796,1.0,0.15365960686067093,1.0,0.18820724575586112,4.0,0.18323601718645233,2.0,4.0,0.19251884941186037,8.0,0.13297379201078796,4.0,0.23938001835437162,0.2626175987741015,0.17145066949586596,1.0,2.0,2.0,3.0,1.0,2.0,0.30989353234698724,2.0,4.0,0.17478634075282407,1.0,0.19699298119716324,2.0,0.40907417734989093,2.0,0.19333502812907144,0.3896438987691433,4.0,0.25771077861564373,0.13297379201078796,10.0,0.6729229143518344,3.0,5.0,3.0,3.0,0.1552210453215278,3.0,1.0,2.0,2.0,2.0,1.0,0.14837864495302433,0.13297379201078796,7.0,4.0,0.13297379201078796,0.13297379201078796,7.0,0.13297379201078796,6.0,4.0,0.18241222574628613,9.0,3.0,0.13297379201078796,0.13297379201078796,3.0,0.13297379201078796,8.0,1.0,0.14732982162292196,7.0,0.13297379201078796,0.13297379201078796
9,37,3.0,2.0,6.0,11.0,0.1713275504894567,9.0,0.13297379201078796,11.0,0.6648668622962692,2.0,9.0,0.2062424637252589,2.0,0.23582731447463023,1.0,0.33238954540867305,2.0,1.0,3.0,0.15701210640565166,3.0,1.0,0.13297379201078796,2.0,0.14752686871725973,3.0,0.609080353744016,4.0,0.13297379201078796,1.0,0.15365960686067093,1.0,0.18820724575586112,4.0,0.18323601718645233,2.0,4.0,0.19251884941186037,8.0,0.13297379201078796,4.0,0.23938001835437162,0.2626175987741015,0.17145066949586596,1.0,2.0,2.0,3.0,1.0,2.0,0.30989353234698724,2.0,4.0,0.17478634075282407,1.0,0.19699298119716324,2.0,0.40907417734989093,2.0,0.19333502812907144,0.3896438987691433,4.0,0.25771077861564373,0.13297379201078796,10.0,0.6729229143518344,3.0,5.0,3.0,3.0,0.1552210453215278,3.0,1.0,2.0,2.0,2.0,1.0,0.14837864495302433,0.13297379201078796,7.0,4.0,0.13297379201078796,0.13297379201078796,7.0,0.13297379201078796,6.0,4.0,0.18241222574628613,9.0,3.0,0.13297379201078796,0.13297379201078796,3.0,0.13297379201078796,8.0,1.0,0.14732982162292196,7.0,0.13297379201078796,0.13297379201078796
9,38,3.0,2.0,6.0,11.0,0.1713275504894567,9.0,0.13297379201078796,11.0,0.6648668622962692,2.0,9.0,0.2062424637252589,2.0,0.23582731447463023,1.0,0.33238954540867305,2.0,1.0,3.0,0.15701210640565166,3.0,1.0,0.13297379201078796,2.0,0.14752686871725973,3.0,0.609080353744016,4.0,0.13297379201078796,1.0,0.15365960686067093,1.0,0.18820724575586112,4.0,0.18323601718645233,2.0,4.0,0.19251884941186037,8.0,0.13297379201078796,4.0,0.23938001835437162,0.2626175987741015,0.17145066949586596,1.0,2.0,2.0,3.0,1.0,2.0,0.30989353234698724,2.0,4.0,0.17478634075282407,1.0,0.19699298119716324,2.0,0.40907417734989093,2.0,0.19333502812907144,0.3896438987691433,4.0,0.25771077861564373,0.13297379201078796,10.0,0.6729229143518344,3.0,5.0,3.0,3.0,0.1552210453215278,3.0,1.0,2.0,2.0,2.0,1.0,0.14837864495302433,0.13297379201078796,7.0,4.0,0.13297379201078796,0.13297379201078796,7.0,0.13297379201078796,6.0,4.0,0.18241222574628613,9.0,3.0,0.13297379201078796,0.13297379201078796,3.0,0.13297379201078796,8.0,1.0,0.14732982162292196,7.0,0.13297379201078796,0.13297379201078796
9,39,3.0,2.0,6.0,11.0,0.1713275504894567,9.0,0.13297379201078796,11.0,0.6648668622962692,2.0,9.0,0.2062424637252589,2.0,0.23582731447463023,1.0,0.33238954540867305,2.0,1.0,3.0,0.15701210640565166,3.0,1.0,0.13297379201078796,2.0,0.14752686871725973,3.0,0.609080353744016,4.0,0.13297379201078796,1.0,0.15365960686067093,1.0,0.18820724575586112,4.0,0.18323601718645233,2.0,4.0,0.19251884941186037,8.0,0.13297379201078796,4.0,0.23938001835437162,0.2626175987741015,0.17145066949586596,1.0,2.0,2.0,3.0,1.0,2.0,0.30989353234698724,2.0,4.0,0.17478634075282407,1.0,0.19699298119716324,2.0,0.40907417734989093,2.0,0.19333502812907144,0.3896438987691433,4.0,0.25771077861564373,0.13297379201078796,10.0,0.6729229143518344,3.0,5.0,3.0,3.0,0.1552210453215278,3.0,1.0,2.0,2.0,2.0,1.0,0.14837864495302433,0.13297379201078796,7.0,4.0,0.13297379201078796,0.13297379201078796,7.0,0.13297379201078796,6.0,4.0,0.18241222574628613,9.0,3.0,0.13297379201078796,0.13297379201078796,3.0,0.13297379201078796,8.0,1.0,0.14732982162292196,7.0,0.13297379201078796,0.13297379201078796
