-0.08472882273119849,-0.06033663808152818,-0.07100872564858439,-0.08647221286392606,-0.1153429207467234,-0.03826466238080506,-0.119410841165113,-0.13933439905525172,-0.09846246969881693,-0.1091602348824612,-3.964922593301533E-4,0.0206991712198414,-0.11102346246784853,-0.08090854614011422,-0.10682109252312753,-0.0817765338153412
0.08074132448221823,-0.08490159748282347,-0.007541917794459654,0.08631753657861882,-0.02482515374852393,0.05329641251983453,-0.04896281975211659,-0.021621286429574102,0.026339736377779744,0.022564196904352487,-0.13169571087363316,0.03585294117200108,0.07338816439444955,0.017405112452057482,-0.03550924109980582,0.06347582347055583
-0.015016486427780544,-0.06424386533367925,-0.010183185884245794,-0.043559917464455616,-0.08567935090132675,-0.041834543198411164,-0.07103198173865113,-0.11311566233374075,-0.09866461397677316,0.0792986952077193,-0.031057384252206076,-0.044702706374841285,0.05592373097166028,0.060396383784996746,-0.12938726936829545,-0.024718702428865088
-0.056906525761331934,0.06627280456350877,0.05650997783201979,-0.12772052095864525,-0.07603948553664547,-0.06583014703128011,-0.16039586174998136,-0.10096173379083176,-0.07191383283977487,-0.050780914686971546,0.03502250106363661,-0.07264381689847593,0.042738407918646144,-0.058523198063180244,-0.10150129071589914,-0.07453765835309571
-0.0718469080104299,0.015428391255175701,-0.07818799716004333,-0.2112123607854814,-0.1720353778345196,-0.16716736437996016,-0.19442283755266154,-0.17418463337913187,-0.17731957325596068,-0.11808093489003481,-0.07487816495509464,-0.05876802004765467,-0.0541412373861544,-0.1415596062377033,-0.20838577732729632,-0.12029266591298449
-0.08967826171718948,-0.05117565081885249,-0.06720905466149066,-0.17842027572659167,-0.20213885343894283,-0.1926279402714198,-0.23190935584278957,-0.22306885407676968,-0.21309106747621404,-0.1380559922852303,-0.10993389913112471,-0.1043874960874534,-0.09048474972463788,-0.1882716462690642,-0.22430759477907283,-0.16629034291277386
-0.0970142273850319,-0.08174197409411231,-0.1318298540632231,-0.214924686251766,-0.2064590086538352,-0.19379049924663158,-0.2663937617993052,-0.22345501702950796,-0.22458126136203405,-0.09855408621377375,-0.13907568520151206,-0.12001757777371737,-0.11943033092974145,-0.23654117841540476,-0.19571218852957734,-0.1766099800191032
-0.05633817446661257,-0.09357658672025909,-0.11770452045068966,-0.22928185668413847,-0.21866957608643353,-0.19891343749388357,-0.2858178637474698,-0.26499017861369006,-0.21934273233077106,-0.14481095791252596,-0.14424587788483711,-0.13395403207771708,-0.14176814460278342,-0.23252975915446125,-0.2085897214918116,-0.19678695574388347
-0.13564643207885596,-0.12386940971568229,-0.1620951657971608,-0.2113091040031427,-0.26339160317273824,-0.211938014574685,-0.29643559176498824,-0.3085531111862358,-0.27154226652960517,-0.20031903533767995,-0.1849303760313722,-0.15633485413320566,-0.11395965272546514,-0.28000924747722133,-0.23837829416927586,-0.2406709483816588
-0.18546850007262353,-0.11405773127559765,-0.1284391260310354,-0.23565743344572923,-0.2835594952377571,-0.19578499111852007,-0.2885850878176658,-0.2988348516585029,-0.28169993107884556,-0.1997738483318284,-0.20532604182724737,-0.1913149583434763,-0.11966387918188624,-0.2777694060194589,-0.1975450149939577,-0.2293510267829226
-0.20783125457827709,-0.14682737273547308,-0.19761377686065326,-0.2492244734193321,-0.3036940581029681,-0.2416627609217317,-0.3393241405060617,-0.2692547360514268,-0.30957767998948627,-0.2246041424311815,-0.20166361610889677,-0.20316465516971116,-0.19295874669724472,-0.3258441025302664,-0.22259680749406893,-0.2750385839899179
-0.2150875868536456,-0.1725102961315742,-0.23580957412398265,-0.2625538308211335,-0.2972742705475445,-0.25710140366051815,-0.3549751837879803,-0.27934250791471354,-0.29441882203179587,-0.23489083220493379,-0.218265904366035,-0.24895076011431502,-0.22848223900215855,-0.32447984890972814,-0.2675341695701738,-0.26592774014510284
-0.2550825708894208,-0.221400526607535,-0.24371144321482088,-0.2969485664575188,-0.2998814637893286,-0.2655430087744434,-0.4076683782430022,-0.31409724995463245,-0.3311832041561573,-0.24610924287555525,-0.2302007074850398,-0.2783842294929939,-0.21817222033284328,-0.32813075660167906,-0.28491503839407284,-0.2742397699704253
-0.2550825708894208,-0.221400526607535,-0.24371144321482088,-0.2969485664575188,-0.2998814637893286,-0.2655430087744434,-0.4076683782430022,-0.31409724995463245,-0.3311832041561573,-0.24610924287555525,-0.2302007074850398,-0.2783842294929939,-0.21817222033284328,-0.32813075660167906,-0.28491503839407284,-0.2742397699704253
-0.2550825708894208,-0.221400526607535,-0.24371144321482088,-0.2969485664575188,-0.2998814637893286,-0.2655430087744434,-0.4076683782430022,-0.31409724995463245,-0.3311832041561573,-0.24610924287555525,-0.2302007074850398,-0.2783842294929939,-0.21817222033284328,-0.32813075660167906,-0.28491503839407284,-0.2742397699704253
-0.2550825708894208,-0.221400526607535,-0.24371144321482088,-0.2969485664575188,-0.2998814637893286,-0.2655430087744434,-0.4076683782430022,-0.31409724995463245,-0.3311832041561573,-0.24610924287555525,-0.2302007074850398,-0.2783842294929939,-0.21817222033284328,-0.32813075660167906,-0.28491503839407284,-0.2742397699704253
-0.2550825708894208,-0.221400526607535,-0.24371144321482088,-0.2969485664575188,-0.2998814637893286,-0.2655430087744434,-0.4076683782430022,-0.31409724995463245,-0.3311832041561573,-0.24610924287555525,-0.2302007074850398,-0.2783842294929939,-0.21817222033284328,-0.32813075660167906,-0.28491503839407284,-0.2742397699704253
-0.2550825708894208,-0.221400526607535,-0.24371144321482088,-0.2969485664575188,-0.2998814637893286,-0.2655430087744434,-0.4076683782430022,-0.31409724995463245,-0.3311832041561573,-0.24610924287555525,-0.2302007074850398,-0.2783842294929939,-0.21817222033284328,-0.32813075660167906,-0.28491503839407284,-0.2742397699704253
-0.2550825708894208,-0.221400526607535,-0.24371144321482088,-0.2969485664575188,-0.2998814637893286,-0.2655430087744434,-0.4076683782430022,-0.31409724995463245,-0.3311832041561573,-0.24610924287555525,-0.2302007074850398,-0.2783842294929939,-0.21817222033284328,-0.32813075660167906,-0.28491503839407284,-0.2742397699704253
-0.2550825708894208,-0.221400526607535,-0.24371144321482088,-0.2969485664575188,-0.2998814637893286,-0.2655430087744434,-0.4076683782430022,-0.31409724995463245,-0.3311832041561573,-0.24610924287555525,-0.2302007074850398,-0.2783842294929939,-0.21817222033284328,-0.32813075660167906,-0.28491503839407284,-0.2742397699704253
-0.2550825708894208,-0.221400526607535,-0.24371144321482088,-0.2969485664575188,-0.2998814637893286,-0.2655430087744434,-0.4076683782430022,-0.31409724995463245,-0.3311832041561573,-0.24610924287555525,-0.2302007074850398,-0.2783842294929939,-0.21817222033284328,-0.32813075660167906,-0.28491503839407284,-0.2742397699704253
-0.2550825708894208,-0.221400526607535,-0.24371144321482088,-0.2969485664575188,-0.2998814637893286,-0.2655430087744434,-0.4076683782430022,-0.31409724995463245,-0.3311832041561573,-0.24610924287555525,-0.2302007074850398,-0.2783842294929939,-0.21817222033284328,-0.32813075660167906,-0.28491503839407284,-0.2742397699704253
-0.2550825708894208,-0.221400526607535,-0.24371144321482088,-0.2969485664575188,-0.2998814637893286,-0.2655430087744434,-0.4076683782430022,-0.31409724995463245,-0.3311832041561573,-0.24610924287555525,-0.2302007074850398,-0.2783842294929939,-0.21817222033284328,-0.32813075660167906,-0.28491503839407284,-0.2742397699704253
-0.2550825708894208,-0.221400526607535,-0.24371144321482088,-0.2969485664575188,-0.2998814637893286,-0.2655430087744434,-0.4076683782430022,-0.31409724995463245,-0.3311832041561573,-0.24610924287555525,-0.2302007074850398,-0.2783842294929939,-0.21817222033284328,-0.32813075660167906,-0.28491503839407284,-0.2742397699704253
-0.2550825708894208,-0.221400526607535,-0.24371144321482088,-0.2969485664575188,-0.2998814637893286,-0.2655430087744434,-0.4076683782430022,-0.31409724995463245,-0.3311832041561573,-0.24610924287555525,-0.2302007074850398,-0.2783842294929939,-0.21817222033284328,-0.32813075660167906,-0.28491503839407284,-0.2742397699704253
-0.2550825708894208,-0.221400526607535,-0.24371144321482088,-0.2969485664575188,-0.2998814637893286,-0.2655430087744434,-0.4076683782430022,-0.31409724995463245,-0.3311832041561573,-0.24610924287555525,-0.2302007074850398,-0.2783842294929939,-0.21817222033284328,-0.32813075660167906,-0.28491503839407284,-0.2742397699704253
-0.2550825708894208,-0.221400526607535,-0.24371144321482088,-0.2969485664575188,-0.2998814637893286,-0.2655430087744434,-0.4076683782430022,-0.31409724995463245,-0.3311832041561573,-0.24610924287555525,-0.2302007074850398,-0.2783842294929939,-0.21817222033284328,-0.32813075660167906,-0.28491503839407284,-0.2742397699704253
-0.2550825708894208,-0.221400526607535,-0.24371144321482088,-0.2969485664575188,-0.2998814637893286,-0.2655430087744434,-0.4076683782430022,-0.31409724995463245,-0.3311832041561573,-0.24610924287555525,-0.2302007074850398,-0.2783842294929939,-0.21817222033284328,-0.32813075660167906,-0.28491503839407284,-0.2742397699704253
-0.2550825708894208,-0.221400526607535,-0.24371144321482088,-0.2969485664575188,-0.2998814637893286,-0.2655430087744434,-0.4076683782430022,-0.31409724995463245,-0.3311832041561573,-0.24610924287555525,-0.2302007074850398,-0.2783842294929939,-0.21817222033284328,-0.32813075660167906,-0.28491503839407284,-0.2742397699704253
-0.2550825708894208,-0.221400526607535,-0.24371144321482088,-0.2969485664575188,-0.2998814637893286,-0.2655430087744434,-0.4076683782430022,-0.31409724995463245,-0.3311832041561573,-0.24610924287555525,-0.2302007074850398,-0.2783842294929939,-0.21817222033284328,-0.32813075660167906,-0.28491503839407284,-0.2742397699704253
-0.2550825708894208,-0.221400526607535,-0.24371144321482088,-0.2969485664575188,-0.2998814637893286,-0.2655430087744434,-0.4076683782430022,-0.31409724995463245,-0.3311832041561573,-0.24610924287555525,-0.2302007074850398,-0.2783842294929939,-0.21817222033284328,-0.32813075660167906,-0.28491503839407284,-0.2742397699704253
-0.2550825708894208,-0.221400526607535,-0.24371144321482088,-0.2969485664575188,-0.2998814637893286,-0.2655430087744434,-0.4076683782430022,-0.31409724995463245,-0.3311832041561573,-0.24610924287555525,-0.2302007074850398,-0.2783842294929939,-0.21817222033284328,-0.32813075660167906,-0.28491503839407284,-0.2742397699704253
-0.2550825708894208,-0.221400526607535,-0.24371144321482088,-0.2969485664575188,-0.2998814637893286,-0.2655430087744434,-0.4076683782430022,-0.31409724995463245,-0.3311832041561573,-0.24610924287555525,-0.2302007074850398,-0.2783842294929939,-0.21817222033284328,-0.32813075660167906,-0.28491503839407284,-0.2742397699704253
-0.2550825708894208,-0.221400526607535,-0.24371144321482088,-0.2969485664575188,-0.2998814637893286,-0.2655430087744434,-0.4076683782430022,-0.31409724995463245,-0.3311832041561573,-0.24610924287555525,-0.2302007074850398,-0.2783842294929939,-0.21817222033284328,-0.32813075660167906,-0.28491503839407284,-0.2742397699704253
-0.2550825708894208,-0.221400526607535,-0.24371144321482088,-0.2969485664575188,-0.2998814637893286,-0.2655430087744434,-0.4076683782430022,-0.31409724995463245,-0.3311832041561573,-0.24610924287555525,-0.2302007074850398,-0.2783842294929939,-0.21817222033284328,-0.32813075660167906,-0.28491503839407284,-0.2742397699704253
-0.2550825708894208,-0.221400526607535,-0.24371144321482088,-0.2969485664575188,-0.2998814637893286,-0.2655430087744434,-0.4076683782430022,-0.31409724995463245,-0.3311832041561573,-0.24610924287555525,-0.2302007074850398,-0.2783842294929939,-0.21817222033284328,-0.32813075660167906,-0.28491503839407284,-0.2742397699704253
-0.2550825708894208,-0.221400526607535,-0.24371144321482088,-0.2969485664575188,-0.2998814637893286,-0.2655430087744434,-0.4076683782430022,-0.31409724995463245,-0.3311832041561573,-0.24610924287555525,-0.2302007074850398,-0.2783842294929939,-0.21817222033284328,-0.32813075660167906,-0.28491503839407284,-0.2742397699704253
-0.2550825708894208,-0.221400526607535,-0.24371144321482088,-0.2969485664575188,-0.2998814637893286,-0.2655430087744434,-0.4076683782430022,-0.31409724995463245,-0.3311832041561573,-0.24610924287555525,-0.2302007074850398,-0.2783842294929939,-0.21817222033284328,-0.32813075660167906,-0.28491503839407284,-0.2742397699704253
-0.2550825708894208,-0.221400526607535,-0.24371144321482088,-0.2969485664575188,-0.2998814637893286,-0.2655430087744434,-0.4076683782430022,-0.31409724995463245,-0.3311832041561573,-0.24610924287555525,-0.2302007074850398,-0.2783842294929939,-0.21817222033284328,-0.32813075660167906,-0.28491503839407284,-0.2742397699704253
-0.2550825708894208,-0.221400526607535,-0.24371144321482088,-0.2969485664575188,-0.2998814637893286,-0.2655430087744434,-0.4076683782430022,-0.31409724995463245,-0.3311832041561573,-0.24610924287555525,-0.2302007074850398,-0.2783842294929939,-0.21817222033284328,-0.32813075660167906,-0.28491503839407284,-0.2742397699704253
-1600.0,-1600.0,-1600.0,-1600.0,-1600.0,-1600.0,-1600.0,-1600.0,-1600.0,-1600.0,-1600.0,-1600.0,-1600.0,-1600.0,-1600.0,-1600.0
-0.09747971067962811,-0.06720564219133941,-0.0925279196334107,-0.10450780381477634,-0.14863033876462853,-0.04878244018618347,-0.12960627331291102,-0.13194095590380445,-0.10585949222426301,-0.10350151797350225,-0.021135217725833853,0.025695822753512364,-0.08621118266785036,-0.08245486451770455,-0.1285272137471305,-0.12364362397181212
0.06724121787059147,-0.06917326533278034,-0.02952259551525751,0.018867550620536456,-0.030686882132709873,0.047850213478995436,-0.12492688549567438,-0.01720967174004056,0.011678453745816718,0.005609007904861614,-0.03955916830323588,0.04142126860082641,0.03914391770266922,-0.014719148835049288,-0.07014010678418027,0.021046830247762004
0.006136889171527397,-0.059036931809451125,0.002313030896162491,-0.04631863249013152,-0.13016729780335626,-0.04667205662134325,-0.0578108127856266,-0.05616853514592805,-0.08114055686574911,0.08985427927573836,-0.013885037814275357,-3.576620989601981E-4,0.011200655767295047,-0.008422301609028616,-0.12553386706498773,-0.051281308867872966
-0.04167534906587995,0.01623803923830299,0.028110078622728775,-0.1059392758693595,-0.11135902354495171,-0.07856791426169522,-0.11110373129857472,-0.09526006250650168,-0.11544828968709876,-0.02405971732854928,-0.014802212801334926,-0.0588775240983662,-0.0021996225980763905,-0.06860789193644125,-0.1325406480182233,-0.0916513192514385
-0.10304189864493533,-0.03220074404431219,-0.0898343765089665,-0.18705122381666467,-0.16393961780702043,-0.1271736791611659,-0.1527786642252359,-0.1588179461582429,-0.19907304836532083,-0.1062038879834305,-0.10809297960541958,-0.09815976287299492,-0.08740839875504541,-0.13534896222656503,-0.1996044252177823,-0.14593670626283964
-0.1424700226349137,-0.11753641843062246,-0.12023287240370337,-0.18486218769867724,-0.18838470391650616,-0.11352418257086974,-0.2033400613666217,-0.211412381649781,-0.23122140182112022,-0.1499634631041232,-0.11994584591452448,-0.1512929030155996,-0.13983559964835346,-0.2068392017549898,-0.23363012422789786,-0.19348060762952315
-0.17444532360464182,-0.16578854181394892,-0.17444993283904087,-0.2254214352526547,-0.22227637449454193,-0.12848646817495382,-0.2591485354448182,-0.23121751890212786,-0.267763587743109,-0.15975667993348586,-0.1855716631202435,-0.21124847820374637,-0.16832092989847083,-0.2600599455910131,-0.21785554149947917,-0.2293351801986376
-0.14840885831256853,-0.17794628638113122,-0.1980316962197658,-0.2791773412873907,-0.24516994424917576,-0.15992405850883412,-0.28681717697633324,-0.24659322324137772,-0.2758341849379585,-0.17440750250767834,-0.19369043410247574,-0.22687951655229718,-0.20262826333573916,-0.2754070326456492,-0.26137308064651876,-0.25479070016645555
-0.20283991094263232,-0.18096830750120907,-0.21201185511973816,-0.2577831771267109,-0.28259748349973146,-0.1726516243469525,-0.28334898806158143,-0.274798894149591,-0.30161781116376096,-0.21497505586195675,-0.23091373251289485,-0.23392407657665715,-0.2020872883621897,-0.28898179091109166,-0.27543073876177965,-0.2764761253501069
-0.24469763775382242,-0.19648951961239822,-0.19519458357258646,-0.2726421324122248,-0.2910913906214859,-0.16706839063103207,-0.29059818432047785,-0.2793089233894523,-0.30962164699839567,-0.22837783912457602,-0.24026822074282872,-0.268980071501305,-0.20534882504861307,-0.3010681743118401,-0.2775490861678324,-0.2874136666581441
-0.2458926666816926,-0.21139128630584542,-0.2220704294363427,-0.27582820836315597,-0.2984549529085183,-0.20941807829453393,-0.3081284903454733,-0.25696039956836897,-0.3330029127149441,-0.24898647560792692,-0.2313330523503016,-0.25568117214027347,-0.24222774935473546,-0.3182652705816567,-0.2913662101660431,-0.3084174721410273
-0.24952083281937687,-0.2242327480038959,-0.2411683280680076,-0.28249288706405634,-0.29524505913080673,-0.21713739966392734,-0.3159540119864328,-0.2620042855000122,-0.3254234837360989,-0.25412982049480304,-0.2396341964788704,-0.2785742246125755,-0.2599894955071924,-0.3175831437713876,-0.3138348912040958,-0.30386205021861945
-0.2695183248372645,-0.2486778632418763,-0.24511926261342648,-0.299690254882249,-0.2965486557516986,-0.22135820222089017,-0.3423006092139436,-0.27938165651997166,-0.34380567479827945,-0.2597390258301137,-0.2456015980383732,-0.29329095930191484,-0.25483448617253457,-0.31940859761736307,-0.3225253256160448,-0.3080180651312808
-0.2695183248372645,-0.2486778632418763,-0.24511926261342648,-0.299690254882249,-0.2965486557516986,-0.22135820222089017,-0.3423006092139436,-0.27938165651997166,-0.34380567479827945,-0.2597390258301137,-0.2456015980383732,-0.29329095930191484,-0.25483448617253457,-0.31940859761736307,-0.3225253256160448,-0.3080180651312808
-0.2695183248372645,-0.2486778632418763,-0.24511926261342648,-0.299690254882249,-0.2965486557516986,-0.22135820222089017,-0.3423006092139436,-0.27938165651997166,-0.34380567479827945,-0.2597390258301137,-0.2456015980383732,-0.29329095930191484,-0.25483448617253457,-0.31940859761736307,-0.3225253256160448,-0.3080180651312808
-0.2695183248372645,-0.2486778632418763,-0.24511926261342648,-0.299690254882249,-0.2965486557516986,-0.22135820222089017,-0.3423006092139436,-0.27938165651997166,-0.34380567479827945,-0.2597390258301137,-0.2456015980383732,-0.29329095930191484,-0.25483448617253457,-0.31940859761736307,-0.3225253256160448,-0.3080180651312808
-0.2695183248372645,-0.2486778632418763,-0.24511926261342648,-0.299690254882249,-0.2965486557516986,-0.22135820222089017,-0.3423006092139436,-0.27938165651997166,-0.34380567479827945,-0.2597390258301137,-0.2456015980383732,-0.29329095930191484,-0.25483448617253457,-0.31940859761736307,-0.3225253256160448,-0.3080180651312808
-0.2695183248372645,-0.2486778632418763,-0.24511926261342648,-0.299690254882249,-0.2965486557516986,-0.22135820222089017,-0.3423006092139436,-0.27938165651997166,-0.34380567479827945,-0.2597390258301137,-0.2456015980383732,-0.29329095930191484,-0.25483448617253457,-0.31940859761736307,-0.3225253256160448,-0.3080180651312808
-0.2695183248372645,-0.2486778632418763,-0.24511926261342648,-0.299690254882249,-0.2965486557516986,-0.22135820222089017,-0.3423006092139436,-0.27938165651997166,-0.34380567479827945,-0.2597390258301137,-0.2456015980383732,-0.29329095930191484,-0.25483448617253457,-0.31940859761736307,-0.3225253256160448,-0.3080180651312808
-0.2695183248372645,-0.2486778632418763,-0.24511926261342648,-0.299690254882249,-0.2965486557516986,-0.22135820222089017,-0.3423006092139436,-0.27938165651997166,-0.34380567479827945,-0.2597390258301137,-0.2456015980383732,-0.29329095930191484,-0.25483448617253457,-0.31940859761736307,-0.3225253256160448,-0.3080180651312808
-0.2695183248372645,-0.2486778632418763,-0.24511926261342648,-0.299690254882249,-0.2965486557516986,-0.22135820222089017,-0.3423006092139436,-0.27938165651997166,-0.34380567479827945,-0.2597390258301137,-0.2456015980383732,-0.29329095930191484,-0.25483448617253457,-0.31940859761736307,-0.3225253256160448,-0.3080180651312808
-0.2695183248372645,-0.2486778632418763,-0.24511926261342648,-0.299690254882249,-0.2965486557516986,-0.22135820222089017,-0.3423006092139436,-0.27938165651997166,-0.34380567479827945,-0.2597390258301137,-0.2456015980383732,-0.29329095930191484,-0.25483448617253457,-0.31940859761736307,-0.3225253256160448,-0.3080180651312808
-0.2695183248372645,-0.2486778632418763,-0.24511926261342648,-0.299690254882249,-0.2965486557516986,-0.22135820222089017,-0.3423006092139436,-0.27938165651997166,-0.34380567479827945,-0.2597390258301137,-0.2456015980383732,-0.29329095930191484,-0.25483448617253457,-0.31940859761736307,-0.3225253256160448,-0.3080180651312808
-0.2695183248372645,-0.2486778632418763,-0.24511926261342648,-0.299690254882249,-0.2965486557516986,-0.22135820222089017,-0.3423006092139436,-0.27938165651997166,-0.34380567479827945,-0.2597390258301137,-0.2456015980383732,-0.29329095930191484,-0.25483448617253457,-0.31940859761736307,-0.3225253256160448,-0.3080180651312808
-0.2695183248372645,-0.2486778632418763,-0.24511926261342648,-0.299690254882249,-0.2965486557516986,-0.22135820222089017,-0.3423006092139436,-0.27938165651997166,-0.34380567479827945,-0.2597390258301137,-0.2456015980383732,-0.29329095930191484,-0.25483448617253457,-0.31940859761736307,-0.3225253256160448,-0.3080180651312808
-0.2695183248372645,-0.2486778632418763,-0.24511926261342648,-0.299690254882249,-0.2965486557516986,-0.22135820222089017,-0.3423006092139436,-0.27938165651997166,-0.34380567479827945,-0.2597390258301137,-0.2456015980383732,-0.29329095930191484,-0.25483448617253457,-0.31940859761736307,-0.3225253256160448,-0.3080180651312808
-0.2695183248372645,-0.2486778632418763,-0.24511926261342648,-0.299690254882249,-0.2965486557516986,-0.22135820222089017,-0.3423006092139436,-0.27938165651997166,-0.34380567479827945,-0.2597390258301137,-0.2456015980383732,-0.29329095930191484,-0.25483448617253457,-0.31940859761736307,-0.3225253256160448,-0.3080180651312808
-0.2695183248372645,-0.2486778632418763,-0.24511926261342648,-0.299690254882249,-0.2965486557516986,-0.22135820222089017,-0.3423006092139436,-0.27938165651997166,-0.34380567479827945,-0.2597390258301137,-0.2456015980383732,-0.29329095930191484,-0.25483448617253457,-0.31940859761736307,-0.3225253256160448,-0.3080180651312808
-0.2695183248372645,-0.2486778632418763,-0.24511926261342648,-0.299690254882249,-0.2965486557516986,-0.22135820222089017,-0.3423006092139436,-0.27938165651997166,-0.34380567479827945,-0.2597390258301137,-0.2456015980383732,-0.29329095930191484,-0.25483448617253457,-0.31940859761736307,-0.3225253256160448,-0.3080180651312808
-0.2695183248372645,-0.2486778632418763,-0.24511926261342648,-0.299690254882249,-0.2965486557516986,-0.22135820222089017,-0.3423006092139436,-0.27938165651997166,-0.34380567479827945,-0.2597390258301137,-0.2456015980383732,-0.29329095930191484,-0.25483448617253457,-0.31940859761736307,-0.3225253256160448,-0.3080180651312808
-0.2695183248372645,-0.2486778632418763,-0.24511926261342648,-0.299690254882249,-0.2965486557516986,-0.22135820222089017,-0.3423006092139436,-0.27938165651997166,-0.34380567479827945,-0.2597390258301137,-0.2456015980383732,-0.29329095930191484,-0.25483448617253457,-0.31940859761736307,-0.3225253256160448,-0.3080180651312808
-0.2695183248372645,-0.2486778632418763,-0.24511926261342648,-0.299690254882249,-0.2965486557516986,-0.22135820222089017,-0.3423006092139436,-0.27938165651997166,-0.34380567479827945,-0.2597390258301137,-0.2456015980383732,-0.29329095930191484,-0.25483448617253457,-0.31940859761736307,-0.3225253256160448,-0.3080180651312808
-0.2695183248372645,-0.2486778632418763,-0.24511926261342648,-0.299690254882249,-0.2965486557516986,-0.22135820222089017,-0.3423006092139436,-0.27938165651997166,-0.34380567479827945,-0.2597390258301137,-0.2456015980383732,-0.29329095930191484,-0.25483448617253457,-0.31940859761736307,-0.3225253256160448,-0.3080180651312808
-0.2695183248372645,-0.2486778632418763,-0.24511926261342648,-0.299690254882249,-0.2965486557516986,-0.22135820222089017,-0.3423006092139436,-0.27938165651997166,-0.34380567479827945,-0.2597390258301137,-0.2456015980383732,-0.29329095930191484,-0.25483448617253457,-0.31940859761736307,-0.3225253256160448,-0.3080180651312808
-0.2695183248372645,-0.2486778632418763,-0.24511926261342648,-0.299690254882249,-0.2965486557516986,-0.22135820222089017,-0.3423006092139436,-0.27938165651997166,-0.34380567479827945,-0.2597390258301137,-0.2456015980383732,-0.29329095930191484,-0.25483448617253457,-0.31940859761736307,-0.3225253256160448,-0.3080180651312808
-0.2695183248372645,-0.2486778632418763,-0.24511926261342648,-0.299690254882249,-0.2965486557516986,-0.22135820222089017,-0.3423006092139436,-0.27938165651997166,-0.34380567479827945,-0.2597390258301137,-0.2456015980383732,-0.29329095930191484,-0.25483448617253457,-0.31940859761736307,-0.3225253256160448,-0.3080180651312808
-0.2695183248372645,-0.2486778632418763,-0.24511926261342648,-0.299690254882249,-0.2965486557516986,-0.22135820222089017,-0.3423006092139436,-0.27938165651997166,-0.34380567479827945,-0.2597390258301137,-0.2456015980383732,-0.29329095930191484,-0.25483448617253457,-0.31940859761736307,-0.3225253256160448,-0.3080180651312808
-0.2695183248372645,-0.2486778632418763,-0.24511926261342648,-0.299690254882249,-0.2965486557516986,-0.22135820222089017,-0.3423006092139436,-0.27938165651997166,-0.34380567479827945,-0.2597390258301137,-0.2456015980383732,-0.29329095930191484,-0.25483448617253457,-0.31940859761736307,-0.3225253256160448,-0.3080180651312808
-0.2695183248372645,-0.2486778632418763,-0.24511926261342648,-0.299690254882249,-0.2965486557516986,-0.22135820222089017,-0.3423006092139436,-0.27938165651997166,-0.34380567479827945,-0.2597390258301137,-0.2456015980383732,-0.29329095930191484,-0.25483448617253457,-0.31940859761736307,-0.3225253256160448,-0.3080180651312808
-0.2695183248372645,-0.2486778632418763,-0.24511926261342648,-0.299690254882249,-0.2965486557516986,-0.22135820222089017,-0.3423006092139436,-0.27938165651997166,-0.34380567479827945,-0.2597390258301137,-0.2456015980383732,-0.29329095930191484,-0.25483448617253457,-0.31940859761736307,-0.3225253256160448,-0.3080180651312808
-1600.0,-1600.0,-1600.0,-1600.0,-1600.0,-1600.0,-1600.0,-1600.0,-1600.0,-1600.0,-1600.0,-1600.0,-1600.0,-1600.0,-1600.0,-1600.0
-0.09427518090281788,-0.0681962174521918,-0.08009009591104203,-0.08958998647864433,-0.13739806515062283,-0.07459283702567915,-0.13460762112915686,-0.13642589054195428,-0.09583602594086751,-0.10036080716583767,-0.018287795902036635,0.026260187474464153,-0.09986464480652799,-0.0712031710487095,-0.10556027864470797,-0.14776555262931282
0.10285264399373213,-0.040354799529635096,-0.01337726330347332,0.017785608748472074,-0.05089086864808009,0.05457662893615311,-0.12100540375126802,-0.004907763138614917,0.028396542092358232,0.007920571635435088,-0.036894409698527655,0.025113277659266398,0.008446762691559107,-0.019802556182517448,-0.04211221209536058,-0.00831850538912874
0.03320252822564772,-0.021202150684736944,-0.004901469251402903,-0.020197468237697594,-0.12494611662709351,-0.011109494572864009,-0.06546942621426659,-0.05186025996309476,-0.0383935201248439,0.07338280964460842,-0.027920402288897927,-0.007792045945802921,-5.99006532052903E-4,-0.004744395827259732,-0.1049301314085261,-0.04394159446073034
-0.04021857353837419,-0.012412295325704556,0.006849007141335662,-0.08488585151594431,-0.10601671138454136,-0.08099888760206621,-0.12019843495475781,-0.08331747329526969,-0.09961956472192696,-0.026449052020826796,-0.03508422860314952,-0.0712562111040544,-0.022472104341663943,-0.05083404866113117,-0.1157338367653988,-0.07743904478612969
-0.08474281110643536,-0.052527288724472695,-0.10077491423450423,-0.16487624748709892,-0.15218522418132538,-0.12677552197277012,-0.18598921757456421,-0.14738699443907857,-0.17784636157348,-0.09689050219730973,-0.1361354263638308,-0.1053565331823491,-0.12110814499206214,-0.1199390934029621,-0.1913648327625239,-0.16230374007829973
-0.12376885368119825,-0.1330125188683162,-0.11900746472416714,-0.1408280412831244,-0.20039536938176292,-0.09927567602134824,-0.22495232695246187,-0.20592595609580588,-0.18582702118412264,-0.1355061283397316,-0.13820084759945006,-0.16009553766695003,-0.16972051479676978,-0.20149816351541128,-0.21742682416710413,-0.18329390242339647
-0.16100874081782984,-0.16220688598559935,-0.15404193542038985,-0.19276868094322255,-0.2412087436057611,-0.15298184679638147,-0.2696960251600898,-0.24006132200819855,-0.22820750386765387,-0.16758984633059026,-0.18584866478766732,-0.20054972471430974,-0.19149544202550137,-0.23959347862603717,-0.2051472440903369,-0.2173261645809336
-0.16353091952942614,-0.18071764777899277,-0.19439373700918555,-0.26725700416888776,-0.26201977296950985,-0.1789643900037844,-0.2970934961413715,-0.2539768893570893,-0.26208268571338506,-0.19294743222822253,-0.1942158083639602,-0.22478912287842406,-0.23288771997961494,-0.2715123022013132,-0.27044512498244166,-0.26045709030535763
-0.20352264754640756,-0.19247405220158698,-0.20065406722352505,-0.2584977221902788,-0.2946617790741629,-0.18154620592227252,-0.291939988847973,-0.27065585288252614,-0.2816747847070175,-0.22799309429416253,-0.22627759843729087,-0.21897543541896208,-0.2429908575665149,-0.2950557811672827,-0.28282955920617703,-0.29066971908211
-0.23670212390646772,-0.2129534277756178,-0.18969229578558283,-0.2683146979235143,-0.30004549615351594,-0.19353758892399903,-0.307086034882002,-0.279479205672517,-0.2940870565044325,-0.23034947975923126,-0.23406709024055444,-0.25675400822984146,-0.2448505941384328,-0.29859770590336115,-0.28597294962748576,-0.2961769165581915
-0.23749880985838112,-0.22288793890458267,-0.20760952636142052,-0.2704387485574683,-0.3049545376782039,-0.22177071403300053,-0.3187729055653324,-0.2645801897917948,-0.3096745669821311,-0.24408857074813195,-0.22811031131220294,-0.2478880753224871,-0.2694365436758474,-0.31006243674990536,-0.29518436562629297,-0.31017945354678034
-0.2399175872835039,-0.2314489133699496,-0.2203414587825302,-0.27488186769140216,-0.30281460849306263,-0.22691692827926288,-0.32398991999263815,-0.2679427804128904,-0.3046216143295677,-0.24751746733938243,-0.23364440739791562,-0.26315011030402163,-0.2812777077774853,-0.30960768554305973,-0.31016348631832824,-0.3071425055985084
-0.2532492486287623,-0.2477456568619365,-0.2229754151461429,-0.28634677957019716,-0.3036836729069906,-0.2297307966505712,-0.34155431814431236,-0.2795276944261969,-0.3168764083710214,-0.2512569375629231,-0.23762267510425053,-0.27296126676358123,-0.27784103488771367,-0.3108246547737099,-0.3159571092596279,-0.3099131822069492
-0.2532492486287623,-0.2477456568619365,-0.2229754151461429,-0.28634677957019716,-0.3036836729069906,-0.2297307966505712,-0.34155431814431236,-0.2795276944261969,-0.3168764083710214,-0.2512569375629231,-0.23762267510425053,-0.27296126676358123,-0.27784103488771367,-0.3108246547737099,-0.3159571092596279,-0.3099131822069492
-0.2532492486287623,-0.2477456568619365,-0.2229754151461429,-0.28634677957019716,-0.3036836729069906,-0.2297307966505712,-0.34155431814431236,-0.2795276944261969,-0.3168764083710214,-0.2512569375629231,-0.23762267510425053,-0.27296126676358123,-0.27784103488771367,-0.3108246547737099,-0.3159571092596279,-0.3099131822069492
-0.2532492486287623,-0.2477456568619365,-0.2229754151461429,-0.28634677957019716,-0.3036836729069906,-0.2297307966505712,-0.34155431814431236,-0.2795276944261969,-0.3168764083710214,-0.2512569375629231,-0.23762267510425053,-0.27296126676358123,-0.27784103488771367,-0.3108246547737099,-0.3159571092596279,-0.3099131822069492
-0.2532492486287623,-0.2477456568619365,-0.2229754151461429,-0.28634677957019716,-0.3036836729069906,-0.2297307966505712,-0.34155431814431236,-0.2795276944261969,-0.3168764083710214,-0.2512569375629231,-0.23762267510425053,-0.27296126676358123,-0.27784103488771367,-0.3108246547737099,-0.3159571092596279,-0.3099131822069492
-0.2532492486287623,-0.2477456568619365,-0.2229754151461429,-0.28634677957019716,-0.3036836729069906,-0.2297307966505712,-0.34155431814431236,-0.2795276944261969,-0.3168764083710214,-0.2512569375629231,-0.23762267510425053,-0.27296126676358123,-0.27784103488771367,-0.3108246547737099,-0.3159571092596279,-0.3099131822069492
-0.2532492486287623,-0.2477456568619365,-0.2229754151461429,-0.28634677957019716,-0.3036836729069906,-0.2297307966505712,-0.34155431814431236,-0.2795276944261969,-0.3168764083710214,-0.2512569375629231,-0.23762267510425053,-0.27296126676358123,-0.27784103488771367,-0.3108246547737099,-0.3159571092596279,-0.3099131822069492
-0.2532492486287623,-0.2477456568619365,-0.2229754151461429,-0.28634677957019716,-0.3036836729069906,-0.2297307966505712,-0.34155431814431236,-0.2795276944261969,-0.3168764083710214,-0.2512569375629231,-0.23762267510425053,-0.27296126676358123,-0.27784103488771367,-0.3108246547737099,-0.3159571092596279,-0.3099131822069492
-0.2532492486287623,-0.2477456568619365,-0.2229754151461429,-0.28634677957019716,-0.3036836729069906,-0.2297307966505712,-0.34155431814431236,-0.2795276944261969,-0.3168764083710214,-0.2512569375629231,-0.23762267510425053,-0.27296126676358123,-0.27784103488771367,-0.3108246547737099,-0.3159571092596279,-0.3099131822069492
-0.2532492486287623,-0.2477456568619365,-0.2229754151461429,-0.28634677957019716,-0.3036836729069906,-0.2297307966505712,-0.34155431814431236,-0.2795276944261969,-0.3168764083710214,-0.2512569375629231,-0.23762267510425053,-0.27296126676358123,-0.27784103488771367,-0.3108246547737099,-0.3159571092596279,-0.3099131822069492
-0.2532492486287623,-0.2477456568619365,-0.2229754151461429,-0.28634677957019716,-0.3036836729069906,-0.2297307966505712,-0.34155431814431236,-0.2795276944261969,-0.3168764083710214,-0.2512569375629231,-0.23762267510425053,-0.27296126676358123,-0.27784103488771367,-0.3108246547737099,-0.3159571092596279,-0.3099131822069492
-0.2532492486287623,-0.2477456568619365,-0.2229754151461429,-0.28634677957019716,-0.3036836729069906,-0.2297307966505712,-0.34155431814431236,-0.2795276944261969,-0.3168764083710214,-0.2512569375629231,-0.23762267510425053,-0.27296126676358123,-0.27784103488771367,-0.3108246547737099,-0.3159571092596279,-0.3099131822069492
-0.2532492486287623,-0.2477456568619365,-0.2229754151461429,-0.28634677957019716,-0.3036836729069906,-0.2297307966505712,-0.34155431814431236,-0.2795276944261969,-0.3168764083710214,-0.2512569375629231,-0.23762267510425053,-0.27296126676358123,-0.27784103488771367,-0.3108246547737099,-0.3159571092596279,-0.3099131822069492
-0.2532492486287623,-0.2477456568619365,-0.2229754151461429,-0.28634677957019716,-0.3036836729069906,-0.2297307966505712,-0.34155431814431236,-0.2795276944261969,-0.3168764083710214,-0.2512569375629231,-0.23762267510425053,-0.27296126676358123,-0.27784103488771367,-0.3108246547737099,-0.3159571092596279,-0.3099131822069492
-0.2532492486287623,-0.2477456568619365,-0.2229754151461429,-0.28634677957019716,-0.3036836729069906,-0.2297307966505712,-0.34155431814431236,-0.2795276944261969,-0.3168764083710214,-0.2512569375629231,-0.23762267510425053,-0.27296126676358123,-0.27784103488771367,-0.3108246547737099,-0.3159571092596279,-0.3099131822069492
-0.2532492486287623,-0.2477456568619365,-0.2229754151461429,-0.28634677957019716,-0.3036836729069906,-0.2297307966505712,-0.34155431814431236,-0.2795276944261969,-0.3168764083710214,-0.2512569375629231,-0.23762267510425053,-0.27296126676358123,-0.27784103488771367,-0.3108246547737099,-0.3159571092596279,-0.3099131822069492
-0.2532492486287623,-0.2477456568619365,-0.2229754151461429,-0.28634677957019716,-0.3036836729069906,-0.2297307966505712,-0.34155431814431236,-0.2795276944261969,-0.3168764083710214,-0.2512569375629231,-0.23762267510425053,-0.27296126676358123,-0.27784103488771367,-0.3108246547737099,-0.3159571092596279,-0.3099131822069492
-0.2532492486287623,-0.2477456568619365,-0.2229754151461429,-0.28634677957019716,-0.3036836729069906,-0.2297307966505712,-0.34155431814431236,-0.2795276944261969,-0.3168764083710214,-0.2512569375629231,-0.23762267510425053,-0.27296126676358123,-0.27784103488771367,-0.3108246547737099,-0.3159571092596279,-0.3099131822069492
-0.2532492486287623,-0.2477456568619365,-0.2229754151461429,-0.28634677957019716,-0.3036836729069906,-0.2297307966505712,-0.34155431814431236,-0.2795276944261969,-0.3168764083710214,-0.2512569375629231,-0.23762267510425053,-0.27296126676358123,-0.27784103488771367,-0.3108246547737099,-0.3159571092596279,-0.3099131822069492
-0.2532492486287623,-0.2477456568619365,-0.2229754151461429,-0.28634677957019716,-0.3036836729069906,-0.2297307966505712,-0.34155431814431236,-0.2795276944261969,-0.3168764083710214,-0.2512569375629231,-0.23762267510425053,-0.27296126676358123,-0.27784103488771367,-0.3108246547737099,-0.3159571092596279,-0.3099131822069492
-0.2532492486287623,-0.2477456568619365,-0.2229754151461429,-0.28634677957019716,-0.3036836729069906,-0.2297307966505712,-0.34155431814431236,-0.2795276944261969,-0.3168764083710214,-0.2512569375629231,-0.23762267510425053,-0.27296126676358123,-0.27784103488771367,-0.3108246547737099,-0.3159571092596279,-0.3099131822069492
-0.2532492486287623,-0.2477456568619365,-0.2229754151461429,-0.28634677957019716,-0.3036836729069906,-0.2297307966505712,-0.34155431814431236,-0.2795276944261969,-0.3168764083710214,-0.2512569375629231,-0.23762267510425053,-0.27296126676358123,-0.27784103488771367,-0.3108246547737099,-0.3159571092596279,-0.3099131822069492
-0.2532492486287623,-0.2477456568619365,-0.2229754151461429,-0.28634677957019716,-0.3036836729069906,-0.2297307966505712,-0.34155431814431236,-0.2795276944261969,-0.3168764083710214,-0.2512569375629231,-0.23762267510425053,-0.27296126676358123,-0.27784103488771367,-0.3108246547737099,-0.3159571092596279,-0.3099131822069492
-0.2532492486287623,-0.2477456568619365,-0.2229754151461429,-0.28634677957019716,-0.3036836729069906,-0.2297307966505712,-0.34155431814431236,-0.2795276944261969,-0.3168764083710214,-0.2512569375629231,-0.23762267510425053,-0.27296126676358123,-0.27784103488771367,-0.3108246547737099,-0.3159571092596279,-0.3099131822069492
-0.2532492486287623,-0.2477456568619365,-0.2229754151461429,-0.28634677957019716,-0.3036836729069906,-0.2297307966505712,-0.34155431814431236,-0.2795276944261969,-0.3168764083710214,-0.2512569375629231,-0.23762267510425053,-0.27296126676358123,-0.27784103488771367,-0.3108246547737099,-0.3159571092596279,-0.3099131822069492
-0.2532492486287623,-0.2477456568619365,-0.2229754151461429,-0.28634677957019716,-0.3036836729069906,-0.2297307966505712,-0.34155431814431236,-0.2795276944261969,-0.3168764083710214,-0.2512569375629231,-0.23762267510425053,-0.27296126676358123,-0.27784103488771367,-0.3108246547737099,-0.3159571092596279,-0.3099131822069492
-0.2532492486287623,-0.2477456568619365,-0.2229754151461429,-0.28634677957019716,-0.3036836729069906,-0.2297307966505712,-0.34155431814431236,-0.2795276944261969,-0.3168764083710214,-0.2512569375629231,-0.23762267510425053,-0.27296126676358123,-0.27784103488771367,-0.3108246547737099,-0.3159571092596279,-0.3099131822069492
-0.2532492486287623,-0.2477456568619365,-0.2229754151461429,-0.28634677957019716,-0.3036836729069906,-0.2297307966505712,-0.34155431814431236,-0.2795276944261969,-0.3168764083710214,-0.2512569375629231,-0.23762267510425053,-0.27296126676358123,-0.27784103488771367,-0.3108246547737099,-0.3159571092596279,-0.3099131822069492
-1600.0,-1600.0,-1600.0,-1600.0,-1600.0,-1600.0,-1600.0,-1600.0,-1600.0,-1600.0,-1600.0,-1600.0,-1600.0,-1600.0,-1600.0,-1600.0
-0.08698805852415478,-0.07634982470836263,-0.08659487824100623,-0.05793304266834709,-0.13008764451471153,-0.0961902414930867,-0.13040272854805296,-0.12436126329644552,-0.10947464284930515,-0.10425763712899909,-0.03099507527903296,0.03038661318893629,-0.09479455088330956,-0.05482316045866941,-0.11228514741100322,-0.1604905159608347
0.09924834805341161,-0.048652430829707376,-0.04717653005652694,0.03420463740720143,-0.0395073028337064,0.048529491914802735,-0.09279363810602398,-0.013569267369471939,0.03904214713673306,0.003547767829068108,-0.05134092141509661,0.031109401416003806,0.035836008921459876,-0.03344585643190742,-0.03551281504800627,-0.013699591527389808
0.029145233520827984,-0.023901969184896364,-0.02162839042548902,0.02282289434115465,-0.1146734895873389,-0.007056139521068861,-0.08265877804507912,-0.06686404792824041,-0.05526466537007533,0.049305862949048394,-0.057981913795688775,-0.0062225617363731835,0.026763847533482963,0.018875638283322452,-0.07678853644796485,-0.020421591994310023
-0.05760560748903103,-0.03361631045324239,-0.038650316648890105,-0.0501980463547778,-0.11287464503701146,-0.07876836084877463,-0.1314776614313598,-0.10774620417422036,-0.11522756378870797,-0.05549855429184745,-0.041839206042755726,-0.08218966232194436,-0.015240514907243416,-0.040532404622833196,-0.09870647555272555,-0.055376787717761396
-0.08088854108129544,-0.04294968453982673,-0.11438926316882533,-0.13467827929418863,-0.16695142535160234,-0.1046416875981837,-0.1874860532792422,-0.16167272894110288,-0.17917097537948845,-0.11532624653649082,-0.08917339830491454,-0.11144905186922913,-0.09003653669994982,-0.11784024564818173,-0.1698326059520407,-0.1258283730906343
-0.14098879785342425,-0.14032461441284413,-0.14215042727969768,-0.14003453325657939,-0.2155253596903459,-0.09690429808049744,-0.2541825635123039,-0.22756313729828237,-0.20417075038807064,-0.16909068361969898,-0.12302523801467422,-0.19682611826485402,-0.16394644485062546,-0.20168986958299043,-0.2286460598859117,-0.18176519888517112
-0.15694465778523548,-0.16242219872863972,-0.17169333125691455,-0.17176820262045464,-0.2454926761285916,-0.14580560901973366,-0.26633697409661805,-0.23926439845797248,-0.2223978309876507,-0.19043906264161148,-0.1674331043600894,-0.1953649659854496,-0.18805243586482556,-0.2362286556331172,-0.21793675604717994,-0.21331413039317415
-0.15829273863918045,-0.18803112278596537,-0.21828051765241047,-0.22767448795211084,-0.27593003818593953,-0.1735988939461816,-0.28612968897858126,-0.2587129823559228,-0.25119792132327945,-0.21594060769881057,-0.19071016237873845,-0.22054324417033386,-0.22345077878289177,-0.256170660611284,-0.2528286271894788,-0.25714799738000016
-0.2030125092239931,-0.19799660008682493,-0.22963011628026436,-0.23154230472181075,-0.3053749635213963,-0.18721181373604792,-0.29999747865729,-0.27771964621629897,-0.2724065567078031,-0.24923651999874027,-0.21945570185588775,-0.22367453627491712,-0.24153590221181997,-0.2791366482520628,-0.26904620531190604,-0.2821391829336001
-0.2246241270024826,-0.24092109558725197,-0.2253014547119425,-0.2407315893839623,-0.3219222590831904,-0.1979306567815912,-0.31913030347734517,-0.30202157209526115,-0.3027151453261768,-0.2540629822548406,-0.22897405460312598,-0.25560823240237673,-0.24524275396087986,-0.28719614928852083,-0.27551203415855435,-0.2951452181789317
-0.23723283417363997,-0.24596019886519194,-0.24410704395221722,-0.2514558280831113,-0.3181098488961001,-0.22001936723402177,-0.3424708936292285,-0.2875396208825922,-0.3186471595313412,-0.2704171842189906,-0.23076940859145575,-0.25259540141130726,-0.27532743785123864,-0.3100829967685199,-0.291983679724775,-0.3015695962147054
-0.23276131364280325,-0.24570526259954764,-0.2557024287661647,-0.25215150649424517,-0.3225588888069037,-0.21914940933013938,-0.34162087146084025,-0.29536723120531233,-0.31930723919216675,-0.26770594993262625,-0.23000671151671898,-0.26070492972496445,-0.2853794671408734,-0.3119440553873752,-0.3039129942616053,-0.2929610250527286
-0.24115513526355922,-0.26028102811887943,-0.2518396565708179,-0.2588183276680029,-0.3290267257320785,-0.22112953991902637,-0.35357479962059885,-0.3050953340050273,-0.32630464523796393,-0.2760964958065,-0.23083354936776296,-0.27319694109623555,-0.2790738834832844,-0.3161467779755461,-0.3137779785838088,-0.2957585298864447
-0.24115513526355922,-0.26028102811887943,-0.2518396565708179,-0.2588183276680029,-0.3290267257320785,-0.22112953991902637,-0.35357479962059885,-0.3050953340050273,-0.32630464523796393,-0.2760964958065,-0.23083354936776296,-0.27319694109623555,-0.2790738834832844,-0.3161467779755461,-0.3137779785838088,-0.2957585298864447
-0.24115513526355922,-0.26028102811887943,-0.2518396565708179,-0.2588183276680029,-0.3290267257320785,-0.22112953991902637,-0.35357479962059885,-0.3050953340050273,-0.32630464523796393,-0.2760964958065,-0.23083354936776296,-0.27319694109623555,-0.2790738834832844,-0.3161467779755461,-0.3137779785838088,-0.2957585298864447
-0.24115513526355922,-0.26028102811887943,-0.2518396565708179,-0.2588183276680029,-0.3290267257320785,-0.22112953991902637,-0.35357479962059885,-0.3050953340050273,-0.32630464523796393,-0.2760964958065,-0.23083354936776296,-0.27319694109623555,-0.2790738834832844,-0.3161467779755461,-0.3137779785838088,-0.2957585298864447
-0.24115513526355922,-0.26028102811887943,-0.2518396565708179,-0.2588183276680029,-0.3290267257320785,-0.22112953991902637,-0.35357479962059885,-0.3050953340050273,-0.32630464523796393,-0.2760964958065,-0.23083354936776296,-0.27319694109623555,-0.2790738834832844,-0.3161467779755461,-0.3137779785838088,-0.2957585298864447
-0.24115513526355922,-0.26028102811887943,-0.2518396565708179,-0.2588183276680029,-0.3290267257320785,-0.22112953991902637,-0.35357479962059885,-0.3050953340050273,-0.32630464523796393,-0.2760964958065,-0.23083354936776296,-0.27319694109623555,-0.2790738834832844,-0.3161467779755461,-0.3137779785838088,-0.2957585298864447
-0.24115513526355922,-0.26028102811887943,-0.2518396565708179,-0.2588183276680029,-0.3290267257320785,-0.22112953991902637,-0.35357479962059885,-0.3050953340050273,-0.32630464523796393,-0.2760964958065,-0.23083354936776296,-0.27319694109623555,-0.2790738834832844,-0.3161467779755461,-0.3137779785838088,-0.2957585298864447
-0.24115513526355922,-0.26028102811887943,-0.2518396565708179,-0.2588183276680029,-0.3290267257320785,-0.22112953991902637,-0.35357479962059885,-0.3050953340050273,-0.32630464523796393,-0.2760964958065,-0.23083354936776296,-0.27319694109623555,-0.2790738834832844,-0.3161467779755461,-0.3137779785838088,-0.2957585298864447
-0.24115513526355922,-0.26028102811887943,-0.2518396565708179,-0.2588183276680029,-0.3290267257320785,-0.22112953991902637,-0.35357479962059885,-0.3050953340050273,-0.32630464523796393,-0.2760964958065,-0.23083354936776296,-0.27319694109623555,-0.2790738834832844,-0.3161467779755461,-0.3137779785838088,-0.2957585298864447
-0.24115513526355922,-0.26028102811887943,-0.2518396565708179,-0.2588183276680029,-0.3290267257320785,-0.22112953991902637,-0.35357479962059885,-0.3050953340050273,-0.32630464523796393,-0.2760964958065,-0.23083354936776296,-0.27319694109623555,-0.2790738834832844,-0.3161467779755461,-0.3137779785838088,-0.2957585298864447
-0.24115513526355922,-0.26028102811887943,-0.2518396565708179,-0.2588183276680029,-0.3290267257320785,-0.22112953991902637,-0.35357479962059885,-0.3050953340050273,-0.32630464523796393,-0.2760964958065,-0.23083354936776296,-0.27319694109623555,-0.2790738834832844,-0.3161467779755461,-0.3137779785838088,-0.2957585298864447
-0.24115513526355922,-0.26028102811887943,-0.2518396565708179,-0.2588183276680029,-0.3290267257320785,-0.22112953991902637,-0.35357479962059885,-0.3050953340050273,-0.32630464523796393,-0.2760964958065,-0.23083354936776296,-0.27319694109623555,-0.2790738834832844,-0.3161467779755461,-0.3137779785838088,-0.2957585298864447
-0.24115513526355922,-0.26028102811887943,-0.2518396565708179,-0.2588183276680029,-0.3290267257320785,-0.22112953991902637,-0.35357479962059885,-0.3050953340050273,-0.32630464523796393,-0.2760964958065,-0.23083354936776296,-0.27319694109623555,-0.2790738834832844,-0.3161467779755461,-0.3137779785838088,-0.2957585298864447
-0.24115513526355922,-0.26028102811887943,-0.2518396565708179,-0.2588183276680029,-0.3290267257320785,-0.22112953991902637,-0.35357479962059885,-0.3050953340050273,-0.32630464523796393,-0.2760964958065,-0.23083354936776296,-0.27319694109623555,-0.2790738834832844,-0.3161467779755461,-0.3137779785838088,-0.2957585298864447
-0.24115513526355922,-0.26028102811887943,-0.2518396565708179,-0.2588183276680029,-0.3290267257320785,-0.22112953991902637,-0.35357479962059885,-0.3050953340050273,-0.32630464523796393,-0.2760964958065,-0.23083354936776296,-0.27319694109623555,-0.2790738834832844,-0.3161467779755461,-0.3137779785838088,-0.2957585298864447
-0.24115513526355922,-0.26028102811887943,-0.2518396565708179,-0.2588183276680029,-0.3290267257320785,-0.22112953991902637,-0.35357479962059885,-0.3050953340050273,-0.32630464523796393,-0.2760964958065,-0.23083354936776296,-0.27319694109623555,-0.2790738834832844,-0.3161467779755461,-0.3137779785838088,-0.2957585298864447
-0.24115513526355922,-0.26028102811887943,-0.2518396565708179,-0.2588183276680029,-0.3290267257320785,-0.22112953991902637,-0.35357479962059885,-0.3050953340050273,-0.32630464523796393,-0.2760964958065,-0.23083354936776296,-0.27319694109623555,-0.2790738834832844,-0.3161467779755461,-0.3137779785838088,-0.2957585298864447
-0.24115513526355922,-0.26028102811887943,-0.2518396565708179,-0.2588183276680029,-0.3290267257320785,-0.22112953991902637,-0.35357479962059885,-0.3050953340050273,-0.32630464523796393,-0.2760964958065,-0.23083354936776296,-0.27319694109623555,-0.2790738834832844,-0.3161467779755461,-0.3137779785838088,-0.2957585298864447
-0.24115513526355922,-0.26028102811887943,-0.2518396565708179,-0.2588183276680029,-0.3290267257320785,-0.22112953991902637,-0.35357479962059885,-0.3050953340050273,-0.32630464523796393,-0.2760964958065,-0.23083354936776296,-0.27319694109623555,-0.2790738834832844,-0.3161467779755461,-0.3137779785838088,-0.2957585298864447
-0.24115513526355922,-0.26028102811887943,-0.2518396565708179,-0.2588183276680029,-0.3290267257320785,-0.22112953991902637,-0.35357479962059885,-0.3050953340050273,-0.32630464523796393,-0.2760964958065,-0.23083354936776296,-0.27319694109623555,-0.2790738834832844,-0.3161467779755461,-0.3137779785838088,-0.2957585298864447
-0.24115513526355922,-0.26028102811887943,-0.2518396565708179,-0.2588183276680029,-0.3290267257320785,-0.22112953991902637,-0.35357479962059885,-0.3050953340050273,-0.32630464523796393,-0.2760964958065,-0.23083354936776296,-0.27319694109623555,-0.2790738834832844,-0.3161467779755461,-0.3137779785838088,-0.2957585298864447
-0.24115513526355922,-0.26028102811887943,-0.2518396565708179,-0.2588183276680029,-0.3290267257320785,-0.22112953991902637,-0.35357479962059885,-0.3050953340050273,-0.32630464523796393,-0.2760964958065,-0.23083354936776296,-0.27319694109623555,-0.2790738834832844,-0.3161467779755461,-0.3137779785838088,-0.2957585298864447
-0.24115513526355922,-0.26028102811887943,-0.2518396565708179,-0.2588183276680029,-0.3290267257320785,-0.22112953991902637,-0.35357479962059885,-0.3050953340050273,-0.32630464523796393,-0.2760964958065,-0.23083354936776296,-0.27319694109623555,-0.2790738834832844,-0.3161467779755461,-0.3137779785838088,-0.2957585298864447
-0.24115513526355922,-0.26028102811887943,-0.2518396565708179,-0.2588183276680029,-0.3290267257320785,-0.22112953991902637,-0.35357479962059885,-0.3050953340050273,-0.32630464523796393,-0.2760964958065,-0.23083354936776296,-0.27319694109623555,-0.2790738834832844,-0.3161467779755461,-0.3137779785838088,-0.2957585298864447
-0.24115513526355922,-0.26028102811887943,-0.2518396565708179,-0.2588183276680029,-0.3290267257320785,-0.22112953991902637,-0.35357479962059885,-0.3050953340050273,-0.32630464523796393,-0.2760964958065,-0.23083354936776296,-0.27319694109623555,-0.2790738834832844,-0.3161467779755461,-0.3137779785838088,-0.2957585298864447
-0.24115513526355922,-0.26028102811887943,-0.2518396565708179,-0.2588183276680029,-0.3290267257320785,-0.22112953991902637,-0.35357479962059885,-0.3050953340050273,-0.32630464523796393,-0.2760964958065,-0.23083354936776296,-0.27319694109623555,-0.2790738834832844,-0.3161467779755461,-0.3137779785838088,-0.2957585298864447
-0.24115513526355922,-0.26028102811887943,-0.2518396565708179,-0.2588183276680029,-0.3290267257320785,-0.22112953991902637,-0.35357479962059885,-0.3050953340050273,-0.32630464523796393,-0.2760964958065,-0.23083354936776296,-0.27319694109623555,-0.2790738834832844,-0.3161467779755461,-0.3137779785838088,-0.2957585298864447
-0.24115513526355922,-0.26028102811887943,-0.2518396565708179,-0.2588183276680029,-0.3290267257320785,-0.22112953991902637,-0.35357479962059885,-0.3050953340050273,-0.32630464523796393,-0.2760964958065,-0.23083354936776296,-0.27319694109623555,-0.2790738834832844,-0.3161467779755461,-0.3137779785838088,-0.2957585298864447
-1600.0,-1600.0,-1600.0,-1600.0,-1600.0,-1600.0,-1600.0,-1600.0,-1600.0,-1600.0,-1600.0,-1600.0,-1600.0,-1600.0,-1600.0,-1600.0
-0.08565975239478099,-0.08993114101509542,-0.0876174849433135,-0.055811588381977695,-0.13941790015475103,-0.10683836849144268,-0.14091711632268705,-0.10887462967051435,-0.10974618076340072,-0.11869554900288186,-0.025445152648531585,0.01899677201988021,-0.08558127869619307,-0.05284301753755622,-0.11688331340847706,-0.15523625592905801
0.07844357612314268,-0.02999255650189921,-0.04033616327763972,0.03439525780146825,-0.027591814143823952,0.01651989000806143,-0.06939640171386899,-0.013721491977903946,0.0243105299729035,0.02337356845132998,-0.029591616194141586,0.024212763584202192,0.05057154102569157,-0.011292338640600592,-0.017728641192466962,-0.02799831873083324
0.017343293706469937,-0.02153877993786114,-0.026993452654314437,0.008052763416475562,-0.10929772235514101,-0.027179512117501713,-0.08252823808773585,-0.06663857279330034,-0.07283590357510085,0.02804920607569215,-0.049512236657229744,-0.011496619621270614,0.026078692227603745,9.401230785254227E-4,-0.07008214759862977,-0.037335261549932816
-0.06862111710707518,-0.0453286051806051,-0.03852604660709918,-0.05303774020957867,-0.12625690361296107,-0.09383704296919504,-0.13189379345971178,-0.11026339064832322,-0.12272825421536997,-0.05640256250629168,-0.04304066879768416,-0.08649276729854445,-0.021474515718706406,-0.05186361157331495,-0.10069093156394095,-0.07558704860408699
-0.11064761764278858,-0.05893345220631138,-0.096183139194597,-0.14072051381019793,-0.188199355928739,-0.10821053173792557,-0.19350945167636197,-0.15760326197493096,-0.17990398681543743,-0.12368850129421646,-0.0867503001040013,-0.11826501126239586,-0.09169761984119847,-0.13394198196132315,-0.17307720337911742,-0.1455719364469099
-0.16270268330951043,-0.14020836118817903,-0.1246354795436048,-0.15274689336429545,-0.23990513974995079,-0.10678574725767834,-0.2530357549295121,-0.23315797286825618,-0.2030071231275168,-0.1711745725234736,-0.11957657613106287,-0.1954637684344459,-0.1640470894562816,-0.19742050526918564,-0.22369828931670271,-0.203848767031534
-0.1797586826097415,-0.17078995839793507,-0.16066457493423095,-0.19100102437567879,-0.27257817906102205,-0.16552099663139408,-0.2732072049295835,-0.25457881930366144,-0.2317437625513099,-0.19115599634260177,-0.16728663421824796,-0.19867685151116865,-0.19102174802669483,-0.23191161691364703,-0.22195979848588107,-0.23643609094590862
-0.18383924168906582,-0.19178748350235308,-0.19789464957665553,-0.23774771071041115,-0.2976712079831116,-0.18975005215259155,-0.2899595928497328,-0.27497894100900894,-0.25743373960238747,-0.21536631200247733,-0.18683372109197302,-0.22245830384216486,-0.2214482777111422,-0.25424550116523437,-0.2519690858459199,-0.269501998230167
-0.22929121897701457,-0.20282533654005658,-0.21683824810594096,-0.24655524894842507,-0.31293167230477464,-0.202192226617623,-0.30457268945166543,-0.28833878183227335,-0.2762102050893129,-0.24496022062470252,-0.21810461316246577,-0.2303394393733487,-0.23616817008826482,-0.27903598425905546,-0.26802594476457253,-0.2898364042446304
-0.24658051319980617,-0.23716493294039828,-0.21337531885128352,-0.2539066766781462,-0.3261695087542095,-0.21076730105405736,-0.31987894930770966,-0.30778032253544274,-0.30045707598401156,-0.24882139042958273,-0.22571929536025623,-0.2558863962753164,-0.23913365148751262,-0.28548358508822225,-0.2731986078418911,-0.3002412324408958
-0.2566674789367323,-0.2411962155627502,-0.2284197902435032,-0.2624860676374654,-0.3231195806045375,-0.22843826941600212,-0.33855142142921635,-0.2961947615653074,-0.3132026873481433,-0.26190475200090285,-0.2271555785509201,-0.2534761314824609,-0.2632013985997995,-0.30379306307222154,-0.2863759242948677,-0.30538073486951434
-0.2530902625120629,-0.2409922665502348,-0.2376960980946612,-0.2630426103663724,-0.32667881253318015,-0.22774230309289611,-0.337871403694506,-0.30245684982348353,-0.3137307510768037,-0.2597357645718114,-0.2265454208911308,-0.25996375413338685,-0.27124302203150746,-0.30528190996730525,-0.2959193759243316,-0.2984938779399327
-0.25980531980866767,-0.25265287896570016,-0.2346058803383839,-0.26837606730537844,-0.3318530820733206,-0.2293264075640057,-0.3474345462223127,-0.31023933206325566,-0.3193286759134416,-0.26644820127091046,-0.227206891171966,-0.2699573632304036,-0.26619855510543633,-0.30864408803784216,-0.3038113633820948,-0.30073188180690613
-0.25980531980866767,-0.25265287896570016,-0.2346058803383839,-0.26837606730537844,-0.3318530820733206,-0.2293264075640057,-0.3474345462223127,-0.31023933206325566,-0.3193286759134416,-0.26644820127091046,-0.227206891171966,-0.2699573632304036,-0.26619855510543633,-0.30864408803784216,-0.3038113633820948,-0.30073188180690613
-0.25980531980866767,-0.25265287896570016,-0.2346058803383839,-0.26837606730537844,-0.3318530820733206,-0.2293264075640057,-0.3474345462223127,-0.31023933206325566,-0.3193286759134416,-0.26644820127091046,-0.227206891171966,-0.2699573632304036,-0.26619855510543633,-0.30864408803784216,-0.3038113633820948,-0.30073188180690613
-0.25980531980866767,-0.25265287896570016,-0.2346058803383839,-0.26837606730537844,-0.3318530820733206,-0.2293264075640057,-0.3474345462223127,-0.31023933206325566,-0.3193286759134416,-0.26644820127091046,-0.227206891171966,-0.2699573632304036,-0.26619855510543633,-0.30864408803784216,-0.3038113633820948,-0.30073188180690613
-0.25980531980866767,-0.25265287896570016,-0.2346058803383839,-0.26837606730537844,-0.3318530820733206,-0.2293264075640057,-0.3474345462223127,-0.31023933206325566,-0.3193286759134416,-0.26644820127091046,-0.227206891171966,-0.2699573632304036,-0.26619855510543633,-0.30864408803784216,-0.3038113633820948,-0.30073188180690613
-0.25980531980866767,-0.25265287896570016,-0.2346058803383839,-0.26837606730537844,-0.3318530820733206,-0.2293264075640057,-0.3474345462223127,-0.31023933206325566,-0.3193286759134416,-0.26644820127091046,-0.227206891171966,-0.2699573632304036,-0.26619855510543633,-0.30864408803784216,-0.3038113633820948,-0.30073188180690613
-0.25980531980866767,-0.25265287896570016,-0.2346058803383839,-0.26837606730537844,-0.3318530820733206,-0.2293264075640057,-0.3474345462223127,-0.31023933206325566,-0.3193286759134416,-0.26644820127091046,-0.227206891171966,-0.2699573632304036,-0.26619855510543633,-0.30864408803784216,-0.3038113633820948,-0.30073188180690613
-0.25980531980866767,-0.25265287896570016,-0.2346058803383839,-0.26837606730537844,-0.3318530820733206,-0.2293264075640057,-0.3474345462223127,-0.31023933206325566,-0.3193286759134416,-0.26644820127091046,-0.227206891171966,-0.2699573632304036,-0.26619855510543633,-0.30864408803784216,-0.3038113633820948,-0.30073188180690613
-0.25980531980866767,-0.25265287896570016,-0.2346058803383839,-0.26837606730537844,-0.3318530820733206,-0.2293264075640057,-0.3474345462223127,-0.31023933206325566,-0.3193286759134416,-0.26644820127091046,-0.227206891171966,-0.2699573632304036,-0.26619855510543633,-0.30864408803784216,-0.3038113633820948,-0.30073188180690613
-0.25980531980866767,-0.25265287896570016,-0.2346058803383839,-0.26837606730537844,-0.3318530820733206,-0.2293264075640057,-0.3474345462223127,-0.31023933206325566,-0.3193286759134416,-0.26644820127091046,-0.227206891171966,-0.2699573632304036,-0.26619855510543633,-0.30864408803784216,-0.3038113633820948,-0.30073188180690613
-0.25980531980866767,-0.25265287896570016,-0.2346058803383839,-0.26837606730537844,-0.3318530820733206,-0.2293264075640057,-0.3474345462223127,-0.31023933206325566,-0.3193286759134416,-0.26644820127091046,-0.227206891171966,-0.2699573632304036,-0.26619855510543633,-0.30864408803784216,-0.3038113633820948,-0.30073188180690613
-0.25980531980866767,-0.25265287896570016,-0.2346058803383839,-0.26837606730537844,-0.3318530820733206,-0.2293264075640057,-0.3474345462223127,-0.31023933206325566,-0.3193286759134416,-0.26644820127091046,-0.227206891171966,-0.2699573632304036,-0.26619855510543633,-0.30864408803784216,-0.3038113633820948,-0.30073188180690613
-0.25980531980866767,-0.25265287896570016,-0.2346058803383839,-0.26837606730537844,-0.3318530820733206,-0.2293264075640057,-0.3474345462223127,-0.31023933206325566,-0.3193286759134416,-0.26644820127091046,-0.227206891171966,-0.2699573632304036,-0.26619855510543633,-0.30864408803784216,-0.3038113633820948,-0.30073188180690613
-0.25980531980866767,-0.25265287896570016,-0.2346058803383839,-0.26837606730537844,-0.3318530820733206,-0.2293264075640057,-0.3474345462223127,-0.31023933206325566,-0.3193286759134416,-0.26644820127091046,-0.227206891171966,-0.2699573632304036,-0.26619855510543633,-0.30864408803784216,-0.3038113633820948,-0.30073188180690613
-0.25980531980866767,-0.25265287896570016,-0.2346058803383839,-0.26837606730537844,-0.3318530820733206,-0.2293264075640057,-0.3474345462223127,-0.31023933206325566,-0.3193286759134416,-0.26644820127091046,-0.227206891171966,-0.2699573632304036,-0.26619855510543633,-0.30864408803784216,-0.3038113633820948,-0.30073188180690613
-0.25980531980866767,-0.25265287896570016,-0.2346058803383839,-0.26837606730537844,-0.3318530820733206,-0.2293264075640057,-0.3474345462223127,-0.31023933206325566,-0.3193286759134416,-0.26644820127091046,-0.227206891171966,-0.2699573632304036,-0.26619855510543633,-0.30864408803784216,-0.3038113633820948,-0.30073188180690613
-0.25980531980866767,-0.25265287896570016,-0.2346058803383839,-0.26837606730537844,-0.3318530820733206,-0.2293264075640057,-0.3474345462223127,-0.31023933206325566,-0.3193286759134416,-0.26644820127091046,-0.227206891171966,-0.2699573632304036,-0.26619855510543633,-0.30864408803784216,-0.3038113633820948,-0.30073188180690613
-0.25980531980866767,-0.25265287896570016,-0.2346058803383839,-0.26837606730537844,-0.3318530820733206,-0.2293264075640057,-0.3474345462223127,-0.31023933206325566,-0.3193286759134416,-0.26644820127091046,-0.227206891171966,-0.2699573632304036,-0.26619855510543633,-0.30864408803784216,-0.3038113633820948,-0.30073188180690613
-0.25980531980866767,-0.25265287896570016,-0.2346058803383839,-0.26837606730537844,-0.3318530820733206,-0.2293264075640057,-0.3474345462223127,-0.31023933206325566,-0.3193286759134416,-0.26644820127091046,-0.227206891171966,-0.2699573632304036,-0.26619855510543633,-0.30864408803784216,-0.3038113633820948,-0.30073188180690613
-0.25980531980866767,-0.25265287896570016,-0.2346058803383839,-0.26837606730537844,-0.3318530820733206,-0.2293264075640057,-0.3474345462223127,-0.31023933206325566,-0.3193286759134416,-0.26644820127091046,-0.227206891171966,-0.2699573632304036,-0.26619855510543633,-0.30864408803784216,-0.3038113633820948,-0.30073188180690613
-0.25980531980866767,-0.25265287896570016,-0.2346058803383839,-0.26837606730537844,-0.3318530820733206,-0.2293264075640057,-0.3474345462223127,-0.31023933206325566,-0.3193286759134416,-0.26644820127091046,-0.227206891171966,-0.2699573632304036,-0.26619855510543633,-0.30864408803784216,-0.3038113633820948,-0.30073188180690613
-0.25980531980866767,-0.25265287896570016,-0.2346058803383839,-0.26837606730537844,-0.3318530820733206,-0.2293264075640057,-0.3474345462223127,-0.31023933206325566,-0.3193286759134416,-0.26644820127091046,-0.227206891171966,-0.2699573632304036,-0.26619855510543633,-0.30864408803784216,-0.3038113633820948,-0.30073188180690613
-0.25980531980866767,-0.25265287896570016,-0.2346058803383839,-0.26837606730537844,-0.3318530820733206,-0.2293264075640057,-0.3474345462223127,-0.31023933206325566,-0.3193286759134416,-0.26644820127091046,-0.227206891171966,-0.2699573632304036,-0.26619855510543633,-0.30864408803784216,-0.3038113633820948,-0.30073188180690613
-0.25980531980866767,-0.25265287896570016,-0.2346058803383839,-0.26837606730537844,-0.3318530820733206,-0.2293264075640057,-0.3474345462223127,-0.31023933206325566,-0.3193286759134416,-0.26644820127091046,-0.227206891171966,-0.2699573632304036,-0.26619855510543633,-0.30864408803784216,-0.3038113633820948,-0.30073188180690613
-0.25980531980866767,-0.25265287896570016,-0.2346058803383839,-0.26837606730537844,-0.3318530820733206,-0.2293264075640057,-0.3474345462223127,-0.31023933206325566,-0.3193286759134416,-0.26644820127091046,-0.227206891171966,-0.2699573632304036,-0.26619855510543633,-0.30864408803784216,-0.3038113633820948,-0.30073188180690613
-0.25980531980866767,-0.25265287896570016,-0.2346058803383839,-0.26837606730537844,-0.3318530820733206,-0.2293264075640057,-0.3474345462223127,-0.31023933206325566,-0.3193286759134416,-0.26644820127091046,-0.227206891171966,-0.2699573632304036,-0.26619855510543633,-0.30864408803784216,-0.3038113633820948,-0.30073188180690613
-0.25980531980866767,-0.25265287896570016,-0.2346058803383839,-0.26837606730537844,-0.3318530820733206,-0.2293264075640057,-0.3474345462223127,-0.31023933206325566,-0.3193286759134416,-0.26644820127091046,-0.227206891171966,-0.2699573632304036,-0.26619855510543633,-0.30864408803784216,-0.3038113633820948,-0.30073188180690613
-0.25980531980866767,-0.25265287896570016,-0.2346058803383839,-0.26837606730537844,-0.3318530820733206,-0.2293264075640057,-0.3474345462223127,-0.31023933206325566,-0.3193286759134416,-0.26644820127091046,-0.227206891171966,-0.2699573632304036,-0.26619855510543633,-0.30864408803784216,-0.3038113633820948,-0.30073188180690613
-1600.0,-1600.0,-1600.0,-1600.0,-1600.0,-1600.0,-1600.0,-1600.0,-1600.0,-1600.0,-1600.0,-1600.0,-1600.0,-1600.0,-1600.0,-1600.0
-0.08371979195090432,-0.08836938928816782,-0.09514700810713989,-0.0512035223148782,-0.12605131718663537,-0.10494857200697628,-0.1421319426700237,-0.10687850179248187,-0.12313482534002143,-0.11513238506722961,-0.016349820309112337,0.02642987174725033,-0.07886313351614159,-0.04699820003375445,-0.12435505789032436,-0.1585148877140257
0.06623070899275915,-0.032757126350684646,-0.028338484702600586,0.041349877142413956,-0.014923692531344337,0.0138916883475269,-0.05747055656972971,-0.006190280866452755,0.017411347151530362,0.020607268498141144,-0.0380953975819973,0.02655012559017035,0.06454421718091058,5.18259560814719E-4,-0.02129981271556897,-0.033867493913693564
0.010951717927707362,-0.021336947055683977,-0.01799014668716998,0.013280991557616039,-0.08207924970322608,-0.025779966179693345,-0.07799051290258938,-0.05400150452823853,-0.06032505134293598,0.026228656644045854,-0.03992638473162746,0.002038264804693173,0.03914925419307177,0.0043455817633039386,-0.06272571383940924,-0.030910162014687135
-0.05903636542699456,-0.04269620175923312,-0.04349396690735463,-0.05526026290333165,-0.12742476530598992,-0.0960181945420348,-0.12370248257779103,-0.11127337575055753,-0.10908699844563263,-0.062129538933075754,-0.05579509720514778,-0.07162923824458227,-0.018059049029447157,-0.05225030614745425,-0.09408789436570415,-0.07494458725476738
-0.09199130035255025,-0.046993218000748786,-0.10697747962100654,-0.13265012684330024,-0.184678017263838,-0.1057382005015682,-0.18240716979257654,-0.1602831283611683,-0.16273104132543442,-0.11278474802296726,-0.0862164645482693,-0.10362791585256743,-0.07591835795520697,-0.13562544225962683,-0.15315442431324516,-0.1392920833629233
-0.16100404821099032,-0.14288052833334816,-0.1382007396711272,-0.1605938407645552,-0.24386842739195116,-0.12199547609216306,-0.24451553534307388,-0.2398300231723231,-0.20130588460390325,-0.16055718573180988,-0.13154137019617623,-0.1949927822376561,-0.16502413267629323,-0.2007762777543321,-0.21678330611941604,-0.2110062490073263
-0.17796162007589877,-0.16700776788689858,-0.1717672864955409,-0.1918042135335687,-0.26365457525983116,-0.16987830125897074,-0.2579525783223678,-0.2548180169697217,-0.23492992212912536,-0.19020121080207242,-0.17129410151244917,-0.19368441970648534,-0.18439653226778605,-0.2309502884430791,-0.2222363067028709,-0.2347648532018117
-0.1822485516898834,-0.19802132533177266,-0.20315188037221135,-0.23821350930024163,-0.29925489205233047,-0.19817029162452113,-0.2706288643803973,-0.28163543168611693,-0.254212236914943,-0.21172673167683478,-0.19378948602650628,-0.20986138606800675,-0.2147099396876123,-0.24304991938656983,-0.23895923205904918,-0.2616515286739006
-0.2217629636085276,-0.20573366225916687,-0.22557010330556915,-0.24672265289550008,-0.31173837577209057,-0.20568605653671843,-0.2808111445365034,-0.2887971466041181,-0.2793486446256783,-0.23433216165208748,-0.22585432366447136,-0.21834862561759677,-0.23103801632183532,-0.2740636628916883,-0.2619701108655629,-0.2831724875344972
-0.23617070879418742,-0.23434999259278508,-0.22268432892668785,-0.25284884267026747,-0.3227699061466199,-0.21283195190041376,-0.2935663610832068,-0.3049984305234257,-0.2995543703712602,-0.2375498031561545,-0.23219989216263007,-0.2396377563692365,-0.23350925082120877,-0.2794366635826605,-0.2662806634299948,-0.2918431776980515
-0.244576513574959,-0.2377093947780784,-0.2352213884202042,-0.2599983351363666,-0.3202282993552265,-0.2275577588687013,-0.3091267545177956,-0.2953437963816459,-0.3101757131747032,-0.24845260446558745,-0.2333967948215167,-0.23762920237519022,-0.2535657067481146,-0.2946945619026598,-0.27726176047414214,-0.2961260963885668
-0.24159549988773454,-0.2375394372676487,-0.2429516449628356,-0.26046212074378927,-0.3231943259624288,-0.2269777869327794,-0.30856007307220384,-0.3005622032634595,-0.31061576628192034,-0.24664511494134464,-0.2328883301050255,-0.2430355545842953,-0.26026705960787105,-0.29593526764856276,-0.28521463683202875,-0.29038704894724887
-0.24719138096823887,-0.24725661428053647,-0.2403764634992713,-0.264906668192961,-0.3275062172458791,-0.22829787399203738,-0.31652935851204267,-0.30704760512993623,-0.31528070364578514,-0.25223881219059424,-0.233439555339055,-0.25136356216514244,-0.25606333716947854,-0.2987370827073433,-0.291791293046831,-0.29225205216972666
-0.24719138096823887,-0.24725661428053647,-0.2403764634992713,-0.264906668192961,-0.3275062172458791,-0.22829787399203738,-0.31652935851204267,-0.30704760512993623,-0.31528070364578514,-0.25223881219059424,-0.233439555339055,-0.25136356216514244,-0.25606333716947854,-0.2987370827073433,-0.291791293046831,-0.29225205216972666
-0.24719138096823887,-0.24725661428053647,-0.2403764634992713,-0.264906668192961,-0.3275062172458791,-0.22829787399203738,-0.31652935851204267,-0.30704760512993623,-0.31528070364578514,-0.25223881219059424,-0.233439555339055,-0.25136356216514244,-0.25606333716947854,-0.2987370827073433,-0.291791293046831,-0.29225205216972666
-0.24719138096823887,-0.24725661428053647,-0.2403764634992713,-0.264906668192961,-0.3275062172458791,-0.22829787399203738,-0.31652935851204267,-0.30704760512993623,-0.31528070364578514,-0.25223881219059424,-0.233439555339055,-0.25136356216514244,-0.25606333716947854,-0.2987370827073433,-0.291791293046831,-0.29225205216972666
-0.24719138096823887,-0.24725661428053647,-0.2403764634992713,-0.264906668192961,-0.3275062172458791,-0.22829787399203738,-0.31652935851204267,-0.30704760512993623,-0.31528070364578514,-0.25223881219059424,-0.233439555339055,-0.25136356216514244,-0.25606333716947854,-0.2987370827073433,-0.291791293046831,-0.29225205216972666
-0.24719138096823887,-0.24725661428053647,-0.2403764634992713,-0.264906668192961,-0.3275062172458791,-0.22829787399203738,-0.31652935851204267,-0.30704760512993623,-0.31528070364578514,-0.25223881219059424,-0.233439555339055,-0.25136356216514244,-0.25606333716947854,-0.2987370827073433,-0.291791293046831,-0.29225205216972666
-0.24719138096823887,-0.24725661428053647,-0.2403764634992713,-0.264906668192961,-0.3275062172458791,-0.22829787399203738,-0.31652935851204267,-0.30704760512993623,-0.31528070364578514,-0.25223881219059424,-0.233439555339055,-0.25136356216514244,-0.25606333716947854,-0.2987370827073433,-0.291791293046831,-0.29225205216972666
-0.24719138096823887,-0.24725661428053647,-0.2403764634992713,-0.264906668192961,-0.3275062172458791,-0.22829787399203738,-0.31652935851204267,-0.30704760512993623,-0.31528070364578514,-0.25223881219059424,-0.233439555339055,-0.25136356216514244,-0.25606333716947854,-0.2987370827073433,-0.291791293046831,-0.29225205216972666
-0.24719138096823887,-0.24725661428053647,-0.2403764634992713,-0.264906668192961,-0.3275062172458791,-0.22829787399203738,-0.31652935851204267,-0.30704760512993623,-0.31528070364578514,-0.25223881219059424,-0.233439555339055,-0.25136356216514244,-0.25606333716947854,-0.2987370827073433,-0.291791293046831,-0.29225205216972666
-0.24719138096823887,-0.24725661428053647,-0.2403764634992713,-0.264906668192961,-0.3275062172458791,-0.22829787399203738,-0.31652935851204267,-0.30704760512993623,-0.31528070364578514,-0.25223881219059424,-0.233439555339055,-0.25136356216514244,-0.25606333716947854,-0.2987370827073433,-0.291791293046831,-0.29225205216972666
-0.24719138096823887,-0.24725661428053647,-0.2403764634992713,-0.264906668192961,-0.3275062172458791,-0.22829787399203738,-0.31652935851204267,-0.30704760512993623,-0.31528070364578514,-0.25223881219059424,-0.233439555339055,-0.25136356216514244,-0.25606333716947854,-0.2987370827073433,-0.291791293046831,-0.29225205216972666
-0.24719138096823887,-0.24725661428053647,-0.2403764634992713,-0.264906668192961,-0.3275062172458791,-0.22829787399203738,-0.31652935851204267,-0.30704760512993623,-0.31528070364578514,-0.25223881219059424,-0.233439555339055,-0.25136356216514244,-0.25606333716947854,-0.2987370827073433,-0.291791293046831,-0.29225205216972666
-0.24719138096823887,-0.24725661428053647,-0.2403764634992713,-0.264906668192961,-0.3275062172458791,-0.22829787399203738,-0.31652935851204267,-0.30704760512993623,-0.31528070364578514,-0.25223881219059424,-0.233439555339055,-0.25136356216514244,-0.25606333716947854,-0.2987370827073433,-0.291791293046831,-0.29225205216972666
-0.24719138096823887,-0.24725661428053647,-0.2403764634992713,-0.264906668192961,-0.3275062172458791,-0.22829787399203738,-0.31652935851204267,-0.30704760512993623,-0.31528070364578514,-0.25223881219059424,-0.233439555339055,-0.25136356216514244,-0.25606333716947854,-0.2987370827073433,-0.291791293046831,-0.29225205216972666
-0.24719138096823887,-0.24725661428053647,-0.2403764634992713,-0.264906668192961,-0.3275062172458791,-0.22829787399203738,-0.31652935851204267,-0.30704760512993623,-0.31528070364578514,-0.25223881219059424,-0.233439555339055,-0.25136356216514244,-0.25606333716947854,-0.2987370827073433,-0.291791293046831,-0.29225205216972666
-0.24719138096823887,-0.24725661428053647,-0.2403764634992713,-0.264906668192961,-0.3275062172458791,-0.22829787399203738,-0.31652935851204267,-0.30704760512993623,-0.31528070364578514,-0.25223881219059424,-0.233439555339055,-0.25136356216514244,-0.25606333716947854,-0.2987370827073433,-0.291791293046831,-0.29225205216972666
-0.24719138096823887,-0.24725661428053647,-0.2403764634992713,-0.264906668192961,-0.3275062172458791,-0.22829787399203738,-0.31652935851204267,-0.30704760512993623,-0.31528070364578514,-0.25223881219059424,-0.233439555339055,-0.25136356216514244,-0.25606333716947854,-0.2987370827073433,-0.291791293046831,-0.29225205216972666
-0.24719138096823887,-0.24725661428053647,-0.2403764634992713,-0.264906668192961,-0.3275062172458791,-0.22829787399203738,-0.31652935851204267,-0.30704760512993623,-0.31528070364578514,-0.25223881219059424,-0.233439555339055,-0.25136356216514244,-0.25606333716947854,-0.2987370827073433,-0.291791293046831,-0.29225205216972666
-0.24719138096823887,-0.24725661428053647,-0.2403764634992713,-0.264906668192961,-0.3275062172458791,-0.22829787399203738,-0.31652935851204267,-0.30704760512993623,-0.31528070364578514,-0.25223881219059424,-0.233439555339055,-0.25136356216514244,-0.25606333716947854,-0.2987370827073433,-0.291791293046831,-0.29225205216972666
-0.24719138096823887,-0.24725661428053647,-0.2403764634992713,-0.264906668192961,-0.3275062172458791,-0.22829787399203738,-0.31652935851204267,-0.30704760512993623,-0.31528070364578514,-0.25223881219059424,-0.233439555339055,-0.25136356216514244,-0.25606333716947854,-0.2987370827073433,-0.291791293046831,-0.29225205216972666
-0.24719138096823887,-0.24725661428053647,-0.2403764634992713,-0.264906668192961,-0.3275062172458791,-0.22829787399203738,-0.31652935851204267,-0.30704760512993623,-0.31528070364578514,-0.25223881219059424,-0.233439555339055,-0.25136356216514244,-0.25606333716947854,-0.2987370827073433,-0.291791293046831,-0.29225205216972666
-0.24719138096823887,-0.24725661428053647,-0.2403764634992713,-0.264906668192961,-0.3275062172458791,-0.22829787399203738,-0.31652935851204267,-0.30704760512993623,-0.31528070364578514,-0.25223881219059424,-0.233439555339055,-0.25136356216514244,-0.25606333716947854,-0.2987370827073433,-0.291791293046831,-0.29225205216972666
-0.24719138096823887,-0.24725661428053647,-0.2403764634992713,-0.264906668192961,-0.3275062172458791,-0.22829787399203738,-0.31652935851204267,-0.30704760512993623,-0.31528070364578514,-0.25223881219059424,-0.233439555339055,-0.25136356216514244,-0.25606333716947854,-0.2987370827073433,-0.291791293046831,-0.29225205216972666
-0.24719138096823887,-0.24725661428053647,-0.2403764634992713,-0.264906668192961,-0.3275062172458791,-0.22829787399203738,-0.31652935851204267,-0.30704760512993623,-0.31528070364578514,-0.25223881219059424,-0.233439555339055,-0.25136356216514244,-0.25606333716947854,-0.2987370827073433,-0.291791293046831,-0.29225205216972666
-0.24719138096823887,-0.24725661428053647,-0.2403764634992713,-0.264906668192961,-0.3275062172458791,-0.22829787399203738,-0.31652935851204267,-0.30704760512993623,-0.31528070364578514,-0.25223881219059424,-0.233439555339055,-0.25136356216514244,-0.25606333716947854,-0.2987370827073433,-0.291791293046831,-0.29225205216972666
-0.24719138096823887,-0.24725661428053647,-0.2403764634992713,-0.264906668192961,-0.3275062172458791,-0.22829787399203738,-0.31652935851204267,-0.30704760512993623,-0.31528070364578514,-0.25223881219059424,-0.233439555339055,-0.25136356216514244,-0.25606333716947854,-0.2987370827073433,-0.291791293046831,-0.29225205216972666
-0.24719138096823887,-0.24725661428053647,-0.2403764634992713,-0.264906668192961,-0.3275062172458791,-0.22829787399203738,-0.31652935851204267,-0.30704760512993623,-0.31528070364578514,-0.25223881219059424,-0.233439555339055,-0.25136356216514244,-0.25606333716947854,-0.2987370827073433,-0.291791293046831,-0.29225205216972666
-0.24719138096823887,-0.24725661428053647,-0.2403764634992713,-0.264906668192961,-0.3275062172458791,-0.22829787399203738,-0.31652935851204267,-0.30704760512993623,-0.31528070364578514,-0.25223881219059424,-0.233439555339055,-0.25136356216514244,-0.25606333716947854,-0.2987370827073433,-0.291791293046831,-0.29225205216972666
-1600.0,-1600.0,-1600.0,-1600.0,-1600.0,-1600.0,-1600.0,-1600.0,-1600.0,-1600.0,-1600.0,-1600.0,-1600.0,-1600.0,-1600.0,-1600.0
-0.08594060919611084,-0.07839372906739889,-0.096174925394173,-0.05162835836234522,-0.1263848825958181,-0.11763904825106934,-0.1405979701920233,-0.09306529125906454,-0.11896194944989645,-0.1113895453263759,-0.022131178433001636,0.020341748586301046,-0.08504782046440709,-0.04786549904337074,-0.1285274904629069,-0.1532949536252781
0.06098597180654675,-0.04423492680981915,-0.022945828341308868,0.035627559214974173,-0.021915058315842968,0.01225766325205062,-0.07001816188863956,8.606997280797433E-4,0.009533927059826926,0.0225946282070892,-0.027239275502385415,0.02341852025468271,0.052593826184743966,0.004791437986283438,-0.028893066488274773,-0.034806312841483375
0.014878932475347127,-0.029558282243757377,-0.012405020046586676,0.0038470912134797686,-0.07692871279712728,-0.027509799250086998,-0.07834591845215567,-0.0544637570480589,-0.054242322016882,0.02557519067291694,-0.02344076660987108,0.00976145372715595,0.035312932645094955,0.00801517280356376,-0.06551658465719562,-0.025902375919867816
-0.03624892452278467,-0.048689770061358696,-0.050525793699654986,-0.062378282951192514,-0.11607517186984491,-0.09265240457719594,-0.123204153066778,-0.11274499306248133,-0.09623612667964832,-0.05263105825906101,-0.04946128603645241,-0.045281091745711266,-0.025017102930281223,-0.0506227092323528,-0.08859871353325241,-0.07286159682985531
-0.07211448481749465,-0.0539271555730154,-0.1097957777370077,-0.12987060311038048,-0.16541482514142267,-0.11029848158835072,-0.1765226453098365,-0.16216337599296332,-0.1482611509729047,-0.10204564472335474,-0.08281081262881011,-0.07417230165023646,-0.08798406986225484,-0.1331516098748196,-0.14876470864995048,-0.14480299912461309
-0.13199196088902337,-0.14394209087557486,-0.1380779390057964,-0.16027361943565827,-0.22590719672468262,-0.12559637497817752,-0.2333620613449383,-0.23416714112926065,-0.19112764608701638,-0.15111391168317384,-0.13019259431653227,-0.1728451756944038,-0.17187364894805898,-0.19552045048521258,-0.20169427101360438,-0.20757110228623032
-0.15640946182992518,-0.16518644956167128,-0.16979933856817953,-0.1972652163626765,-0.24864587338556182,-0.17390899295292475,-0.2569907753377422,-0.2552005026406757,-0.2328476726668719,-0.19102223961402157,-0.17491698908811887,-0.1801634042457386,-0.1947281924650523,-0.23336290076624944,-0.21537553383200791,-0.23520790462965818
-0.16635156190091147,-0.1968551662022672,-0.1913032082656921,-0.24114346771917636,-0.28570976487921,-0.2043539890265691,-0.27189142942967276,-0.27485331223827847,-0.24619847757549687,-0.2056583946638512,-0.1999468178671233,-0.20425257838730992,-0.2156211585525652,-0.23042056725108112,-0.2406441282252179,-0.25266320628515926
-0.2060524269124698,-0.20506193767794956,-0.2110031021314738,-0.2469551174118971,-0.2972899138825557,-0.20659739884344264,-0.2814477893289787,-0.28027286169800353,-0.2709081370645039,-0.22790215371895606,-0.23356965035762592,-0.21385218021455504,-0.23799272515648312,-0.27383086589066236,-0.26089346340153735,-0.2790413616650914
-0.21869392212706795,-0.2297871537278311,-0.21436184866311936,-0.2512363047596736,-0.3055254506822368,-0.2244760226138918,-0.29220069151502936,-0.29265407466305376,-0.28481860137598963,-0.2289684956089912,-0.23956725915852828,-0.23149317820311405,-0.24709516481735302,-0.27519406268367336,-0.2694936989080841,-0.2830698286043998
-0.23705117623122515,-0.2470032027722161,-0.23688819841746822,-0.2598112431807628,-0.3137602354040188,-0.23848438524489154,-0.3108458248202266,-0.296116289727594,-0.2973620056097044,-0.24561101962614745,-0.25012932355534134,-0.2360968421330501,-0.26636920786645524,-0.302790812816348,-0.27770037631602473,-0.2948526149037642
-0.23185302223474172,-0.24078371424615086,-0.23855291778906557,-0.25811789239675015,-0.31417560251147436,-0.2395918777897126,-0.3126398089936374,-0.29751204309626605,-0.30186725368129497,-0.24601926712727984,-0.24981623559704785,-0.2447131291629487,-0.27573118715277406,-0.3032859240157229,-0.28910663038716405,-0.29106209036053576
-0.23664949173231667,-0.2491127231143404,-0.23634561939172447,-0.26192750449604013,-0.31787150932586034,-0.2407233809833623,-0.31947062508492774,-0.3030709589818175,-0.30586577142175053,-0.25081386476949386,-0.2502887143690731,-0.2518514213751035,-0.2721279964912946,-0.30568747978039196,-0.2947437642855659,-0.2926606645512311
-0.23664949173231667,-0.2491127231143404,-0.23634561939172447,-0.26192750449604013,-0.31787150932586034,-0.2407233809833623,-0.31947062508492774,-0.3030709589818175,-0.30586577142175053,-0.25081386476949386,-0.2502887143690731,-0.2518514213751035,-0.2721279964912946,-0.30568747978039196,-0.2947437642855659,-0.2926606645512311
-0.23664949173231667,-0.2491127231143404,-0.23634561939172447,-0.26192750449604013,-0.31787150932586034,-0.2407233809833623,-0.31947062508492774,-0.3030709589818175,-0.30586577142175053,-0.25081386476949386,-0.2502887143690731,-0.2518514213751035,-0.2721279964912946,-0.30568747978039196,-0.2947437642855659,-0.2926606645512311
-0.23664949173231667,-0.2491127231143404,-0.23634561939172447,-0.26192750449604013,-0.31787150932586034,-0.2407233809833623,-0.31947062508492774,-0.3030709589818175,-0.30586577142175053,-0.25081386476949386,-0.2502887143690731,-0.2518514213751035,-0.2721279964912946,-0.30568747978039196,-0.2947437642855659,-0.2926606645512311
-0.23664949173231667,-0.2491127231143404,-0.23634561939172447,-0.26192750449604013,-0.31787150932586034,-0.2407233809833623,-0.31947062508492774,-0.3030709589818175,-0.30586577142175053,-0.25081386476949386,-0.2502887143690731,-0.2518514213751035,-0.2721279964912946,-0.30568747978039196,-0.2947437642855659,-0.2926606645512311
-0.23664949173231667,-0.2491127231143404,-0.23634561939172447,-0.26192750449604013,-0.31787150932586034,-0.2407233809833623,-0.31947062508492774,-0.3030709589818175,-0.30586577142175053,-0.25081386476949386,-0.2502887143690731,-0.2518514213751035,-0.2721279964912946,-0.30568747978039196,-0.2947437642855659,-0.2926606645512311
-0.23664949173231667,-0.2491127231143404,-0.23634561939172447,-0.26192750449604013,-0.31787150932586034,-0.2407233809833623,-0.31947062508492774,-0.3030709589818175,-0.30586577142175053,-0.25081386476949386,-0.2502887143690731,-0.2518514213751035,-0.2721279964912946,-0.30568747978039196,-0.2947437642855659,-0.2926606645512311
-0.23664949173231667,-0.2491127231143404,-0.23634561939172447,-0.26192750449604013,-0.31787150932586034,-0.2407233809833623,-0.31947062508492774,-0.3030709589818175,-0.30586577142175053,-0.25081386476949386,-0.2502887143690731,-0.2518514213751035,-0.2721279964912946,-0.30568747978039196,-0.2947437642855659,-0.2926606645512311
-0.23664949173231667,-0.2491127231143404,-0.23634561939172447,-0.26192750449604013,-0.31787150932586034,-0.2407233809833623,-0.31947062508492774,-0.3030709589818175,-0.30586577142175053,-0.25081386476949386,-0.2502887143690731,-0.2518514213751035,-0.2721279964912946,-0.30568747978039196,-0.2947437642855659,-0.2926606645512311
-0.23664949173231667,-0.2491127231143404,-0.23634561939172447,-0.26192750449604013,-0.31787150932586034,-0.2407233809833623,-0.31947062508492774,-0.3030709589818175,-0.30586577142175053,-0.25081386476949386,-0.2502887143690731,-0.2518514213751035,-0.2721279964912946,-0.30568747978039196,-0.2947437642855659,-0.2926606645512311
-0.23664949173231667,-0.2491127231143404,-0.23634561939172447,-0.26192750449604013,-0.31787150932586034,-0.2407233809833623,-0.31947062508492774,-0.3030709589818175,-0.30586577142175053,-0.25081386476949386,-0.2502887143690731,-0.2518514213751035,-0.2721279964912946,-0.30568747978039196,-0.2947437642855659,-0.2926606645512311
-0.23664949173231667,-0.2491127231143404,-0.23634561939172447,-0.26192750449604013,-0.31787150932586034,-0.2407233809833623,-0.31947062508492774,-0.3030709589818175,-0.30586577142175053,-0.25081386476949386,-0.2502887143690731,-0.2518514213751035,-0.2721279964912946,-0.30568747978039196,-0.2947437642855659,-0.2926606645512311
-0.23664949173231667,-0.2491127231143404,-0.23634561939172447,-0.26192750449604013,-0.31787150932586034,-0.2407233809833623,-0.31947062508492774,-0.3030709589818175,-0.30586577142175053,-0.25081386476949386,-0.2502887143690731,-0.2518514213751035,-0.2721279964912946,-0.30568747978039196,-0.2947437642855659,-0.2926606645512311
-0.23664949173231667,-0.2491127231143404,-0.23634561939172447,-0.26192750449604013,-0.31787150932586034,-0.2407233809833623,-0.31947062508492774,-0.3030709589818175,-0.30586577142175053,-0.25081386476949386,-0.2502887143690731,-0.2518514213751035,-0.2721279964912946,-0.30568747978039196,-0.2947437642855659,-0.2926606645512311
-0.23664949173231667,-0.2491127231143404,-0.23634561939172447,-0.26192750449604013,-0.31787150932586034,-0.2407233809833623,-0.31947062508492774,-0.3030709589818175,-0.30586577142175053,-0.25081386476949386,-0.2502887143690731,-0.2518514213751035,-0.2721279964912946,-0.30568747978039196,-0.2947437642855659,-0.2926606645512311
-0.23664949173231667,-0.2491127231143404,-0.23634561939172447,-0.26192750449604013,-0.31787150932586034,-0.2407233809833623,-0.31947062508492774,-0.3030709589818175,-0.30586577142175053,-0.25081386476949386,-0.2502887143690731,-0.2518514213751035,-0.2721279964912946,-0.30568747978039196,-0.2947437642855659,-0.2926606645512311
-0.23664949173231667,-0.2491127231143404,-0.23634561939172447,-0.26192750449604013,-0.31787150932586034,-0.2407233809833623,-0.31947062508492774,-0.3030709589818175,-0.30586577142175053,-0.25081386476949386,-0.2502887143690731,-0.2518514213751035,-0.2721279964912946,-0.30568747978039196,-0.2947437642855659,-0.2926606645512311
-0.23664949173231667,-0.2491127231143404,-0.23634561939172447,-0.26192750449604013,-0.31787150932586034,-0.2407233809833623,-0.31947062508492774,-0.3030709589818175,-0.30586577142175053,-0.25081386476949386,-0.2502887143690731,-0.2518514213751035,-0.2721279964912946,-0.30568747978039196,-0.2947437642855659,-0.2926606645512311
-0.23664949173231667,-0.2491127231143404,-0.23634561939172447,-0.26192750449604013,-0.31787150932586034,-0.2407233809833623,-0.31947062508492774,-0.3030709589818175,-0.30586577142175053,-0.25081386476949386,-0.2502887143690731,-0.2518514213751035,-0.2721279964912946,-0.30568747978039196,-0.2947437642855659,-0.2926606645512311
-0.23664949173231667,-0.2491127231143404,-0.23634561939172447,-0.26192750449604013,-0.31787150932586034,-0.2407233809833623,-0.31947062508492774,-0.3030709589818175,-0.30586577142175053,-0.25081386476949386,-0.2502887143690731,-0.2518514213751035,-0.2721279964912946,-0.30568747978039196,-0.2947437642855659,-0.2926606645512311
-0.23664949173231667,-0.2491127231143404,-0.23634561939172447,-0.26192750449604013,-0.31787150932586034,-0.2407233809833623,-0.31947062508492774,-0.3030709589818175,-0.30586577142175053,-0.25081386476949386,-0.2502887143690731,-0.2518514213751035,-0.2721279964912946,-0.30568747978039196,-0.2947437642855659,-0.2926606645512311
-0.23664949173231667,-0.2491127231143404,-0.23634561939172447,-0.26192750449604013,-0.31787150932586034,-0.2407233809833623,-0.31947062508492774,-0.3030709589818175,-0.30586577142175053,-0.25081386476949386,-0.2502887143690731,-0.2518514213751035,-0.2721279964912946,-0.30568747978039196,-0.2947437642855659,-0.2926606645512311
-0.23664949173231667,-0.2491127231143404,-0.23634561939172447,-0.26192750449604013,-0.31787150932586034,-0.2407233809833623,-0.31947062508492774,-0.3030709589818175,-0.30586577142175053,-0.25081386476949386,-0.2502887143690731,-0.2518514213751035,-0.2721279964912946,-0.30568747978039196,-0.2947437642855659,-0.2926606645512311
-0.23664949173231667,-0.2491127231143404,-0.23634561939172447,-0.26192750449604013,-0.31787150932586034,-0.2407233809833623,-0.31947062508492774,-0.3030709589818175,-0.30586577142175053,-0.25081386476949386,-0.2502887143690731,-0.2518514213751035,-0.2721279964912946,-0.30568747978039196,-0.2947437642855659,-0.2926606645512311
-0.23664949173231667,-0.2491127231143404,-0.23634561939172447,-0.26192750449604013,-0.31787150932586034,-0.2407233809833623,-0.31947062508492774,-0.3030709589818175,-0.30586577142175053,-0.25081386476949386,-0.2502887143690731,-0.2518514213751035,-0.2721279964912946,-0.30568747978039196,-0.2947437642855659,-0.2926606645512311
-0.23664949173231667,-0.2491127231143404,-0.23634561939172447,-0.26192750449604013,-0.31787150932586034,-0.2407233809833623,-0.31947062508492774,-0.3030709589818175,-0.30586577142175053,-0.25081386476949386,-0.2502887143690731,-0.2518514213751035,-0.2721279964912946,-0.30568747978039196,-0.2947437642855659,-0.2926606645512311
-0.23664949173231667,-0.2491127231143404,-0.23634561939172447,-0.26192750449604013,-0.31787150932586034,-0.2407233809833623,-0.31947062508492774,-0.3030709589818175,-0.30586577142175053,-0.25081386476949386,-0.2502887143690731,-0.2518514213751035,-0.2721279964912946,-0.30568747978039196,-0.2947437642855659,-0.2926606645512311
-0.23664949173231667,-0.2491127231143404,-0.23634561939172447,-0.26192750449604013,-0.31787150932586034,-0.2407233809833623,-0.31947062508492774,-0.3030709589818175,-0.30586577142175053,-0.25081386476949386,-0.2502887143690731,-0.2518514213751035,-0.2721279964912946,-0.30568747978039196,-0.2947437642855659,-0.2926606645512311
-1600.0,-1600.0,-1600.0,-1600.0,-1600.0,-1600.0,-1600.0,-1600.0,-1600.0,-1600.0,-1600.0,-1600.0,-1600.0,-1600.0,-1600.0,-1600.0
-0.09002268891859333,-0.08032630294938656,-0.0918155917726922,-0.047565646436521565,-0.11791570302237281,-0.11907769155943657,-0.1349570443906656,-0.09733311177270934,-0.11759263903119467,-0.11078543321450897,-0.025458279957142685,0.019933318907785654,-0.07855773009946776,-0.047020847463345755,-0.12318758697432929,-0.15791893308030686
0.06737483592699835,-0.042027569567158925,-0.019498427904334953,0.024332640124487423,-0.018193013150588463,0.007240794157265042,-0.06940922009127135,0.010418815128974418,0.007605113845704039,0.02670657621416649,-0.02169287156014422,0.026646767661307327,0.05630805515803592,-0.0013342088617715117,-0.03427436218660742,-0.021735105308891396
0.01778689095882375,-0.02695154353541872,-0.019789084831609894,-0.00624815266605487,-0.07407330136497739,-0.035306411551779195,-0.07449833728211804,-0.03918037629287908,-0.056030219726583085,0.021080256561484975,-0.01833098890610619,0.013202621775045742,0.04077200165664534,-0.0040095869526325136,-0.07942522116202175,-0.02268065358881182
-0.03305975433856414,-0.05079523996392053,-0.04811237440075398,-0.07357595151176684,-0.11868009677233093,-0.0966519444613784,-0.1268502147555197,-0.10338364842915632,-0.09883520453302756,-0.049881057824021614,-0.0583575519850995,-0.045767086535304535,-0.030378676111854342,-0.06416719915949397,-0.09415650515885128,-0.06932142482590549
-0.0698044651761144,-0.07056783490252386,-0.1183079029570666,-0.14031872068757034,-0.1605941017020834,-0.12149349994940206,-0.17639135382341603,-0.16635754507080786,-0.15172479704876726,-0.10137691654172867,-0.09615526849989474,-0.07500969592751121,-0.09654000638710873,-0.1413090160475625,-0.15202606243000402,-0.1497752600630959
-0.12317941545618569,-0.14572555269954857,-0.14835775617320276,-0.18152202046699048,-0.21835182689763555,-0.14058537756078757,-0.23232459909507178,-0.23219998793190855,-0.19410651002064278,-0.15340512532937428,-0.1393022828676788,-0.16259209807346522,-0.1695121856077685,-0.2114212136631112,-0.19660699266019802,-0.20777087345427375
-0.15583722553380558,-0.16979657212249094,-0.17537013388293332,-0.21120554313745238,-0.2428404936661523,-0.187243369164506,-0.2551717628912578,-0.2514580765711391,-0.23708505143598252,-0.18703921092992917,-0.1784487762015198,-0.17204132133751482,-0.19326086805898648,-0.24246427952869337,-0.21000541576199802,-0.23512506001403216
-0.163820690125558,-0.19984765361172654,-0.20153269164054677,-0.25488384607844344,-0.2778454494801051,-0.2174612803149768,-0.2710410038572426,-0.2717202622851048,-0.2487848374264678,-0.207511645008212,-0.20152584432930573,-0.19725032928346178,-0.21612587962896668,-0.24360639338460838,-0.2403468174722535,-0.25412878091140656
-0.20210874963205444,-0.21395279104205858,-0.22264681793285881,-0.26125784228321314,-0.2905866204395446,-0.2216000817336361,-0.2844214826711236,-0.2790023889740248,-0.2738131514843244,-0.23154313878125043,-0.23788693649854836,-0.20764609059570424,-0.24168134231390376,-0.28180169794311466,-0.26053343323290945,-0.2792743580209919
-0.2198965879457191,-0.24102490273383098,-0.2272138579576054,-0.2711815967601001,-0.3028255441285613,-0.23371751888669376,-0.29740729930947485,-0.2920523395811299,-0.2872157543926768,-0.23594315419964762,-0.24327665396497064,-0.22477282273523275,-0.2536843267395508,-0.2875695502989897,-0.27434355778684577,-0.28594650252167136
-0.23686343534655094,-0.2545472148149968,-0.24783148863293747,-0.27955296937197366,-0.30999733848213185,-0.24644200511287573,-0.3120680389595827,-0.29493189244259654,-0.2921345126577186,-0.24939108101562715,-0.2551238248922397,-0.2294605583994904,-0.27238870553243133,-0.310601780952063,-0.2813854807019584,-0.2969671824013357
-0.2338651109008273,-0.24912521099994514,-0.24495963209535465,-0.27598059927966034,-0.3073987670322207,-0.2496971582832849,-0.3096295297168024,-0.29538416589239763,-0.2940965593883727,-0.2507834509591362,-0.2519877978599595,-0.23770942160303254,-0.2794667204467104,-0.30733430248947,-0.28728842292738643,-0.2949841362617127
-0.23375657023538468,-0.25035813901584864,-0.24009795735097733,-0.2727652517541743,-0.3087337405649711,-0.2530619432957777,-0.31112412722385036,-0.29962173820294347,-0.29758499029855784,-0.2541917422990433,-0.2544348537938681,-0.2408065501560015,-0.2743884079731156,-0.31131775181692484,-0.29092221821451036,-0.2958537335443428
-0.23242048115173208,-0.25481047645763616,-0.24106590165715558,-0.27340068039310567,-0.3090763171231613,-0.2558474946027555,-0.31891935932066906,-0.30078143077623515,-0.2983494041231004,-0.2555387563495778,-0.2545891998083835,-0.24256898399638938,-0.2746012086949653,-0.3121171500674877,-0.2888414553814417,-0.29417304713713527
-0.2349390984033508,-0.2531599934214807,-0.2457720906054754,-0.2761741757472366,-0.31273235937165217,-0.2557211060532638,-0.3208647356215011,-0.2994167963345906,-0.303718118081707,-0.2579417495770571,-0.2514820420368158,-0.24368134364184968,-0.2758625303774079,-0.31705711259402436,-0.29555746551863016,-0.2951075482570185
-0.23460214524719883,-0.2528942088035001,-0.24438724339911702,-0.2752811209682014,-0.31082336711953434,-0.24980755088532863,-0.3218708583007848,-0.3010652172566134,-0.30567481295626153,-0.25747373895738995,-0.25393863545091816,-0.24161416705882233,-0.2759660324606445,-0.3151489154378799,-0.2970898900305704,-0.29835938487839103
-0.23460214524719883,-0.2528942088035001,-0.24438724339911702,-0.2752811209682014,-0.31082336711953434,-0.24980755088532863,-0.3218708583007848,-0.3010652172566134,-0.30567481295626153,-0.25747373895738995,-0.25393863545091816,-0.24161416705882233,-0.2759660324606445,-0.3151489154378799,-0.2970898900305704,-0.29835938487839103
-0.23460214524719883,-0.2528942088035001,-0.24438724339911702,-0.2752811209682014,-0.31082336711953434,-0.24980755088532863,-0.3218708583007848,-0.3010652172566134,-0.30567481295626153,-0.25747373895738995,-0.25393863545091816,-0.24161416705882233,-0.2759660324606445,-0.3151489154378799,-0.2970898900305704,-0.29835938487839103
-0.23460214524719883,-0.2528942088035001,-0.24438724339911702,-0.2752811209682014,-0.31082336711953434,-0.24980755088532863,-0.3218708583007848,-0.3010652172566134,-0.30567481295626153,-0.25747373895738995,-0.25393863545091816,-0.24161416705882233,-0.2759660324606445,-0.3151489154378799,-0.2970898900305704,-0.29835938487839103
-0.23460214524719883,-0.2528942088035001,-0.24438724339911702,-0.2752811209682014,-0.31082336711953434,-0.24980755088532863,-0.3218708583007848,-0.3010652172566134,-0.30567481295626153,-0.25747373895738995,-0.25393863545091816,-0.24161416705882233,-0.2759660324606445,-0.3151489154378799,-0.2970898900305704,-0.29835938487839103
-0.23460214524719883,-0.2528942088035001,-0.24438724339911702,-0.2752811209682014,-0.31082336711953434,-0.24980755088532863,-0.3218708583007848,-0.3010652172566134,-0.30567481295626153,-0.25747373895738995,-0.25393863545091816,-0.24161416705882233,-0.2759660324606445,-0.3151489154378799,-0.2970898900305704,-0.29835938487839103
-0.23460214524719883,-0.2528942088035001,-0.24438724339911702,-0.2752811209682014,-0.31082336711953434,-0.24980755088532863,-0.3218708583007848,-0.3010652172566134,-0.30567481295626153,-0.25747373895738995,-0.25393863545091816,-0.24161416705882233,-0.2759660324606445,-0.3151489154378799,-0.2970898900305704,-0.29835938487839103
-0.23460214524719883,-0.2528942088035001,-0.24438724339911702,-0.2752811209682014,-0.31082336711953434,-0.24980755088532863,-0.3218708583007848,-0.3010652172566134,-0.30567481295626153,-0.25747373895738995,-0.25393863545091816,-0.24161416705882233,-0.2759660324606445,-0.3151489154378799,-0.2970898900305704,-0.29835938487839103
-0.23460214524719883,-0.2528942088035001,-0.24438724339911702,-0.2752811209682014,-0.31082336711953434,-0.24980755088532863,-0.3218708583007848,-0.3010652172566134,-0.30567481295626153,-0.25747373895738995,-0.25393863545091816,-0.24161416705882233,-0.2759660324606445,-0.3151489154378799,-0.2970898900305704,-0.29835938487839103
-0.23460214524719883,-0.2528942088035001,-0.24438724339911702,-0.2752811209682014,-0.31082336711953434,-0.24980755088532863,-0.3218708583007848,-0.3010652172566134,-0.30567481295626153,-0.25747373895738995,-0.25393863545091816,-0.24161416705882233,-0.2759660324606445,-0.3151489154378799,-0.2970898900305704,-0.29835938487839103
-0.23460214524719883,-0.2528942088035001,-0.24438724339911702,-0.2752811209682014,-0.31082336711953434,-0.24980755088532863,-0.3218708583007848,-0.3010652172566134,-0.30567481295626153,-0.25747373895738995,-0.25393863545091816,-0.24161416705882233,-0.2759660324606445,-0.3151489154378799,-0.2970898900305704,-0.29835938487839103
-0.23460214524719883,-0.2528942088035001,-0.24438724339911702,-0.2752811209682014,-0.31082336711953434,-0.24980755088532863,-0.3218708583007848,-0.3010652172566134,-0.30567481295626153,-0.25747373895738995,-0.25393863545091816,-0.24161416705882233,-0.2759660324606445,-0.3151489154378799,-0.2970898900305704,-0.29835938487839103
-0.23460214524719883,-0.2528942088035001,-0.24438724339911702,-0.2752811209682014,-0.31082336711953434,-0.24980755088532863,-0.3218708583007848,-0.3010652172566134,-0.30567481295626153,-0.25747373895738995,-0.25393863545091816,-0.24161416705882233,-0.2759660324606445,-0.3151489154378799,-0.2970898900305704,-0.29835938487839103
-0.23460214524719883,-0.2528942088035001,-0.24438724339911702,-0.2752811209682014,-0.31082336711953434,-0.24980755088532863,-0.3218708583007848,-0.3010652172566134,-0.30567481295626153,-0.25747373895738995,-0.25393863545091816,-0.24161416705882233,-0.2759660324606445,-0.3151489154378799,-0.2970898900305704,-0.29835938487839103
-0.23460214524719883,-0.2528942088035001,-0.24438724339911702,-0.2752811209682014,-0.31082336711953434,-0.24980755088532863,-0.3218708583007848,-0.3010652172566134,-0.30567481295626153,-0.25747373895738995,-0.25393863545091816,-0.24161416705882233,-0.2759660324606445,-0.3151489154378799,-0.2970898900305704,-0.29835938487839103
-0.23460214524719883,-0.2528942088035001,-0.24438724339911702,-0.2752811209682014,-0.31082336711953434,-0.24980755088532863,-0.3218708583007848,-0.3010652172566134,-0.30567481295626153,-0.25747373895738995,-0.25393863545091816,-0.24161416705882233,-0.2759660324606445,-0.3151489154378799,-0.2970898900305704,-0.29835938487839103
-0.23460214524719883,-0.2528942088035001,-0.24438724339911702,-0.2752811209682014,-0.31082336711953434,-0.24980755088532863,-0.3218708583007848,-0.3010652172566134,-0.30567481295626153,-0.25747373895738995,-0.25393863545091816,-0.24161416705882233,-0.2759660324606445,-0.3151489154378799,-0.2970898900305704,-0.29835938487839103
-0.23460214524719883,-0.2528942088035001,-0.24438724339911702,-0.2752811209682014,-0.31082336711953434,-0.24980755088532863,-0.3218708583007848,-0.3010652172566134,-0.30567481295626153,-0.25747373895738995,-0.25393863545091816,-0.24161416705882233,-0.2759660324606445,-0.3151489154378799,-0.2970898900305704,-0.29835938487839103
-0.23460214524719883,-0.2528942088035001,-0.24438724339911702,-0.2752811209682014,-0.31082336711953434,-0.24980755088532863,-0.3218708583007848,-0.3010652172566134,-0.30567481295626153,-0.25747373895738995,-0.25393863545091816,-0.24161416705882233,-0.2759660324606445,-0.3151489154378799,-0.2970898900305704,-0.29835938487839103
-0.23460214524719883,-0.2528942088035001,-0.24438724339911702,-0.2752811209682014,-0.31082336711953434,-0.24980755088532863,-0.3218708583007848,-0.3010652172566134,-0.30567481295626153,-0.25747373895738995,-0.25393863545091816,-0.24161416705882233,-0.2759660324606445,-0.3151489154378799,-0.2970898900305704,-0.29835938487839103
-0.23460214524719883,-0.2528942088035001,-0.24438724339911702,-0.2752811209682014,-0.31082336711953434,-0.24980755088532863,-0.3218708583007848,-0.3010652172566134,-0.30567481295626153,-0.25747373895738995,-0.25393863545091816,-0.24161416705882233,-0.2759660324606445,-0.3151489154378799,-0.2970898900305704,-0.29835938487839103
-0.23460214524719883,-0.2528942088035001,-0.24438724339911702,-0.2752811209682014,-0.31082336711953434,-0.24980755088532863,-0.3218708583007848,-0.3010652172566134,-0.30567481295626153,-0.25747373895738995,-0.25393863545091816,-0.24161416705882233,-0.2759660324606445,-0.3151489154378799,-0.2970898900305704,-0.29835938487839103
-0.23460214524719883,-0.2528942088035001,-0.24438724339911702,-0.2752811209682014,-0.31082336711953434,-0.24980755088532863,-0.3218708583007848,-0.3010652172566134,-0.30567481295626153,-0.25747373895738995,-0.25393863545091816,-0.24161416705882233,-0.2759660324606445,-0.3151489154378799,-0.2970898900305704,-0.29835938487839103
-0.23460214524719883,-0.2528942088035001,-0.24438724339911702,-0.2752811209682014,-0.31082336711953434,-0.24980755088532863,-0.3218708583007848,-0.3010652172566134,-0.30567481295626153,-0.25747373895738995,-0.25393863545091816,-0.24161416705882233,-0.2759660324606445,-0.3151489154378799,-0.2970898900305704,-0.29835938487839103
-0.23460214524719883,-0.2528942088035001,-0.24438724339911702,-0.2752811209682014,-0.31082336711953434,-0.24980755088532863,-0.3218708583007848,-0.3010652172566134,-0.30567481295626153,-0.25747373895738995,-0.25393863545091816,-0.24161416705882233,-0.2759660324606445,-0.3151489154378799,-0.2970898900305704,-0.29835938487839103
-1600.0,-1600.0,-1600.0,-1600.0,-1600.0,-1600.0,-1600.0,-1600.0,-1600.0,-1600.0,-1600.0,-1600.0,-1600.0,-1600.0,-1600.0,-1600.0
-0.09215668924365568,-0.07856656523534755,-0.09598696687759353,-0.05102121237653453,-0.1199462046136211,-0.11887475602749119,-0.1367980306102032,-0.10728595454633619,-0.11991799508432652,-0.107039696912615,-0.02130163828251894,0.018368197099510628,-0.0788134755440275,-0.052763621124059135,-0.11981025672544685,-0.16281942213664544
0.05964766299426789,-0.04919376703499234,-0.022649847840033266,0.024886140930851102,-0.015089296957756276,0.015337334121965618,-0.07188428690968714,0.015064736212841216,0.006093611492210113,0.0245318448680431,-0.022373311071361483,0.027965904109540432,0.05891797855855832,-3.5196470893136166E-4,-0.029830406286265203,-0.014078303526860951
0.025659288739808682,-0.03118713461703175,-0.024349261501218328,-0.0017956627060000438,-0.06822466265763014,-0.02791097628810413,-0.06643500598186891,-0.04177568297031477,-0.046203276870045606,0.022640098871455332,-0.016130299941250058,0.005261701988542741,0.03214744501149388,-3.9346246750856395E-4,-0.08175115867878874,-0.01890280429612686
-0.02806397483145163,-0.05398338525187706,-0.05011242943816061,-0.07141205704689317,-0.11821868115210239,-0.08567737522641926,-0.12346944818206533,-0.10083998763029219,-0.0927367284785019,-0.04828976210851009,-0.053092630313843266,-0.05315222679943672,-0.03811313541060621,-0.06202596884582937,-0.09570165621173403,-0.06549129780757891
-0.07029765639005935,-0.08496426905574185,-0.12242292527286676,-0.14219027639814008,-0.16299146764016306,-0.12653889699848006,-0.17105276971452338,-0.16389616637221888,-0.14466383058635407,-0.1039718913543175,-0.0995577827661582,-0.08123196925942021,-0.10416378215848526,-0.1387333470784969,-0.14892554709480457,-0.15722874670360815
-0.12263039785218766,-0.15418270409933083,-0.15051542587998612,-0.17992621741644613,-0.22022753620823204,-0.14394407798739245,-0.2301043633410576,-0.2335363558905012,-0.18595873218333944,-0.15767545827272178,-0.1412023183292048,-0.1532990844849492,-0.1782958429143118,-0.2110867930845094,-0.1922426527963163,-0.21049526275765973
-0.16388908129728252,-0.1813712494111605,-0.17941042333197363,-0.20826697879159123,-0.2476171996167234,-0.18600726475711588,-0.2582114025787549,-0.25341632228647426,-0.23041616645532573,-0.19181128143122284,-0.1850247920428008,-0.17242848609619413,-0.20498936396619327,-0.24739593014107666,-0.20927398201827385,-0.2376675151664809
-0.17289342584137984,-0.21258634415191452,-0.20273722012993695,-0.2485418035044644,-0.2821269267110718,-0.21579022340719775,-0.2794919509681472,-0.27441400195906523,-0.24524634297172448,-0.21444966414041128,-0.2097963801679945,-0.1964244436951264,-0.2299639925647801,-0.25162839352069566,-0.2392046646767863,-0.25494016192219293
-0.20672516010005587,-0.2284772553736233,-0.2292268104913175,-0.25496438399018634,-0.29668945766325533,-0.21944827985679338,-0.2928388546208665,-0.2819118265088271,-0.2687621534091425,-0.23390378995644268,-0.2379308306185814,-0.21242016085223103,-0.261370501608043,-0.2789343121921033,-0.26174777323651144,-0.2831716308128835
-0.2218452966544864,-0.255305530950535,-0.23121314415678038,-0.2662161129055364,-0.30843875979968116,-0.23222536353112083,-0.3016727397338652,-0.2970256456026469,-0.2781983199394605,-0.24219506401958793,-0.2466478848296697,-0.2228660426809819,-0.2740174020928987,-0.2879071299679556,-0.2737363973803038,-0.28865375372617724
-0.2377539993021647,-0.2696613882571476,-0.24952616573319283,-0.2728046248724868,-0.3172881910596829,-0.24402670494315556,-0.3167506796682865,-0.29795521388180907,-0.28438829173353913,-0.2524061844284033,-0.25712585008919153,-0.23039629223004668,-0.2893240723446494,-0.3059534638372983,-0.28209494449966155,-0.2990371885593478
-0.23508882201707693,-0.26484182931043476,-0.24697340436645254,-0.26962918479043047,-0.31497834977087313,-0.2469201744279639,-0.31458311589692567,-0.29835723472607684,-0.2861323332718984,-0.25364384660041167,-0.2543382705049424,-0.23772861507763982,-0.2956156411573417,-0.3030490385372159,-0.28734200425559775,-0.2972744808796831
-0.23499234142557235,-0.2659377653245712,-0.2426519157047838,-0.26677109810110977,-0.31616499291109534,-0.24991109443906867,-0.315911647014302,-0.3021239656687841,-0.28923316074761835,-0.2566734389025511,-0.2565134313350835,-0.24048161823583447,-0.2911015856252578,-0.30658988238384205,-0.29057204451081897,-0.29804745624202084
-0.23380470668454795,-0.26989539860616013,-0.243512310643609,-0.2673359235579376,-0.3164695054072644,-0.25238714004527124,-0.3228407422114741,-0.30315480351171004,-0.28991263970276715,-0.2578707847252483,-0.2566506277924305,-0.24204822609395713,-0.29129074182245734,-0.3073004586065646,-0.28872247754809116,-0.2965535127689475
-0.23604347757487565,-0.268428302574022,-0.24769558970878197,-0.26980125276160954,-0.31971932073925635,-0.2522747946679452,-0.3245699655899914,-0.30194179511913716,-0.2946848298881952,-0.26000677870523003,-0.25388870977325917,-0.2430369902232552,-0.29241191665129534,-0.31169153640793046,-0.2946922643367032,-0.2973841804310659
-0.23574396365829606,-0.2681920495802614,-0.2464646144142413,-0.2690074262913561,-0.3180224387373737,-0.2470183011853362,-0.32546429686046585,-0.3034070581609352,-0.2964241142211327,-0.25959076926552577,-0.2560723483635724,-0.2411994999272308,-0.29250391850306107,-0.3099953611580242,-0.2960544194584278,-0.300274701872286
-0.23574396365829606,-0.2681920495802614,-0.2464646144142413,-0.2690074262913561,-0.3180224387373737,-0.2470183011853362,-0.32546429686046585,-0.3034070581609352,-0.2964241142211327,-0.25959076926552577,-0.2560723483635724,-0.2411994999272308,-0.29250391850306107,-0.3099953611580242,-0.2960544194584278,-0.300274701872286
-0.23574396365829606,-0.2681920495802614,-0.2464646144142413,-0.2690074262913561,-0.3180224387373737,-0.2470183011853362,-0.32546429686046585,-0.3034070581609352,-0.2964241142211327,-0.25959076926552577,-0.2560723483635724,-0.2411994999272308,-0.29250391850306107,-0.3099953611580242,-0.2960544194584278,-0.300274701872286
-0.23574396365829606,-0.2681920495802614,-0.2464646144142413,-0.2690074262913561,-0.3180224387373737,-0.2470183011853362,-0.32546429686046585,-0.3034070581609352,-0.2964241142211327,-0.25959076926552577,-0.2560723483635724,-0.2411994999272308,-0.29250391850306107,-0.3099953611580242,-0.2960544194584278,-0.300274701872286
-0.23574396365829606,-0.2681920495802614,-0.2464646144142413,-0.2690074262913561,-0.3180224387373737,-0.2470183011853362,-0.32546429686046585,-0.3034070581609352,-0.2964241142211327,-0.25959076926552577,-0.2560723483635724,-0.2411994999272308,-0.29250391850306107,-0.3099953611580242,-0.2960544194584278,-0.300274701872286
-0.23574396365829606,-0.2681920495802614,-0.2464646144142413,-0.2690074262913561,-0.3180224387373737,-0.2470183011853362,-0.32546429686046585,-0.3034070581609352,-0.2964241142211327,-0.25959076926552577,-0.2560723483635724,-0.2411994999272308,-0.29250391850306107,-0.3099953611580242,-0.2960544194584278,-0.300274701872286
-0.23574396365829606,-0.2681920495802614,-0.2464646144142413,-0.2690074262913561,-0.3180224387373737,-0.2470183011853362,-0.32546429686046585,-0.3034070581609352,-0.2964241142211327,-0.25959076926552577,-0.2560723483635724,-0.2411994999272308,-0.29250391850306107,-0.3099953611580242,-0.2960544194584278,-0.300274701872286
-0.23574396365829606,-0.2681920495802614,-0.2464646144142413,-0.2690074262913561,-0.3180224387373737,-0.2470183011853362,-0.32546429686046585,-0.3034070581609352,-0.2964241142211327,-0.25959076926552577,-0.2560723483635724,-0.2411994999272308,-0.29250391850306107,-0.3099953611580242,-0.2960544194584278,-0.300274701872286
-0.23574396365829606,-0.2681920495802614,-0.2464646144142413,-0.2690074262913561,-0.3180224387373737,-0.2470183011853362,-0.32546429686046585,-0.3034070581609352,-0.2964241142211327,-0.25959076926552577,-0.2560723483635724,-0.2411994999272308,-0.29250391850306107,-0.3099953611580242,-0.2960544194584278,-0.300274701872286
-0.23574396365829606,-0.2681920495802614,-0.2464646144142413,-0.2690074262913561,-0.3180224387373737,-0.2470183011853362,-0.32546429686046585,-0.3034070581609352,-0.2964241142211327,-0.25959076926552577,-0.2560723483635724,-0.2411994999272308,-0.29250391850306107,-0.3099953611580242,-0.2960544194584278,-0.300274701872286
-0.23574396365829606,-0.2681920495802614,-0.2464646144142413,-0.2690074262913561,-0.3180224387373737,-0.2470183011853362,-0.32546429686046585,-0.3034070581609352,-0.2964241142211327,-0.25959076926552577,-0.2560723483635724,-0.2411994999272308,-0.29250391850306107,-0.3099953611580242,-0.2960544194584278,-0.300274701872286
-0.23574396365829606,-0.2681920495802614,-0.2464646144142413,-0.2690074262913561,-0.3180224387373737,-0.2470183011853362,-0.32546429686046585,-0.3034070581609352,-0.2964241142211327,-0.25959076926552577,-0.2560723483635724,-0.2411994999272308,-0.29250391850306107,-0.3099953611580242,-0.2960544194584278,-0.300274701872286
-0.23574396365829606,-0.2681920495802614,-0.2464646144142413,-0.2690074262913561,-0.3180224387373737,-0.2470183011853362,-0.32546429686046585,-0.3034070581609352,-0.2964241142211327,-0.25959076926552577,-0.2560723483635724,-0.2411994999272308,-0.29250391850306107,-0.3099953611580242,-0.2960544194584278,-0.300274701872286
-0.23574396365829606,-0.2681920495802614,-0.2464646144142413,-0.2690074262913561,-0.3180224387373737,-0.2470183011853362,-0.32546429686046585,-0.3034070581609352,-0.2964241142211327,-0.25959076926552577,-0.2560723483635724,-0.2411994999272308,-0.29250391850306107,-0.3099953611580242,-0.2960544194584278,-0.300274701872286
-0.23574396365829606,-0.2681920495802614,-0.2464646144142413,-0.2690074262913561,-0.3180224387373737,-0.2470183011853362,-0.32546429686046585,-0.3034070581609352,-0.2964241142211327,-0.25959076926552577,-0.2560723483635724,-0.2411994999272308,-0.29250391850306107,-0.3099953611580242,-0.2960544194584278,-0.300274701872286
-0.23574396365829606,-0.2681920495802614,-0.2464646144142413,-0.2690074262913561,-0.3180224387373737,-0.2470183011853362,-0.32546429686046585,-0.3034070581609352,-0.2964241142211327,-0.25959076926552577,-0.2560723483635724,-0.2411994999272308,-0.29250391850306107,-0.3099953611580242,-0.2960544194584278,-0.300274701872286
-0.23574396365829606,-0.2681920495802614,-0.2464646144142413,-0.2690074262913561,-0.3180224387373737,-0.2470183011853362,-0.32546429686046585,-0.3034070581609352,-0.2964241142211327,-0.25959076926552577,-0.2560723483635724,-0.2411994999272308,-0.29250391850306107,-0.3099953611580242,-0.2960544194584278,-0.300274701872286
-0.23574396365829606,-0.2681920495802614,-0.2464646144142413,-0.2690074262913561,-0.3180224387373737,-0.2470183011853362,-0.32546429686046585,-0.3034070581609352,-0.2964241142211327,-0.25959076926552577,-0.2560723483635724,-0.2411994999272308,-0.29250391850306107,-0.3099953611580242,-0.2960544194584278,-0.300274701872286
-0.23574396365829606,-0.2681920495802614,-0.2464646144142413,-0.2690074262913561,-0.3180224387373737,-0.2470183011853362,-0.32546429686046585,-0.3034070581609352,-0.2964241142211327,-0.25959076926552577,-0.2560723483635724,-0.2411994999272308,-0.29250391850306107,-0.3099953611580242,-0.2960544194584278,-0.300274701872286
-0.23574396365829606,-0.2681920495802614,-0.2464646144142413,-0.2690074262913561,-0.3180224387373737,-0.2470183011853362,-0.32546429686046585,-0.3034070581609352,-0.2964241142211327,-0.25959076926552577,-0.2560723483635724,-0.2411994999272308,-0.29250391850306107,-0.3099953611580242,-0.2960544194584278,-0.300274701872286
-0.23574396365829606,-0.2681920495802614,-0.2464646144142413,-0.2690074262913561,-0.3180224387373737,-0.2470183011853362,-0.32546429686046585,-0.3034070581609352,-0.2964241142211327,-0.25959076926552577,-0.2560723483635724,-0.2411994999272308,-0.29250391850306107,-0.3099953611580242,-0.2960544194584278,-0.300274701872286
-0.23574396365829606,-0.2681920495802614,-0.2464646144142413,-0.2690074262913561,-0.3180224387373737,-0.2470183011853362,-0.32546429686046585,-0.3034070581609352,-0.2964241142211327,-0.25959076926552577,-0.2560723483635724,-0.2411994999272308,-0.29250391850306107,-0.3099953611580242,-0.2960544194584278,-0.300274701872286
-0.23574396365829606,-0.2681920495802614,-0.2464646144142413,-0.2690074262913561,-0.3180224387373737,-0.2470183011853362,-0.32546429686046585,-0.3034070581609352,-0.2964241142211327,-0.25959076926552577,-0.2560723483635724,-0.2411994999272308,-0.29250391850306107,-0.3099953611580242,-0.2960544194584278,-0.300274701872286
-0.23574396365829606,-0.2681920495802614,-0.2464646144142413,-0.2690074262913561,-0.3180224387373737,-0.2470183011853362,-0.32546429686046585,-0.3034070581609352,-0.2964241142211327,-0.25959076926552577,-0.2560723483635724,-0.2411994999272308,-0.29250391850306107,-0.3099953611580242,-0.2960544194584278,-0.300274701872286
-0.23574396365829606,-0.2681920495802614,-0.2464646144142413,-0.2690074262913561,-0.3180224387373737,-0.2470183011853362,-0.32546429686046585,-0.3034070581609352,-0.2964241142211327,-0.25959076926552577,-0.2560723483635724,-0.2411994999272308,-0.29250391850306107,-0.3099953611580242,-0.2960544194584278,-0.300274701872286
-1600.0,-1600.0,-1600.0,-1600.0,-1600.0,-1600.0,-1600.0,-1600.0,-1600.0,-1600.0,-1600.0,-1600.0,-1600.0,-1600.0,-1600.0,-1600.0
-0.09575663707604047,-0.08964037217280137,-0.09735304135777907,-0.04943777512268371,-0.11703156820099511,-0.12080062709900348,-0.1327683413920364,-0.10630343956394613,-0.11854930718505814,-0.11179618725227036,-0.023836383205398985,0.017384829374495505,-0.07989528911565887,-0.05130306717586112,-0.11590502237461055,-0.15889335102499652
0.05244666807365358,-0.052463383522002485,-0.027037393077526315,0.025814752286912327,-0.02388788901581898,0.019069877503516897,-0.06711334392781047,0.015949391084521293,0.0049267158384220106,0.02588303122610236,-0.016141503512872007,0.02263822956985387,0.05224468745295957,-0.011005803908557394,-0.030633965906031554,-0.01002410160196559
0.020419032887891028,-0.0401689917592025,-0.016496380126035708,0.0016305789825153873,-0.059254952072477565,-0.022825970502806207,-0.06523005714706359,-0.043092899706014376,-0.04351889539907658,0.02068461554950631,-0.015171980664394565,0.00537517672962151,0.0262429615956822,-0.012613394267481919,-0.07547767961148297,-0.028862709139825183
-0.0420269438974527,-0.05481431878401961,-0.03958199838603992,-0.07554702265880903,-0.11353172096553502,-0.09155563421666235,-0.12771489540470077,-0.10865117767975468,-0.08724864028935797,-0.050126262219987935,-0.05602773571124366,-0.05498388309211477,-0.036978731483854735,-0.06829739640971809,-0.09597832141765024,-0.08138605336193781
-0.08803045651339508,-0.08968304250610158,-0.11544753447907977,-0.14250428785320615,-0.16067435562396498,-0.13364930104096448,-0.16748371158257896,-0.16339490144208593,-0.13907638451502263,-0.1075377905390203,-0.11094485734161168,-0.0885180321327077,-0.1040726373622517,-0.14340945595454263,-0.15239170766033014,-0.1670799789350358
-0.1337474698482217,-0.15559888852822323,-0.14613798454450191,-0.18667296022219082,-0.21638507532754409,-0.1515809887706216,-0.22513938560019783,-0.23219832455669295,-0.1779849486905405,-0.15611588759013587,-0.15135213229470623,-0.1521002508491675,-0.1716755920067087,-0.21379430915488357,-0.18963956328136417,-0.21654372327247248
-0.1765888887991117,-0.1810004463619072,-0.17544718361309794,-0.21256346751225375,-0.25043717208459165,-0.18983366073629443,-0.2542959784240286,-0.25767384060705234,-0.22654942450487453,-0.19359458829701365,-0.19581800771444663,-0.179063570894199,-0.20855328149796462,-0.25275743366112796,-0.20833215548341036,-0.24755446127504444
-0.18513058569168347,-0.20978593171592314,-0.20047715780481393,-0.24638865581743363,-0.2834052048188065,-0.21783255110149927,-0.2705828138111865,-0.2818876167722836,-0.24409321359142078,-0.22013780147789574,-0.2176921611407583,-0.2023674761265144,-0.2331944410997633,-0.2586861717842022,-0.23723564684428863,-0.26145443776308475
-0.21753025817432595,-0.22470630978262224,-0.22427832377677687,-0.2539322866840474,-0.29759393214553187,-0.22296429128266007,-0.28557334461827616,-0.2849768224225847,-0.26846485844989215,-0.23855947334153926,-0.24703426976468773,-0.21950712466488792,-0.2598070310737138,-0.2864076258581721,-0.2597229334488127,-0.28577107918809086
-0.2333215735966498,-0.2523487273391279,-0.22723772539906542,-0.2633506445763639,-0.307031386595416,-0.23423507906590546,-0.2942977910619803,-0.2995636743080208,-0.27929980868653403,-0.24591913995140782,-0.25585961151494707,-0.2297022603915048,-0.27116400794801193,-0.2947461206805581,-0.2698899558709958,-0.2908300953854346
-0.2463373173600499,-0.26447497464436986,-0.2423662659719942,-0.2675794362840565,-0.3097983439016538,-0.24465327535233103,-0.3085823858241743,-0.2967023008635225,-0.28026049419629656,-0.25392040117359493,-0.2670102676246565,-0.23741563634370721,-0.2828735308056664,-0.309352669160882,-0.27494799971315437,-0.29889221762920537
-0.2439386578034708,-0.2601373715923288,-0.240068780741928,-0.26472154021020583,-0.30771948674172495,-0.2472573978886586,-0.3066315784299497,-0.29706411962336365,-0.28183013158082015,-0.25503429712840237,-0.2645014459988325,-0.24401472690654097,-0.28853594273708993,-0.30673868639080787,-0.2796703534934967,-0.2973057807175074
-0.24385182527111685,-0.26112371400505135,-0.23617944094642615,-0.26214926218981716,-0.308787465567925,-0.24994922589865293,-0.30782725643558845,-0.30045417747179975,-0.28462087630896804,-0.25776093020032803,-0.26645909074595936,-0.24649242974891633,-0.2844732927582139,-0.30992544585277154,-0.2825773897231956,-0.2980014585436113
-0.24278295400419464,-0.2646855839584814,-0.23695379639136882,-0.26265760510096225,-0.3090615268144771,-0.25217766694423516,-0.3140634421130433,-0.30138193153043313,-0.28523240736860206,-0.2588385414407555,-0.2665825675575716,-0.2479023768212266,-0.28464353333569364,-0.31056496445322157,-0.2809127794567406,-0.2966569094178451
-0.2447978478054897,-0.26336519752955706,-0.24071874755002454,-0.26487640138426694,-0.3119863606132699,-0.2520765561046418,-0.3156197431537091,-0.3002902239771174,-0.2895273785354873,-0.2607609360227391,-0.2640968413403175,-0.24879226453759487,-0.2856525906816478,-0.3145169344744511,-0.28628558756649153,-0.29740451031375187
-0.24452828528056805,-0.26315256983517255,-0.2396108697849379,-0.26416195756103883,-0.31045916681157554,-0.2473457119702937,-0.31642464129713604,-0.30160896071473575,-0.2910927344351309,-0.2603865275270052,-0.2660621160715994,-0.24713852327117294,-0.2857353923482371,-0.31299037674953556,-0.2875115271760438,-0.3000059796108499
-0.24452828528056805,-0.26315256983517255,-0.2396108697849379,-0.26416195756103883,-0.31045916681157554,-0.2473457119702937,-0.31642464129713604,-0.30160896071473575,-0.2910927344351309,-0.2603865275270052,-0.2660621160715994,-0.24713852327117294,-0.2857353923482371,-0.31299037674953556,-0.2875115271760438,-0.3000059796108499
-0.24452828528056805,-0.26315256983517255,-0.2396108697849379,-0.26416195756103883,-0.31045916681157554,-0.2473457119702937,-0.31642464129713604,-0.30160896071473575,-0.2910927344351309,-0.2603865275270052,-0.2660621160715994,-0.24713852327117294,-0.2857353923482371,-0.31299037674953556,-0.2875115271760438,-0.3000059796108499
-0.24452828528056805,-0.26315256983517255,-0.2396108697849379,-0.26416195756103883,-0.31045916681157554,-0.2473457119702937,-0.31642464129713604,-0.30160896071473575,-0.2910927344351309,-0.2603865275270052,-0.2660621160715994,-0.24713852327117294,-0.2857353923482371,-0.31299037674953556,-0.2875115271760438,-0.3000059796108499
-0.24452828528056805,-0.26315256983517255,-0.2396108697849379,-0.26416195756103883,-0.31045916681157554,-0.2473457119702937,-0.31642464129713604,-0.30160896071473575,-0.2910927344351309,-0.2603865275270052,-0.2660621160715994,-0.24713852327117294,-0.2857353923482371,-0.31299037674953556,-0.2875115271760438,-0.3000059796108499
-0.24452828528056805,-0.26315256983517255,-0.2396108697849379,-0.26416195756103883,-0.31045916681157554,-0.2473457119702937,-0.31642464129713604,-0.30160896071473575,-0.2910927344351309,-0.2603865275270052,-0.2660621160715994,-0.24713852327117294,-0.2857353923482371,-0.31299037674953556,-0.2875115271760438,-0.3000059796108499
-0.24452828528056805,-0.26315256983517255,-0.2396108697849379,-0.26416195756103883,-0.31045916681157554,-0.2473457119702937,-0.31642464129713604,-0.30160896071473575,-0.2910927344351309,-0.2603865275270052,-0.2660621160715994,-0.24713852327117294,-0.2857353923482371,-0.31299037674953556,-0.2875115271760438,-0.3000059796108499
-0.24452828528056805,-0.26315256983517255,-0.2396108697849379,-0.26416195756103883,-0.31045916681157554,-0.2473457119702937,-0.31642464129713604,-0.30160896071473575,-0.2910927344351309,-0.2603865275270052,-0.2660621160715994,-0.24713852327117294,-0.2857353923482371,-0.31299037674953556,-0.2875115271760438,-0.3000059796108499
-0.24452828528056805,-0.26315256983517255,-0.2396108697849379,-0.26416195756103883,-0.31045916681157554,-0.2473457119702937,-0.31642464129713604,-0.30160896071473575,-0.2910927344351309,-0.2603865275270052,-0.2660621160715994,-0.24713852327117294,-0.2857353923482371,-0.31299037674953556,-0.2875115271760438,-0.3000059796108499
-0.24452828528056805,-0.26315256983517255,-0.2396108697849379,-0.26416195756103883,-0.31045916681157554,-0.2473457119702937,-0.31642464129713604,-0.30160896071473575,-0.2910927344351309,-0.2603865275270052,-0.2660621160715994,-0.24713852327117294,-0.2857353923482371,-0.31299037674953556,-0.2875115271760438,-0.3000059796108499
-0.24452828528056805,-0.26315256983517255,-0.2396108697849379,-0.26416195756103883,-0.31045916681157554,-0.2473457119702937,-0.31642464129713604,-0.30160896071473575,-0.2910927344351309,-0.2603865275270052,-0.2660621160715994,-0.24713852327117294,-0.2857353923482371,-0.31299037674953556,-0.2875115271760438,-0.3000059796108499
-0.24452828528056805,-0.26315256983517255,-0.2396108697849379,-0.26416195756103883,-0.31045916681157554,-0.2473457119702937,-0.31642464129713604,-0.30160896071473575,-0.2910927344351309,-0.2603865275270052,-0.2660621160715994,-0.24713852327117294,-0.2857353923482371,-0.31299037674953556,-0.2875115271760438,-0.3000059796108499
-0.24452828528056805,-0.26315256983517255,-0.2396108697849379,-0.26416195756103883,-0.31045916681157554,-0.2473457119702937,-0.31642464129713604,-0.30160896071473575,-0.2910927344351309,-0.2603865275270052,-0.2660621160715994,-0.24713852327117294,-0.2857353923482371,-0.31299037674953556,-0.2875115271760438,-0.3000059796108499
-0.24452828528056805,-0.26315256983517255,-0.2396108697849379,-0.26416195756103883,-0.31045916681157554,-0.2473457119702937,-0.31642464129713604,-0.30160896071473575,-0.2910927344351309,-0.2603865275270052,-0.2660621160715994,-0.24713852327117294,-0.2857353923482371,-0.31299037674953556,-0.2875115271760438,-0.3000059796108499
-0.24452828528056805,-0.26315256983517255,-0.2396108697849379,-0.26416195756103883,-0.31045916681157554,-0.2473457119702937,-0.31642464129713604,-0.30160896071473575,-0.2910927344351309,-0.2603865275270052,-0.2660621160715994,-0.24713852327117294,-0.2857353923482371,-0.31299037674953556,-0.2875115271760438,-0.3000059796108499
-0.24452828528056805,-0.26315256983517255,-0.2396108697849379,-0.26416195756103883,-0.31045916681157554,-0.2473457119702937,-0.31642464129713604,-0.30160896071473575,-0.2910927344351309,-0.2603865275270052,-0.2660621160715994,-0.24713852327117294,-0.2857353923482371,-0.31299037674953556,-0.2875115271760438,-0.3000059796108499
-0.24452828528056805,-0.26315256983517255,-0.2396108697849379,-0.26416195756103883,-0.31045916681157554,-0.2473457119702937,-0.31642464129713604,-0.30160896071473575,-0.2910927344351309,-0.2603865275270052,-0.2660621160715994,-0.24713852327117294,-0.2857353923482371,-0.31299037674953556,-0.2875115271760438,-0.3000059796108499
-0.24452828528056805,-0.26315256983517255,-0.2396108697849379,-0.26416195756103883,-0.31045916681157554,-0.2473457119702937,-0.31642464129713604,-0.30160896071473575,-0.2910927344351309,-0.2603865275270052,-0.2660621160715994,-0.24713852327117294,-0.2857353923482371,-0.31299037674953556,-0.2875115271760438,-0.3000059796108499
-0.24452828528056805,-0.26315256983517255,-0.2396108697849379,-0.26416195756103883,-0.31045916681157554,-0.2473457119702937,-0.31642464129713604,-0.30160896071473575,-0.2910927344351309,-0.2603865275270052,-0.2660621160715994,-0.24713852327117294,-0.2857353923482371,-0.31299037674953556,-0.2875115271760438,-0.3000059796108499
-0.24452828528056805,-0.26315256983517255,-0.2396108697849379,-0.26416195756103883,-0.31045916681157554,-0.2473457119702937,-0.31642464129713604,-0.30160896071473575,-0.2910927344351309,-0.2603865275270052,-0.2660621160715994,-0.24713852327117294,-0.2857353923482371,-0.31299037674953556,-0.2875115271760438,-0.3000059796108499
-0.24452828528056805,-0.26315256983517255,-0.2396108697849379,-0.26416195756103883,-0.31045916681157554,-0.2473457119702937,-0.31642464129713604,-0.30160896071473575,-0.2910927344351309,-0.2603865275270052,-0.2660621160715994,-0.24713852327117294,-0.2857353923482371,-0.31299037674953556,-0.2875115271760438,-0.3000059796108499
-0.24452828528056805,-0.26315256983517255,-0.2396108697849379,-0.26416195756103883,-0.31045916681157554,-0.2473457119702937,-0.31642464129713604,-0.30160896071473575,-0.2910927344351309,-0.2603865275270052,-0.2660621160715994,-0.24713852327117294,-0.2857353923482371,-0.31299037674953556,-0.2875115271760438,-0.3000059796108499
-0.24452828528056805,-0.26315256983517255,-0.2396108697849379,-0.26416195756103883,-0.31045916681157554,-0.2473457119702937,-0.31642464129713604,-0.30160896071473575,-0.2910927344351309,-0.2603865275270052,-0.2660621160715994,-0.24713852327117294,-0.2857353923482371,-0.31299037674953556,-0.2875115271760438,-0.3000059796108499
-0.24452828528056805,-0.26315256983517255,-0.2396108697849379,-0.26416195756103883,-0.31045916681157554,-0.2473457119702937,-0.31642464129713604,-0.30160896071473575,-0.2910927344351309,-0.2603865275270052,-0.2660621160715994,-0.24713852327117294,-0.2857353923482371,-0.31299037674953556,-0.2875115271760438,-0.3000059796108499
-0.24452828528056805,-0.26315256983517255,-0.2396108697849379,-0.26416195756103883,-0.31045916681157554,-0.2473457119702937,-0.31642464129713604,-0.30160896071473575,-0.2910927344351309,-0.2603865275270052,-0.2660621160715994,-0.24713852327117294,-0.2857353923482371,-0.31299037674953556,-0.2875115271760438,-0.3000059796108499
